Timestamp,Time,Time_gen,SN,V_radshort,V_radtotal,V_housing,VTC2,V_diode,V_probe,PumpStatus,SetPower,Power,Reflected-power,power_flag,antenna_cooling_flag,switch_cooling_flag
19/08/25 14:20:01,459.418,703710,SHK0000001,2069,2071,802,4095,4095,4095,0,0,0,0,0,0,0
19/08/25 14:20:02,460.416,703710,SHK0000001,2072,2072,802,4095,4095,4095,0,0,0,0,0,0,0
19/08/25 14:20:03,461.425,703710,SHK0000001,2076,2073,803,4095,4095,4095,0,0,0,0,0,0,0
19/08/25 14:20:04,462.416,703710,SHK0000001,2067,2072,802,4095,4095,4095,0,0,0,0,0,0,0
19/08/25 14:20:05,463.423,703710,SHK0000001,2069,2072,803,4095,4095,4095,0,0,0,0,0,0,0
19/08/25 14:20:06,464.416,703710,SHK0000001,2068,2072,804,4095,4095,4095,0,0,0,0,0,0,0
19/08/25 14:20:07,465.422,703710,SHK0000001,2069,2068,802,4095,4095,4095,0,0,0,0,0,0,0
19/08/25 14:20:08,466.411,703710,SHK0000001,2073,2074,804,4095,4095,4095,0,0,0,0,0,0,0
19/08/25 14:20:09,467.417,703710,SHK0000001,2076,2068,804,4095,4095,4095,0,0,0,0,0,0,0
19/08/25 14:20:10,468.41,703710,SHK0000001,2065,2067,802,4095,4095,4095,0,0,0,0,0,0,0
19/08/25 14:20:11,469.42,703710,SHK0000001,2083,2063,804,4095,4095,4095,0,0,0,0,0,0,0
19/08/25 14:20:12,470.407,703710,SHK0000001,2078,2075,803,4095,4095,4095,0,0,0,0,0,0,0
19/08/25 14:20:13,471.42,703710,SHK0000001,2073,2068,803,4095,4095,4095,0,0,0,0,0,0,0
19/08/25 14:20:14,472.413,703710,SHK0000001,2073,2068,805,4095,4095,4095,0,0,0,0,0,0,0
19/08/25 14:20:15,473.418,703710,SHK0000001,2070,2069,804,4095,4095,4095,0,0,0,0,0,0,0
19/08/25 14:20:16,474.409,703710,SHK0000001,2072,2070,805,4095,4095,4095,0,0,0,0,0,0,0
19/08/25 14:20:17,475.419,703710,SHK0000001,2073,2069,806,4095,4095,4095,0,0,0,0,0,0,0
19/08/25 14:20:18,476.407,703710,SHK0000001,2068,2072,804,4095,4095,4095,0,0,0,0,0,0,0
19/08/25 14:20:19,477.415,703710,SHK0000001,2075,2072,804,4095,4095,4095,0,0,0,0,0,0,0
19/08/25 14:20:20,478.413,703710,SHK0000001,2073,2069,806,4095,4095,4095,0,0,0,0,0,0,0
19/08/25 14:20:21,479.421,703710,SHK0000001,2073,2066,803,4095,4095,4095,0,0,0,0,0,0,0
19/08/25 14:20:22,480.41,703710,SHK0000001,2072,2075,806,4095,4095,4095,0,0,0,0,0,0,0
19/08/25 14:20:23,481.418,703710,SHK0000001,2075,2075,807,4095,4095,4095,0,0,0,0,0,0,0
19/08/25 14:20:24,482.407,703710,SHK0000001,2075,2074,804,4095,4095,4095,0,0,0,0,0,0,0
19/08/25 14:20:25,483.425,703710,SHK0000001,2073,2069,807,4095,4095,4095,0,0,0,0,0,0,0
19/08/25 14:20:26,484.417,703710,SHK0000001,2072,2070,806,4095,4095,4095,0,0,0,0,0,0,0
19/08/25 14:20:27,485.425,703710,SHK0000001,2072,2072,805,4095,4095,4095,0,0,0,0,0,0,0
19/08/25 14:20:28,486.416,703710,SHK0000001,2073,2069,806,4095,4095,4095,0,0,0,0,0,0,0
19/08/25 14:20:29,487.424,703710,SHK0000001,2068,2074,806,4095,4095,4095,0,0,0,0,0,0,0
19/08/25 14:20:30,488.413,703710,SHK0000001,2072,2075,805,4095,4095,4095,0,0,0,0,0,0,0
19/08/25 14:20:31,489.419,703710,SHK0000001,2071,2072,807,4095,4095,4095,0,0,0,0,0,0,0
19/08/25 14:20:32,490.406,703710,SHK0000001,2068,2073,805,4095,4095,4095,0,0,0,0,0,0,0
19/08/25 14:20:33,491.424,703710,SHK0000001,2079,2069,806,4095,4095,4095,0,0,0,0,0,0,0
19/08/25 14:20:34,492.412,703710,SHK0000001,2076,2075,807,4095,4095,4095,0,0,0,0,0,0,0
19/08/25 14:20:35,493.414,703710,SHK0000001,2076,2072,806,4095,4095,4095,0,0,0,0,0,0,0
19/08/25 14:20:36,494.412,703710,SHK0000001,2070,2066,807,4095,4095,4095,0,0,0,0,0,0,0
19/08/25 14:20:37,495.423,703710,SHK0000001,2075,2066,806,4095,4095,4095,0,0,0,0,0,0,0
19/08/25 14:20:38,496.411,703710,SHK0000001,2068,2075,806,4095,4095,4095,0,0,0,0,0,0,0
19/08/25 14:20:39,497.422,703710,SHK0000001,2068,2071,807,4095,4095,4095,0,0,0,0,0,0,0
19/08/25 14:20:40,498.415,703710,SHK0000001,2075,2068,807,4095,4095,4095,0,0,0,0,0,0,0
19/08/25 14:20:41,499.417,703710,SHK0000001,2070,2075,806,4095,4095,4095,0,0,0,0,0,0,0
19/08/25 14:20:42,500.415,703710,SHK0000001,2073,2076,808,4095,4095,4095,0,0,0,0,0,0,0
19/08/25 14:20:43,501.423,703710,SHK0000001,2071,2066,807,4095,4095,4095,0,0,0,0,0,0,0
19/08/25 14:20:44,502.416,703710,SHK0000001,2070,2067,807,4095,4095,4095,0,0,0,0,0,0,0
19/08/25 14:20:45,503.423,703710,SHK0000001,2076,2077,807,4095,4095,4095,0,0,0,0,0,0,0
19/08/25 14:20:46,504.413,703710,SHK0000001,2070,2067,806,4095,4095,4095,0,0,0,0,0,0,0
19/08/25 14:20:47,505.417,703710,SHK0000001,2075,2076,806,4095,4095,4095,0,0,0,0,0,0,0
19/08/25 14:20:48,506.413,703710,SHK0000001,2072,2072,809,4095,4095,4095,0,0,0,0,0,0,0
19/08/25 14:20:49,507.42,703710,SHK0000001,2070,2074,806,4095,4095,4095,0,0,0,0,0,0,0
19/08/25 14:20:50,508.412,703710,SHK0000001,2077,2070,809,4095,4095,4095,0,0,0,0,0,0,0
19/08/25 14:20:51,509.418,703710,SHK0000001,2069,2074,808,4095,4095,4095,0,0,0,0,0,0,0
19/08/25 14:20:52,510.41,703710,SHK0000001,2078,2073,807,4095,4095,4095,0,0,0,0,0,0,0
19/08/25 14:20:53,511.414,703710,SHK0000001,2070,2074,809,4095,4095,4095,0,0,0,0,0,0,0
19/08/25 14:20:54,512.416,703710,SHK0000001,2071,2075,809,4095,4095,4095,0,0,0,0,0,0,0
19/08/25 14:20:55,513.42,703710,SHK0000001,2066,2072,807,4095,4095,4095,0,0,0,0,0,0,0
19/08/25 14:20:56,514.412,703710,SHK0000001,2065,2078,809,4095,4095,4095,0,0,0,0,0,0,0
19/08/25 14:20:57,515.419,703710,SHK0000001,2075,2071,808,4095,4095,4095,0,0,0,0,0,0,0
19/08/25 14:20:58,516.407,703710,SHK0000001,2073,2069,808,4095,4095,4095,0,0,0,0,0,0,0
19/08/25 14:20:59,517.42,703710,SHK0000001,2068,2074,809,4095,4095,4095,0,0,0,0,0,0,0
19/08/25 14:21:00,518.411,703710,SHK0000001,2071,2072,808,4095,4095,4095,0,0,0,0,0,0,0
19/08/25 14:21:01,519.415,703710,SHK0000001,2073,2070,808,4095,4095,4095,0,0,0,0,0,0,0
19/08/25 14:21:02,520.412,703710,SHK0000001,2067,2075,809,4095,4095,4095,0,0,0,0,0,0,0
19/08/25 14:21:03,521.417,703710,SHK0000001,2068,2069,808,4095,4095,4095,0,0,0,0,0,0,0
19/08/25 14:21:04,522.408,703710,SHK0000001,2078,2072,809,4095,4095,4095,0,0,0,0,0,0,0
19/08/25 14:21:05,523.423,703710,SHK0000001,2064,2071,809,4095,4095,4095,0,0,0,0,0,0,0
19/08/25 14:21:06,524.407,703710,SHK0000001,2071,2073,807,4095,4095,4095,0,0,0,0,0,0,0
19/08/25 14:21:07,525.421,703710,SHK0000001,2077,2071,809,4095,4095,4095,0,0,0,0,0,0,0
19/08/25 14:21:08,526.416,703710,SHK0000001,2069,2069,809,4095,4095,4095,0,0,0,0,0,0,0
19/08/25 14:21:09,527.423,703710,SHK0000001,2067,2077,808,4095,4095,4095,0,0,0,0,0,0,0
19/08/25 14:21:10,528.414,703710,SHK0000001,2069,2069,808,4095,4095,4095,0,0,0,0,0,0,0
19/08/25 14:21:11,529.415,703710,SHK0000001,2073,2076,809,4095,4095,4095,0,0,0,0,0,0,0
19/08/25 14:21:12,530.412,703710,SHK0000001,2081,2072,808,4095,4095,4095,0,0,0,0,0,0,0
19/08/25 14:21:13,531.424,703710,SHK0000001,2072,2069,810,4095,4095,4095,0,0,0,0,0,0,0
19/08/25 14:21:14,532.409,703710,SHK0000001,2075,2080,809,4095,4095,4095,0,0,0,0,0,0,0
19/08/25 14:21:15,533.422,703710,SHK0000001,2068,2071,808,4095,4095,4095,0,0,0,0,0,0,0
19/08/25 14:21:16,534.406,703710,SHK0000001,2063,2072,809,4095,4095,4095,0,0,0,0,0,0,0
19/08/25 14:21:17,535.419,703710,SHK0000001,2078,2069,808,4095,4095,4095,0,0,0,0,0,0,0
19/08/25 14:21:18,536.413,703710,SHK0000001,2072,2072,808,4095,4095,4095,0,0,0,0,0,0,0
19/08/25 14:21:19,537.418,703710,SHK0000001,2065,2075,810,4095,4095,4095,0,0,0,0,0,0,0
19/08/25 14:21:20,538.416,703710,SHK0000001,2070,2070,809,4095,4095,4095,0,0,0,0,0,0,0
19/08/25 14:21:21,539.415,703710,SHK0000001,2073,2079,810,4095,4095,4095,0,0,0,0,0,0,0
19/08/25 14:21:22,540.411,703710,SHK0000001,2078,2065,810,4095,4095,4095,0,0,0,0,0,0,0
19/08/25 14:21:23,541.415,703710,SHK0000001,2069,2069,809,4095,4095,4095,0,0,0,0,0,0,0
19/08/25 14:21:24,542.415,703710,SHK0000001,2070,2070,811,4095,4095,4095,0,0,0,0,0,0,0
19/08/25 14:21:25,543.422,703710,SHK0000001,2068,2069,811,4095,4095,4095,0,0,0,0,0,0,0
19/08/25 14:21:26,544.412,703710,SHK0000001,2071,2067,809,4095,4095,4095,0,0,0,0,0,0,0
19/08/25 14:21:27,545.421,703710,SHK0000001,2068,2068,811,4095,4095,4095,0,0,0,0,0,0,0
19/08/25 14:21:28,546.409,703710,SHK0000001,2079,2073,811,4095,4095,4095,0,0,0,0,0,0,0
19/08/25 14:21:29,547.419,703710,SHK0000001,2072,2078,809,4095,4095,4095,0,0,0,0,0,0,0
19/08/25 14:21:30,548.413,703710,SHK0000001,2071,2077,811,4095,4095,4095,0,0,0,0,0,0,0
19/08/25 14:21:31,549.414,703710,SHK0000001,2074,2072,810,4095,4095,4095,0,0,0,0,0,0,0
19/08/25 14:21:32,550.415,703710,SHK0000001,2072,2077,810,4095,4095,4095,0,0,0,0,0,0,0
19/08/25 14:21:33,551.418,703710,SHK0000001,2073,2069,812,4095,4095,4095,0,0,0,0,0,0,0
19/08/25 14:21:34,552.413,703710,SHK0000001,2074,2073,811,4095,4095,4095,0,0,0,0,0,0,0
19/08/25 14:21:35,553.416,703710,SHK0000001,2072,2070,812,4095,4095,4095,0,0,0,0,0,0,0
19/08/25 14:21:36,554.414,703710,SHK0000001,2073,2063,812,4095,4095,4095,0,0,0,0,0,0,0
19/08/25 14:21:37,555.42,703710,SHK0000001,2074,2076,810,4095,4095,4095,0,0,0,0,0,0,0
19/08/25 14:21:38,556.416,703710,SHK0000001,2068,2075,812,4095,4095,4095,0,0,0,0,0,0,0
19/08/25 14:21:39,557.421,703710,SHK0000001,2073,2068,812,4095,4095,4095,0,0,0,0,0,0,0
19/08/25 14:21:40,558.416,703710,SHK0000001,2081,2071,810,4095,4095,4095,0,0,0,0,0,0,0
19/08/25 14:21:41,559.42,703710,SHK0000001,2073,2075,813,4095,4095,4095,0,0,0,0,0,0,0
19/08/25 14:21:42,560.409,703710,SHK0000001,2074,2081,811,4095,4095,4095,0,0,0,0,0,0,0
19/08/25 14:21:43,561.423,703710,SHK0000001,2073,2073,811,4095,4095,4095,0,0,0,0,0,0,0
19/08/25 14:21:44,562.408,703710,SHK0000001,2069,2071,814,4095,4095,4095,0,0,0,0,0,0,0
19/08/25 14:21:45,563.414,703710,SHK0000001,2073,2070,812,4095,4095,4095,0,0,0,0,0,0,0
19/08/25 14:21:46,564.406,703710,SHK0000001,2074,2074,812,4095,4095,4095,0,0,0,0,0,0,0
19/08/25 14:21:47,565.42,703710,SHK0000001,2072,2079,813,4095,4095,4095,0,0,0,0,0,0,0
19/08/25 14:21:48,566.416,703710,SHK0000001,2072,2077,811,4095,4095,4095,0,0,0,0,0,0,0
19/08/25 14:21:49,567.416,703710,SHK0000001,2070,2073,812,4095,4095,4095,0,0,0,0,0,0,0
19/08/25 14:22:24,602.331,703710,SHK0000001,2073,2076,815,4095,4095,4095,0,0,0,0,0,0,0
19/08/25 14:22:25,603.331,703710,SHK0000001,2079,2072,816,4095,4095,4095,0,0,0,0,0,0,0
19/08/25 14:22:26,604.334,703710,SHK0000001,2071,2080,817,4095,4095,4095,0,0,0,0,0,0,0
19/08/25 14:22:27,605.327,703710,SHK0000001,2070,2070,816,4095,4095,4095,0,0,0,0,0,0,0
19/08/25 14:22:28,606.331,703710,SHK0000001,2077,2076,816,4095,4095,4095,0,0,0,0,0,0,0
19/08/25 14:22:29,607.327,703710,SHK0000001,2068,2073,817,4095,4095,4095,0,0,0,0,0,0,0
19/08/25 14:22:30,608.329,703710,SHK0000001,2079,2076,816,4095,4095,4095,0,0,0,0,0,0,0
19/08/25 14:22:31,609.325,703710,SHK0000001,2072,2079,816,4095,4095,4095,0,0,0,0,0,0,0
19/08/25 14:22:32,610.337,703710,SHK0000001,2073,2074,818,4095,4095,4095,0,0,0,0,0,0,0
19/08/25 14:22:33,611.327,703710,SHK0000001,2075,2072,815,4095,4095,4095,0,0,0,0,0,0,0
19/08/25 14:22:34,612.328,703710,SHK0000001,2075,2070,816,4095,4095,4095,0,0,0,0,0,0,0
19/08/25 14:22:35,613.329,703710,SHK0000001,2076,2070,817,4095,4095,4095,0,0,0,0,0,0,0
19/08/25 14:22:36,614.328,703710,SHK0000001,2073,2078,816,4095,4095,4095,0,0,0,0,0,0,0
19/08/25 14:22:37,615.32,703710,SHK0000001,2076,2079,817,4095,4095,4095,0,0,0,0,0,0,0
19/08/25 14:22:38,616.335,703710,SHK0000001,2072,2081,818,4095,4095,4095,0,0,0,0,0,0,0
19/08/25 14:22:39,617.327,703710,SHK0000001,2073,2071,815,4095,4095,4095,0,0,0,0,0,0,0
19/08/25 14:22:40,618.336,703710,SHK0000001,2075,2081,819,4095,4095,4095,0,0,0,0,0,0,0
19/08/25 14:22:41,619.325,703710,SHK0000001,2071,2075,816,4095,4095,4095,0,0,0,0,0,0,0
19/08/25 14:22:42,620.327,703710,SHK0000001,2076,2074,817,4095,4095,4095,0,0,0,0,0,0,0
19/08/25 14:22:43,621.321,703710,SHK0000001,2082,2072,818,4095,4095,4095,0,0,0,0,0,0,0
19/08/25 14:22:44,622.333,703710,SHK0000001,2071,2073,816,4095,4095,4095,0,0,0,0,0,0,0
19/08/25 14:22:45,623.321,703710,SHK0000001,2075,2078,818,4095,4095,4095,0,0,0,0,0,0,0
19/08/25 14:22:46,624.328,703710,SHK0000001,2071,2071,819,4095,4095,4095,0,0,0,0,0,0,0
19/08/25 14:22:47,625.329,703710,SHK0000001,2068,2076,817,4095,4095,4095,0,0,0,0,0,0,0
19/08/25 14:22:48,626.332,703710,SHK0000001,2071,2068,819,4095,4095,4095,0,0,0,0,0,0,0
19/08/25 14:22:49,627.32,703710,SHK0000001,2077,2076,819,4095,4095,4095,0,0,0,0,0,0,0
19/08/25 14:22:50,628.336,703710,SHK0000001,2078,2069,818,4095,4095,4095,0,0,0,0,0,0,0
19/08/25 14:22:51,629.329,703710,SHK0000001,2075,2078,820,4095,4095,4095,0,0,0,0,0,0,0
19/08/25 14:22:52,630.332,703710,SHK0000001,2074,2079,819,4095,4095,4095,0,0,0,0,0,0,0
19/08/25 14:22:53,631.323,703710,SHK0000001,2076,2082,818,4095,4095,4095,0,0,0,0,0,0,0
19/08/25 14:22:54,632.336,703710,SHK0000001,2078,2075,820,4095,4095,4095,0,0,0,0,0,0,0
19/08/25 14:22:55,633.325,703710,SHK0000001,2070,2079,819,4095,4095,4095,0,0,0,0,0,0,0
19/08/25 14:22:56,634.337,703710,SHK0000001,2075,2069,819,4095,4095,4095,0,0,0,0,0,0,0
19/08/25 14:22:57,635.326,703710,SHK0000001,2076,2074,820,4095,4095,4095,0,0,0,0,0,0,0
19/08/25 14:22:58,636.335,703710,SHK0000001,2080,2074,819,4095,4095,4095,0,0,0,0,0,0,0
19/08/25 14:22:59,637.327,703710,SHK0000001,2074,2076,821,4095,4095,4095,0,0,0,0,0,0,0
19/08/25 14:23:00,638.328,703710,SHK0000001,2077,2077,821,4095,4095,4095,0,0,0,0,0,0,0
19/08/25 14:23:01,639.32,703710,SHK0000001,2071,2072,819,4095,4095,4095,0,0,0,0,0,0,0
19/08/25 14:23:02,640.338,703710,SHK0000001,2072,2073,820,4095,4095,4095,0,0,0,0,0,0,0
19/08/25 14:23:03,641.32,703710,SHK0000001,2072,2074,821,4095,4095,4095,0,0,0,0,0,0,0
19/08/25 14:23:04,642.331,703710,SHK0000001,2070,2068,819,4095,4095,4095,0,0,0,0,0,0,0
19/08/25 14:23:05,643.325,703710,SHK0000001,2074,2077,821,4095,4095,4095,0,0,0,0,0,0,0
19/08/25 14:23:06,644.335,703710,SHK0000001,2065,2067,820,4095,4095,4095,0,0,0,0,0,0,0
19/08/25 14:23:07,645.326,703710,SHK0000001,2079,2077,819,4095,4095,4095,0,0,0,0,0,0,0
19/08/25 14:23:08,646.333,703710,SHK0000001,2070,2072,822,4095,4095,4095,0,0,0,0,0,0,0
19/08/25 14:23:09,647.323,703710,SHK0000001,2080,2070,821,4095,4095,4095,0,0,0,0,0,0,0
19/08/25 14:23:10,648.33,703710,SHK0000001,2076,2077,820,4095,4095,4095,0,0,0,0,0,0,0
19/08/25 14:23:11,649.326,703710,SHK0000001,2078,2072,822,4095,4095,4095,0,0,0,0,0,0,0
19/08/25 14:23:12,650.338,703710,SHK0000001,2072,2078,820,4095,4095,4095,0,0,0,0,0,0,0
19/08/25 14:23:13,651.32,703710,SHK0000001,2078,2079,820,4095,4095,4095,0,0,0,0,0,0,0
19/08/25 14:23:14,652.335,703710,SHK0000001,2076,2073,823,4095,4095,4095,0,0,0,0,0,0,0
19/08/25 14:23:15,653.323,703710,SHK0000001,2066,2078,820,4095,4095,4095,0,0,0,0,0,0,0
19/08/25 14:23:16,654.329,703710,SHK0000001,2081,2071,821,4095,4095,4095,0,0,0,0,0,0,0
19/08/25 14:23:17,655.322,703710,SHK0000001,2076,2071,822,4095,4095,4095,0,0,0,0,0,0,0
19/08/25 14:23:18,656.331,703710,SHK0000001,2071,2078,821,4095,4095,4095,0,0,0,0,0,0,0
19/08/25 14:23:19,657.33,703710,SHK0000001,2075,2081,823,4095,4095,4095,0,0,0,0,0,0,0
19/08/25 14:23:20,658.329,703710,SHK0000001,2069,2076,822,4095,4095,4095,0,0,0,0,0,0,0
19/08/25 14:23:21,659.32,703710,SHK0000001,2074,2079,821,4095,4095,4095,0,0,0,0,0,0,0
19/08/25 14:23:22,660.328,703710,SHK0000001,2081,2077,823,4095,4095,4095,0,0,0,0,0,0,0
19/08/25 14:23:23,661.322,703710,SHK0000001,2076,2082,821,4095,4095,4095,0,0,0,0,0,0,0
19/08/25 14:23:24,662.331,703710,SHK0000001,2069,2068,821,4095,4095,4095,0,0,0,0,0,0,0
19/08/25 14:23:25,663.33,703710,SHK0000001,2071,2078,823,4095,4095,4095,0,0,0,0,0,0,0
19/08/25 14:23:26,664.332,703710,SHK0000001,2075,2075,823,4095,4095,4095,0,0,0,0,0,0,0
19/08/25 14:23:27,665.32,703710,SHK0000001,2073,2073,823,4095,4095,4095,0,0,0,0,0,0,0
19/08/25 14:23:28,666.334,703710,SHK0000001,2082,2074,823,4095,4095,4095,0,0,0,0,0,0,0
19/08/25 14:23:29,667.326,703710,SHK0000001,2076,2069,821,4095,4095,4095,0,0,0,0,0,0,0
19/08/25 14:23:30,668.333,703710,SHK0000001,2075,2078,822,4095,4095,4095,0,0,0,0,0,0,0
19/08/25 14:23:31,669.324,703710,SHK0000001,2075,2075,823,4095,4095,4095,0,0,0,0,0,0,0
19/08/25 14:23:32,670.334,703710,SHK0000001,2075,2069,822,4095,4095,4095,0,0,0,0,0,0,0
19/08/25 14:23:33,671.32,703710,SHK0000001,2073,2073,823,4095,4095,4095,0,0,0,0,0,0,0
19/08/25 14:23:34,672.327,703710,SHK0000001,2073,2077,824,4095,4095,4095,0,0,0,0,0,0,0
19/08/25 14:23:35,673.328,703710,SHK0000001,2076,2080,822,4095,4095,4095,0,0,0,0,0,0,0
19/08/25 14:23:36,674.332,703710,SHK0000001,2072,2078,824,4095,4095,4095,0,0,0,0,0,0,0
19/08/25 14:23:37,675.322,703710,SHK0000001,2075,2070,823,4095,4095,4095,0,0,0,0,0,0,0
19/08/25 14:23:38,676.329,703710,SHK0000001,2072,2076,823,4095,4095,4095,0,0,0,0,0,0,0
19/08/25 14:23:39,677.327,703710,SHK0000001,2074,2073,825,4095,4095,4095,0,0,0,0,0,0,0
19/08/25 14:23:40,678.327,703710,SHK0000001,2074,2069,823,4095,4095,4095,0,0,0,0,0,0,0
19/08/25 14:23:41,679.327,703710,SHK0000001,2074,2071,824,4095,4095,4095,0,0,0,0,0,0,0
19/08/25 14:23:42,680.328,703710,SHK0000001,2066,2071,825,4095,4095,4095,0,0,0,0,0,0,0
19/08/25 14:23:43,681.321,703710,SHK0000001,2073,2080,824,4095,4095,4095,0,0,0,0,0,0,0
19/08/25 14:23:44,682.334,703710,SHK0000001,2075,2075,824,4095,4095,4095,0,0,0,0,0,0,0
19/08/25 14:23:45,683.327,703710,SHK0000001,2077,2075,825,4095,4095,4095,0,0,0,0,0,0,0
19/08/25 14:23:46,684.337,703710,SHK0000001,2076,2074,823,4095,4095,4095,0,0,0,0,0,0,0
19/08/25 14:23:47,685.327,703710,SHK0000001,2073,2073,824,4095,4095,4095,0,0,0,0,0,0,0
19/08/25 14:23:48,686.328,703710,SHK0000001,2078,2077,824,4095,4095,4095,0,0,0,0,0,0,0
19/08/25 14:23:49,687.326,703710,SHK0000001,2074,2078,823,4095,4095,4095,0,0,0,0,0,0,0
19/08/25 14:23:50,688.333,703710,SHK0000001,2075,2078,825,4095,4095,4095,0,0,0,0,0,0,0
19/08/25 14:23:51,689.321,703710,SHK0000001,2074,2067,825,4095,4095,4095,0,0,0,0,0,0,0
19/08/25 14:23:52,690.335,703710,SHK0000001,2076,2076,824,4095,4095,4095,0,0,0,0,0,0,0
19/08/25 14:23:53,691.321,703710,SHK0000001,2072,2074,826,4095,4095,4095,0,0,0,0,0,0,0
19/08/25 14:23:54,692.333,703710,SHK0000001,2078,2073,825,4095,4095,4095,0,0,0,0,0,0,0
19/08/25 14:23:55,693.326,703710,SHK0000001,2068,2074,824,4095,4095,4095,0,0,0,0,0,0,0
19/08/25 14:23:56,694.337,703710,SHK0000001,2072,2074,827,4095,4095,4095,0,0,0,0,0,0,0
19/08/25 14:23:57,695.325,703710,SHK0000001,2076,2073,824,4095,4095,4095,0,0,0,0,0,0,0
19/08/25 14:23:58,696.328,703710,SHK0000001,2075,2072,825,4095,4095,4095,0,0,0,0,0,0,0
19/08/25 14:23:59,697.327,703710,SHK0000001,2071,2070,826,4095,4095,4095,0,0,0,0,0,0,0
19/08/25 14:24:00,698.33,703710,SHK0000001,2070,2080,825,4095,4095,4095,0,0,0,0,0,0,0
19/08/25 14:24:01,699.324,703710,SHK0000001,2075,2073,826,4095,4095,4095,0,0,0,0,0,0,0
19/08/25 14:24:02,700.33,703710,SHK0000001,2079,2078,827,4095,4095,4095,0,0,0,0,0,0,0
19/08/25 14:24:03,701.326,703710,SHK0000001,2077,2071,825,4095,4095,4095,0,0,0,0,0,0,0
19/08/25 14:24:04,702.333,703710,SHK0000001,2076,2075,827,4095,4095,4095,0,0,0,0,0,0,0
19/08/25 14:24:05,703.319,703710,SHK0000001,2073,2080,828,4095,4095,4095,0,0,0,0,0,0,0
19/08/25 14:24:06,704.336,703710,SHK0000001,2079,2076,826,4095,4095,4095,0,0,0,0,0,0,0
19/08/25 14:24:07,705.322,703710,SHK0000001,2079,2071,828,4095,4095,4095,0,0,0,0,0,0,0
19/08/25 14:24:08,706.33,703710,SHK0000001,2076,2077,826,4095,4095,4095,0,0,0,0,0,0,0
19/08/25 14:24:09,707.328,703710,SHK0000001,2076,2076,827,4095,4095,4095,0,0,0,0,0,0,0
19/08/25 14:24:10,708.335,703710,SHK0000001,2075,2073,828,4095,4095,4095,0,0,0,0,0,0,0
19/08/25 14:24:11,709.327,703710,SHK0000001,2075,2079,826,4095,4095,4095,0,0,0,0,0,0,0
19/08/25 14:24:12,710.332,703710,SHK0000001,2079,2078,827,4095,4095,4095,0,0,0,0,0,0,0
19/08/25 14:24:13,711.326,703710,SHK0000001,2071,2075,828,4095,4095,4095,0,0,0,0,0,0,0
19/08/25 14:24:14,712.332,703710,SHK0000001,2079,2071,827,4095,4095,4095,0,0,0,0,0,0,0
19/08/25 14:24:15,713.319,703710,SHK0000001,2070,2078,827,4095,4095,4095,0,0,0,0,0,0,0
19/08/25 14:24:16,714.336,703710,SHK0000001,2068,2072,829,4095,4095,4095,0,0,0,0,0,0,0
19/08/25 14:24:17,715.327,703710,SHK0000001,2076,2072,826,4095,4095,4095,0,0,0,0,0,0,0
19/08/25 14:24:18,716.335,703710,SHK0000001,2075,2071,828,4095,4095,4095,0,0,0,0,0,0,0
19/08/25 14:24:19,717.323,703710,SHK0000001,2073,2076,828,4095,4095,4095,0,0,0,0,0,0,0
19/08/25 14:24:20,718.336,703710,SHK0000001,2069,2067,826,4095,4095,4095,0,0,0,0,0,0,0
19/08/25 14:24:21,719.327,703710,SHK0000001,2070,2083,827,4095,4095,4095,0,0,0,0,0,0,0
19/08/25 14:24:22,720.33,703710,SHK0000001,2071,2072,828,4095,4095,4095,0,0,0,0,0,0,0
19/08/25 14:24:23,721.328,703710,SHK0000001,2079,2075,827,4095,4095,4095,0,0,0,0,0,0,0
19/08/25 14:24:24,722.336,703710,SHK0000001,2077,2068,829,4095,4095,4095,0,0,0,0,0,0,0
19/08/25 14:24:25,723.326,703710,SHK0000001,2071,2081,828,4095,4095,4095,0,0,0,0,0,0,0
19/08/25 14:24:26,724.33,703710,SHK0000001,2069,2077,827,4095,4095,4095,0,0,0,0,0,0,0
19/08/25 14:24:27,725.327,703710,SHK0000001,2075,2080,830,4095,4095,4095,0,0,0,0,0,0,0
19/08/25 14:24:28,726.337,703710,SHK0000001,2074,2074,827,4095,4095,4095,0,0,0,0,0,0,0
19/08/25 14:24:29,727.328,703710,SHK0000001,2072,2078,828,4095,4095,4095,0,0,0,0,0,0,0
19/08/25 14:24:30,728.331,703710,SHK0000001,2067,2076,830,4095,4095,4095,0,0,0,0,0,0,0
19/08/25 14:24:31,729.321,703710,SHK0000001,2080,2074,828,4095,4095,4095,0,0,0,0,0,0,0
19/08/25 14:24:32,730.333,703710,SHK0000001,2081,2075,829,4095,4095,4095,0,0,0,0,0,0,0
19/08/25 14:24:33,731.322,703710,SHK0000001,2076,2071,830,4095,4095,4095,0,0,0,0,0,0,0
19/08/25 14:24:34,732.334,703710,SHK0000001,2074,2074,828,4095,4095,4095,0,0,0,0,0,0,0
19/08/25 14:24:35,733.32,703710,SHK0000001,2077,2076,830,4095,4095,4095,0,0,0,0,0,0,0
19/08/25 14:24:36,734.328,703710,SHK0000001,2076,2069,829,4095,4095,4095,0,0,0,0,0,0,0
19/08/25 14:24:37,735.326,703710,SHK0000001,2082,2072,827,4095,4095,4095,0,0,0,0,0,0,0
19/08/25 14:24:38,736.335,703710,SHK0000001,2073,2076,830,4095,4095,4095,0,0,0,0,0,0,0
19/08/25 14:24:39,737.328,703710,SHK0000001,2071,2080,829,4095,4095,4095,0,0,0,0,0,0,0
19/08/25 14:24:40,738.332,703710,SHK0000001,2077,2075,829,4095,4095,4095,0,0,0,0,0,0,0
19/08/25 14:24:41,739.324,703710,SHK0000001,2073,2072,830,4095,4095,4095,0,0,0,0,0,0,0
19/08/25 14:24:42,740.337,703710,SHK0000001,2076,2074,828,4095,4095,4095,0,0,0,0,0,0,0
19/08/25 14:24:43,741.326,703710,SHK0000001,2075,2072,829,4095,4095,4095,0,0,0,0,0,0,0
19/08/25 14:24:44,742.331,703710,SHK0000001,2070,2080,831,4095,4095,4095,0,0,0,0,0,0,0
19/08/25 14:24:45,743.322,703710,SHK0000001,2077,2067,829,4095,4095,4095,0,0,0,0,0,0,0
19/08/25 14:24:46,744.336,703710,SHK0000001,2077,2073,830,4095,4095,4095,0,0,0,0,0,0,0
19/08/25 14:24:47,745.32,703710,SHK0000001,2074,2073,831,4095,4095,4095,0,0,0,0,0,0,0
19/08/25 14:24:48,746.334,703710,SHK0000001,2077,2074,829,4095,4095,4095,0,0,0,0,0,0,0
19/08/25 14:24:49,747.327,703710,SHK0000001,2075,2069,830,4095,4095,4095,0,0,0,0,0,0,0
19/08/25 14:24:50,748.328,703710,SHK0000001,2075,2074,830,4095,4095,4095,0,0,0,0,0,0,0
19/08/25 14:24:51,749.325,703710,SHK0000001,2073,2076,830,4095,4095,4095,0,0,0,0,0,0,0
19/08/25 14:24:52,750.333,703710,SHK0000001,2069,2077,832,4095,4095,4095,0,0,0,0,0,0,0
19/08/25 14:24:53,751.324,703710,SHK0000001,2066,2074,831,4095,4095,4095,0,0,0,0,0,0,0
19/08/25 14:24:54,752.329,703710,SHK0000001,2072,2075,829,4095,4095,4095,0,0,0,0,0,0,0
19/08/25 14:24:55,753.323,703710,SHK0000001,2075,2073,831,4095,4095,4095,0,0,0,0,0,0,0
19/08/25 14:24:56,754.332,703710,SHK0000001,2071,2073,829,4095,4095,4095,0,0,0,0,0,0,0
19/08/25 14:24:57,755.327,703710,SHK0000001,2068,2073,829,4095,4095,4095,0,0,0,0,0,0,0
19/08/25 14:24:58,756.328,703710,SHK0000001,2079,2078,831,4095,4095,4095,0,0,0,0,0,0,0
19/08/25 14:24:59,757.322,703710,SHK0000001,2079,2080,830,4095,4095,4095,0,0,0,0,0,0,0
19/08/25 14:25:00,758.328,703710,SHK0000001,2071,2074,830,4095,4095,4095,0,0,0,0,0,0,0
19/08/25 14:25:01,759.32,703710,SHK0000001,2078,2071,832,4095,4095,4095,0,0,0,0,0,0,0
19/08/25 14:25:02,760.335,703710,SHK0000001,2077,2081,830,4095,4095,4095,0,0,0,0,0,0,0
19/08/25 14:25:03,761.328,703710,SHK0000001,2079,2071,833,4095,4095,4095,0,0,0,0,0,0,0
19/08/25 14:25:04,762.333,703710,SHK0000001,2072,2078,833,4095,4095,4095,0,0,0,0,0,0,0
19/08/25 14:25:05,763.319,703710,SHK0000001,2074,2074,830,4095,4095,4095,0,0,0,0,0,0,0
19/08/25 14:25:06,764.331,703710,SHK0000001,2073,2081,831,4095,4095,4095,0,0,0,0,0,0,0
19/08/25 14:25:07,765.321,703710,SHK0000001,2077,2076,831,4095,4095,4095,0,0,0,0,0,0,0
19/08/25 14:25:08,766.332,703710,SHK0000001,2071,2077,830,4095,4095,4095,0,0,0,0,0,0,0
19/08/25 14:25:09,767.32,703710,SHK0000001,2075,2072,832,4095,4095,4095,0,0,0,0,0,0,0
19/08/25 14:25:10,768.334,703710,SHK0000001,2069,2077,831,4095,4095,4095,0,0,0,0,0,0,0
19/08/25 14:25:11,769.321,703710,SHK0000001,2079,2072,830,4095,4095,4095,0,0,0,0,0,0,0
19/08/25 14:25:12,770.331,703710,SHK0000001,2074,2078,833,4095,4095,4095,0,0,0,0,0,0,0
19/08/25 14:25:13,771.326,703710,SHK0000001,2073,2063,831,4095,4095,4095,0,0,0,0,0,0,0
19/08/25 14:25:14,772.33,703710,SHK0000001,2079,2074,831,4095,4095,4095,0,0,0,0,0,0,0
19/08/25 14:25:15,773.328,703710,SHK0000001,2071,2075,833,4095,4095,4095,0,0,0,0,0,0,0
19/08/25 14:25:16,774.328,703710,SHK0000001,2083,2074,831,4095,4095,4095,0,0,0,0,0,0,0
19/08/25 14:25:17,775.325,703710,SHK0000001,2071,2070,831,4095,4095,4095,0,0,0,0,0,0,0
19/08/25 14:25:18,776.334,703710,SHK0000001,2072,2066,832,4095,4095,4095,0,0,0,0,0,0,0
19/08/25 14:25:19,777.327,703710,SHK0000001,2070,2075,831,4095,4095,4095,0,0,0,0,0,0,0
19/08/25 14:25:20,778.334,703710,SHK0000001,2075,2075,833,4095,4095,4095,0,0,0,0,0,0,0
19/08/25 14:25:21,779.329,703710,SHK0000001,2076,2069,832,4095,4095,4095,0,0,0,0,0,0,0
19/08/25 14:25:22,780.336,703710,SHK0000001,2077,2074,831,4095,4095,4095,0,0,0,0,0,0,0
19/08/25 14:25:23,781.319,703710,SHK0000001,2071,2081,833,4095,4095,4095,0,0,0,0,0,0,0
19/08/25 14:25:24,782.329,703710,SHK0000001,2078,2074,831,4095,4095,4095,0,0,0,0,0,0,0
19/08/25 14:25:25,783.328,703710,SHK0000001,2072,2074,832,4095,4095,4095,0,0,0,0,0,0,0
19/08/25 14:25:26,784.327,703710,SHK0000001,2066,2082,834,4095,4095,4095,0,0,0,0,0,0,0
19/08/25 14:25:27,785.326,703710,SHK0000001,2076,2076,833,4095,4095,4095,0,0,0,0,0,0,0
19/08/25 14:25:28,786.334,703710,SHK0000001,2079,2077,833,4095,4095,4095,0,0,0,0,0,0,0
19/08/25 14:25:29,787.321,703710,SHK0000001,2079,2080,833,4095,4095,4095,0,0,0,0,0,0,0
19/08/25 14:25:30,788.335,703710,SHK0000001,2080,2082,832,4095,4095,4095,0,0,0,0,0,0,0
19/08/25 14:25:31,789.324,703710,SHK0000001,2070,2078,832,4095,4095,4095,0,0,0,0,0,0,0
19/08/25 14:25:32,790.332,703710,SHK0000001,2075,2075,834,4095,4095,4095,0,0,0,0,0,0,0
19/08/25 14:25:33,791.321,703710,SHK0000001,2077,2074,832,4095,4095,4095,0,0,0,0,0,0,0
19/08/25 14:25:34,792.333,703710,SHK0000001,2080,2076,833,4095,4095,4095,0,0,0,0,0,0,0
19/08/25 14:25:35,793.321,703710,SHK0000001,2078,2083,833,4095,4095,4095,0,0,0,0,0,0,0
19/08/25 14:25:36,794.329,703710,SHK0000001,2076,2074,832,4095,4095,4095,0,0,0,0,0,0,0
19/08/25 14:25:37,795.327,703710,SHK0000001,2076,2077,834,4095,4095,4095,0,0,0,0,0,0,0
19/08/25 14:25:38,796.337,703710,SHK0000001,2074,2073,833,4095,4095,4095,0,0,0,0,0,0,0
19/08/25 14:25:39,797.324,703710,SHK0000001,2080,2065,832,4095,4095,4095,0,0,0,0,0,0,0
19/08/25 14:25:40,798.335,703710,SHK0000001,2076,2079,835,4095,4095,4095,0,0,0,0,0,0,0
19/08/25 14:25:41,799.321,703710,SHK0000001,2079,2078,832,4095,4095,4095,0,0,0,0,0,0,0
19/08/25 14:25:42,800.336,703710,SHK0000001,2076,2074,832,4095,4095,4095,0,0,0,0,0,0,0
19/08/25 14:25:43,801.323,703710,SHK0000001,2062,2073,834,4095,4095,4095,0,0,0,0,0,0,0
19/08/25 14:25:44,802.331,703710,SHK0000001,2075,2079,832,4095,4095,4095,0,0,0,0,0,0,0
19/08/25 14:25:45,803.322,703710,SHK0000001,2082,2076,832,4095,4095,4095,0,0,0,0,0,0,0
19/08/25 14:25:46,804.33,703710,SHK0000001,2074,2075,834,4095,4095,4095,0,0,0,0,0,0,0
19/08/25 14:25:47,805.323,703710,SHK0000001,2069,2066,831,4095,4095,4095,0,0,0,0,0,0,0
19/08/25 14:25:48,806.334,703710,SHK0000001,2065,2073,834,4095,4095,4095,0,0,0,0,0,0,0
19/08/25 14:25:49,807.324,703710,SHK0000001,2076,2074,835,4095,4095,4095,0,0,0,0,0,0,0
19/08/25 14:25:50,808.329,703710,SHK0000001,2078,2071,832,4095,4095,4095,0,0,0,0,0,0,0
19/08/25 14:25:51,809.328,703710,SHK0000001,2063,2077,835,4095,4095,4095,0,0,0,0,0,0,0
19/08/25 14:25:52,810.335,703710,SHK0000001,2068,2070,834,4095,4095,4095,0,0,0,0,0,0,0
19/08/25 14:25:53,811.327,703710,SHK0000001,2070,2075,833,4095,4095,4095,0,0,0,0,0,0,0
19/08/25 14:25:54,812.33,703710,SHK0000001,2077,2065,835,4095,4095,4095,0,0,0,0,0,0,0
19/08/25 14:25:55,813.32,703710,SHK0000001,2074,2075,834,4095,4095,4095,0,0,0,0,0,0,0
19/08/25 14:25:56,814.336,703710,SHK0000001,2068,2070,833,4095,4095,4095,0,0,0,0,0,0,0
19/08/25 14:25:57,815.326,703710,SHK0000001,2075,2068,835,4095,4095,4095,0,0,0,0,0,0,0
19/08/25 14:25:58,816.331,703710,SHK0000001,2063,2078,833,4095,4095,4095,0,0,0,0,0,0,0
19/08/25 14:25:59,817.319,703710,SHK0000001,2056,2067,833,4095,4095,4095,0,0,0,0,0,0,0
19/08/25 14:26:00,818.332,703710,SHK0000001,2070,2070,835,4095,4095,4095,0,0,0,0,0,0,0
19/08/25 14:26:01,819.324,703710,SHK0000001,2053,2064,834,4095,4095,4095,0,0,0,0,0,0,0
19/08/25 14:26:02,820.328,703710,SHK0000001,2067,2061,834,4095,4095,4095,0,0,0,0,0,0,0
19/08/25 14:26:03,821.324,703710,SHK0000001,2060,2054,835,4095,4095,4095,0,0,0,0,0,0,0
19/08/25 14:26:04,822.333,703710,SHK0000001,2063,2070,833,4095,4095,4095,0,0,0,0,0,0,0
19/08/25 14:26:05,823.326,703710,SHK0000001,2055,2067,835,4095,4095,4095,0,0,0,0,0,0,0
19/08/25 14:26:06,824.336,703710,SHK0000001,2060,2071,836,4095,4095,4095,0,0,0,0,0,0,0
19/08/25 14:26:07,825.326,703710,SHK0000001,2065,2061,834,4095,4095,4095,0,0,0,0,0,0,0
19/08/25 14:26:08,826.332,703710,SHK0000001,2055,2061,836,4095,4095,4095,0,0,0,0,0,0,0
19/08/25 14:26:09,827.322,703710,SHK0000001,2066,2065,836,4095,4095,4095,0,0,0,0,0,0,0
19/08/25 14:26:10,828.334,703710,SHK0000001,2054,2047,835,4095,4095,4095,0,0,0,0,0,0,0
19/08/25 14:26:11,829.328,703710,SHK0000001,2047,2038,837,4095,4095,4095,0,0,0,0,0,0,0
19/08/25 14:26:12,830.329,703710,SHK0000001,2073,2073,835,4095,4095,4095,0,0,0,0,0,0,0
19/08/25 14:26:13,831.323,703710,SHK0000001,2072,2070,835,4095,4095,4095,0,0,0,0,0,0,0
19/08/25 14:26:14,832.335,703710,SHK0000001,2074,2064,837,4095,4095,4095,0,0,0,0,0,0,0
19/08/25 14:26:15,833.327,703710,SHK0000001,2068,2075,835,4095,4095,4095,0,0,0,0,0,0,0
19/08/25 14:26:16,834.334,703710,SHK0000001,2073,2070,836,4095,4095,4095,0,0,0,0,0,0,0
19/08/25 14:26:17,835.322,703710,SHK0000001,2070,2070,837,4095,4095,4095,0,0,0,0,0,0,0
19/08/25 14:26:18,836.329,703710,SHK0000001,2072,2070,835,4095,4095,4095,0,0,0,0,0,0,0
19/08/25 14:26:19,837.325,703710,SHK0000001,2076,2074,837,4095,4095,4095,0,0,0,0,0,0,0
19/08/25 14:26:20,838.335,703710,SHK0000001,2075,2070,836,4095,4095,4095,0,0,0,0,0,0,0
19/08/25 14:26:21,839.326,703710,SHK0000001,2077,2074,836,4095,4095,4095,0,0,0,0,0,0,0
19/08/25 14:26:22,840.333,703710,SHK0000001,2072,2078,838,4095,4095,4095,0,0,0,0,0,0,0
19/08/25 14:26:23,841.325,703710,SHK0000001,2073,2074,838,4095,4095,4095,0,0,0,0,0,0,0
19/08/25 14:26:24,842.335,703710,SHK0000001,2077,2078,836,4095,4095,4095,0,0,0,0,0,0,0
19/08/25 14:26:25,843.322,703710,SHK0000001,2070,2078,838,4095,4095,4095,0,0,0,0,0,0,0
19/08/25 14:26:26,844.336,703710,SHK0000001,2074,2074,838,4095,4095,4095,0,0,0,0,0,0,0
19/08/25 14:26:27,845.322,703710,SHK0000001,2077,2075,837,4095,4095,4095,0,0,0,0,0,0,0
19/08/25 14:26:28,846.336,703710,SHK0000001,2071,2073,839,4095,4095,4095,0,0,0,0,0,0,0
19/08/25 14:26:29,847.319,703710,SHK0000001,2071,2075,838,4095,4095,4095,0,0,0,0,0,0,0
19/08/25 14:26:30,848.331,703710,SHK0000001,2073,2066,838,4095,4095,4095,0,0,0,0,0,0,0
19/08/25 14:26:31,849.32,703710,SHK0000001,2072,2067,839,4095,4095,4095,0,0,0,0,0,0,0
19/08/25 14:26:32,850.336,703710,SHK0000001,2075,2071,837,4095,4095,4095,0,0,0,0,0,0,0
19/08/25 14:26:33,851.319,703710,SHK0000001,2074,2072,838,4095,4095,4095,0,0,0,0,0,0,0
19/08/25 14:26:34,852.332,703710,SHK0000001,2071,2073,840,4095,4095,4095,0,0,0,0,0,0,0
19/08/25 14:26:35,853.322,703710,SHK0000001,2074,2071,838,4095,4095,4095,0,0,0,0,0,0,0
19/08/25 14:26:36,854.333,703710,SHK0000001,2072,2082,839,4095,4095,4095,0,0,0,0,0,0,0
19/08/25 14:26:37,855.322,703710,SHK0000001,2076,2075,841,4095,4095,4095,0,0,0,0,0,0,0
19/08/25 14:26:38,856.332,703710,SHK0000001,2072,2077,838,4095,4095,4095,0,0,0,0,0,0,0
19/08/25 14:26:39,857.325,703710,SHK0000001,2075,2075,840,4095,4095,4095,0,0,0,0,0,0,0
19/08/25 14:26:40,858.328,703710,SHK0000001,2069,2070,840,4095,4095,4095,0,0,0,0,0,0,0
19/08/25 14:26:41,859.324,703710,SHK0000001,2077,2074,839,4095,4095,4095,0,0,0,0,0,0,0
19/08/25 14:26:42,860.334,703710,SHK0000001,2069,2075,842,4095,4095,4095,0,0,0,0,0,0,0
19/08/25 14:26:43,861.327,703710,SHK0000001,2072,2072,839,4095,4095,4095,0,0,0,0,0,0,0
19/08/25 14:26:44,862.335,703710,SHK0000001,2070,2074,840,4095,4095,4095,0,0,0,0,0,0,0
19/08/25 14:26:45,863.326,703710,SHK0000001,2074,2078,843,4095,4095,4095,0,0,0,0,0,0,0
19/08/25 14:26:46,864.328,703710,SHK0000001,2073,2078,840,4095,4095,4095,0,0,0,0,0,0,0
19/08/25 14:26:47,865.325,703710,SHK0000001,2075,2074,841,4095,4095,4095,0,0,0,0,0,0,0
19/08/25 14:26:48,866.335,703710,SHK0000001,2065,2075,842,4095,4095,4095,0,0,0,0,0,0,0
19/08/25 14:26:49,867.325,703710,SHK0000001,2077,2075,840,4095,4095,4095,0,0,0,0,0,0,0
19/08/25 14:26:50,868.33,703710,SHK0000001,2073,2071,841,4095,4095,4095,0,0,0,0,0,0,0
19/08/25 14:26:51,869.319,703710,SHK0000001,2071,2074,842,4095,4095,4095,0,0,0,0,0,0,0
19/08/25 14:26:52,870.328,703710,SHK0000001,2076,2080,840,4095,4095,4095,0,0,0,0,0,0,0
19/08/25 14:26:53,871.327,703710,SHK0000001,2073,2073,843,4095,4095,4095,0,0,0,0,0,0,0
19/08/25 14:26:54,872.331,703710,SHK0000001,2069,2080,842,4095,4095,4095,0,0,0,0,0,0,0
19/08/25 14:26:55,873.326,703710,SHK0000001,2076,2074,841,4095,4095,4095,0,0,0,0,0,0,0
19/08/25 14:26:56,874.329,703710,SHK0000001,2080,2072,843,4095,4095,4095,0,0,0,0,0,0,0
19/08/25 14:26:57,875.319,703710,SHK0000001,2074,2067,842,4095,4095,4095,0,0,0,0,0,0,0
19/08/25 14:26:58,876.33,703710,SHK0000001,2067,2075,842,4095,4095,4095,0,0,0,0,0,0,0
19/08/25 14:26:59,877.325,703710,SHK0000001,2071,2076,844,4095,4095,4095,0,0,0,0,0,0,0
19/08/25 14:27:00,878.329,703710,SHK0000001,2068,2071,842,4095,4095,4095,0,0,0,0,0,0,0
19/08/25 14:27:01,879.323,703710,SHK0000001,2075,2074,843,4095,4095,4095,0,0,0,0,0,0,0
19/08/25 14:27:02,880.329,703710,SHK0000001,2075,2078,844,4095,4095,4095,0,0,0,0,0,0,0
19/08/25 14:27:03,881.325,703710,SHK0000001,2075,2073,841,4095,4095,4095,0,0,0,0,0,0,0
19/08/25 14:27:04,882.331,703710,SHK0000001,2073,2078,844,4095,4095,4095,0,0,0,0,0,0,0
19/08/25 14:27:05,883.327,703710,SHK0000001,2078,2071,843,4095,4095,4095,0,0,0,0,0,0,0
19/08/25 14:27:06,884.33,703710,SHK0000001,2078,2075,841,4095,4095,4095,0,0,0,0,0,0,0
19/08/25 14:27:07,885.325,703710,SHK0000001,2073,2075,845,4095,4095,4095,0,0,0,0,0,0,0
19/08/25 14:27:08,886.328,703710,SHK0000001,2073,2067,844,4095,4095,4095,0,0,0,0,0,0,0
19/08/25 14:27:09,887.319,703710,SHK0000001,2071,2072,843,4095,4095,4095,0,0,0,0,0,0,0
19/08/25 14:27:10,888.329,703710,SHK0000001,2071,2074,846,4095,4095,4095,0,0,0,0,0,0,0
19/08/25 14:27:11,889.324,703710,SHK0000001,2073,2063,844,4095,4095,4095,0,0,0,0,0,0,0
19/08/25 14:27:12,890.336,703710,SHK0000001,2072,2062,844,4095,4095,4095,0,0,0,0,0,0,0
19/08/25 14:27:13,891.325,703710,SHK0000001,2069,2073,846,4095,4095,4095,0,0,0,0,0,0,0
19/08/25 14:27:14,892.327,703710,SHK0000001,2071,2075,845,4095,4095,4095,0,0,0,0,0,0,0
19/08/25 14:27:15,893.325,703710,SHK0000001,2075,2069,844,4095,4095,4095,0,0,0,0,0,0,0
19/08/25 14:27:16,894.333,703710,SHK0000001,2078,2081,847,4095,4095,4095,0,0,0,0,0,0,0
19/08/25 14:27:17,895.319,703710,SHK0000001,2076,2078,843,4095,4095,4095,0,0,0,0,0,0,0
19/08/25 14:27:18,896.336,703710,SHK0000001,2071,2071,844,4095,4095,4095,0,0,0,0,0,0,0
19/08/25 14:27:19,897.324,703710,SHK0000001,2073,2073,846,4095,4095,4095,0,0,0,0,0,0,0
19/08/25 14:27:20,898.333,703710,SHK0000001,2069,2069,844,4095,4095,4095,0,0,0,0,0,0,0
19/08/25 14:27:21,899.327,703710,SHK0000001,2074,2068,846,4095,4095,4095,0,0,0,0,0,0,0
19/08/25 14:27:22,900.335,703710,SHK0000001,2070,2074,847,4095,4095,4095,0,0,0,0,0,0,0
19/08/25 14:27:23,901.326,703710,SHK0000001,2071,2070,845,4095,4095,4095,0,0,0,0,0,0,0
19/08/25 14:27:24,902.33,703710,SHK0000001,2071,2075,848,4095,4095,4095,0,0,0,0,0,0,0
19/08/25 14:27:25,903.326,703710,SHK0000001,2064,2068,847,4095,4095,4095,0,0,0,0,0,0,0
19/08/25 14:27:26,904.334,703710,SHK0000001,2079,2070,845,4095,4095,4095,0,0,0,0,0,0,0
19/08/25 14:27:27,905.32,703710,SHK0000001,2070,2074,847,4095,4095,4095,0,0,0,0,0,0,0
19/08/25 14:27:28,906.33,703710,SHK0000001,2079,2068,846,4095,4095,4095,0,0,0,0,0,0,0
19/08/25 14:27:29,907.321,703710,SHK0000001,2072,2077,845,4095,4095,4095,0,0,0,0,0,0,0
19/08/25 14:27:30,908.331,703710,SHK0000001,2075,2071,848,4095,4095,4095,0,0,0,0,0,0,0
19/08/25 14:27:31,909.318,703710,SHK0000001,2077,2077,846,4095,4095,4095,0,0,0,0,0,0,0
19/08/25 14:27:32,910.332,703710,SHK0000001,2076,2077,847,4095,4095,4095,0,0,0,0,0,0,0
19/08/25 14:27:33,911.322,703710,SHK0000001,2077,2073,847,4095,4095,4095,0,0,0,0,0,0,0
19/08/25 14:27:34,912.328,703710,SHK0000001,2077,2075,845,4095,4095,4095,0,0,0,0,0,0,0
19/08/25 14:27:35,913.325,703710,SHK0000001,2072,2073,848,4095,4095,4095,0,0,0,0,0,0,0
19/08/25 14:27:36,914.33,703710,SHK0000001,2069,2073,847,4095,4095,4095,0,0,0,0,0,0,0
19/08/25 14:27:37,915.319,703710,SHK0000001,2072,2078,846,4095,4095,4095,0,0,0,0,0,0,0
19/08/25 14:27:38,916.328,703710,SHK0000001,2072,2070,848,4095,4095,4095,0,0,0,0,0,0,0
19/08/25 14:27:39,917.321,703710,SHK0000001,2073,2074,847,4095,4095,4095,0,0,0,0,0,0,0
19/08/25 14:27:40,918.33,703710,SHK0000001,2069,2074,847,4095,4095,4095,0,0,0,0,0,0,0
19/08/25 14:27:41,919.328,703710,SHK0000001,2075,2070,849,4095,4095,4095,0,0,0,0,0,0,0
19/08/25 14:27:42,920.331,703710,SHK0000001,2074,2072,848,4095,4095,4095,0,0,0,0,0,0,0
19/08/25 14:27:43,921.321,703710,SHK0000001,2080,2075,846,4095,4095,4095,0,0,0,0,0,0,0
19/08/25 14:27:44,922.335,703710,SHK0000001,2074,2074,849,4095,4095,4095,0,0,0,0,0,0,0
19/08/25 14:27:45,923.328,703710,SHK0000001,2073,2068,847,4095,4095,4095,0,0,0,0,0,0,0
19/08/25 14:27:46,924.328,703710,SHK0000001,2072,2069,848,4095,4095,4095,0,0,0,0,0,0,0
19/08/25 14:27:47,925.319,703710,SHK0000001,2068,2070,849,4095,4095,4095,0,0,0,0,0,0,0
19/08/25 14:27:48,926.335,703710,SHK0000001,2078,2070,847,4095,4095,4095,0,0,0,0,0,0,0
19/08/25 14:27:49,927.324,703710,SHK0000001,2074,2073,848,4095,4095,4095,0,0,0,0,0,0,0
19/08/25 14:27:50,928.334,703710,SHK0000001,2067,2070,850,4095,4095,4095,0,0,0,0,0,0,0
19/08/25 14:27:51,929.323,703710,SHK0000001,2073,2078,848,4095,4095,4095,0,0,0,0,0,0,0
19/08/25 14:27:52,930.33,703710,SHK0000001,2071,2067,849,4095,4095,4095,0,0,0,0,0,0,0
19/08/25 14:27:53,931.322,703710,SHK0000001,2070,2069,849,4095,4095,4095,0,0,0,0,0,0,0
19/08/25 14:27:54,932.335,703710,SHK0000001,2073,2072,848,4095,4095,4095,0,0,0,0,0,0,0
19/08/25 14:27:55,933.323,703710,SHK0000001,2070,2067,851,4095,4095,4095,0,0,0,0,0,0,0
19/08/25 14:27:56,934.334,703710,SHK0000001,2075,2072,850,4095,4095,4095,0,0,0,0,0,0,0
19/08/25 14:27:57,935.326,703710,SHK0000001,2073,2072,848,4095,4095,4095,0,0,0,0,0,0,0
19/08/25 14:27:58,936.329,703710,SHK0000001,2069,2073,850,4095,4095,4095,0,0,0,0,0,0,0
19/08/25 14:27:59,937.324,703710,SHK0000001,2069,2076,849,4095,4095,4095,0,0,0,0,0,0,0
19/08/25 14:28:00,938.331,703710,SHK0000001,2074,2072,849,4095,4095,4095,0,0,0,0,0,0,0
19/08/25 14:28:01,939.326,703710,SHK0000001,2069,2066,852,4095,4095,4095,0,0,0,0,0,0,0
19/08/25 14:28:02,940.328,703710,SHK0000001,2072,2069,849,4095,4095,4095,0,0,0,0,0,0,0
19/08/25 14:28:03,941.319,703710,SHK0000001,2077,2073,850,4095,4095,4095,0,0,0,0,0,0,0
19/08/25 14:28:04,942.336,703710,SHK0000001,2066,2073,851,4095,4095,4095,0,0,0,0,0,0,0
19/08/25 14:28:05,943.327,703710,SHK0000001,2069,2073,849,4095,4095,4095,0,0,0,0,0,0,0
19/08/25 14:28:06,944.332,703710,SHK0000001,2069,2068,850,4095,4095,4095,0,0,0,0,0,0,0
19/08/25 14:28:07,945.327,703710,SHK0000001,2072,2076,851,4095,4095,4095,0,0,0,0,0,0,0
19/08/25 14:28:08,946.33,703710,SHK0000001,2073,2075,850,4095,4095,4095,0,0,0,0,0,0,0
19/08/25 14:28:09,947.328,703710,SHK0000001,2075,2076,851,4095,4095,4095,0,0,0,0,0,0,0
19/08/25 14:28:10,948.332,703710,SHK0000001,2072,2073,851,4095,4095,4095,0,0,0,0,0,0,0
19/08/25 14:28:11,949.324,703710,SHK0000001,2076,2076,850,4095,4095,4095,0,0,0,0,0,0,0
19/08/25 14:28:12,950.332,703710,SHK0000001,2072,2071,852,4095,4095,4095,0,0,0,0,0,0,0
19/08/25 14:28:13,951.327,703710,SHK0000001,2074,2074,850,4095,4095,4095,0,0,0,0,0,0,0
19/08/25 14:28:14,952.327,703710,SHK0000001,2069,2072,850,4095,4095,4095,0,0,0,0,0,0,0
19/08/25 14:28:15,953.324,703710,SHK0000001,2073,2071,853,4095,4095,4095,0,0,0,0,0,0,0
19/08/25 14:28:16,954.332,703710,SHK0000001,2067,2078,850,4095,4095,4095,0,0,0,0,0,0,0
19/08/25 14:28:17,955.323,703710,SHK0000001,2069,2068,851,4095,4095,4095,0,0,0,0,0,0,0
19/08/25 14:28:18,956.336,703710,SHK0000001,2072,2068,851,4095,4095,4095,0,0,0,0,0,0,0
19/08/25 14:28:19,957.321,703710,SHK0000001,2067,2066,850,4095,4095,4095,0,0,0,0,0,0,0
19/08/25 14:28:20,958.336,703710,SHK0000001,2073,2069,851,4095,4095,4095,0,0,0,0,0,0,0
19/08/25 14:28:21,959.324,703710,SHK0000001,2071,2077,852,4095,4095,4095,0,0,0,0,0,0,0
19/08/25 14:28:22,960.332,703710,SHK0000001,2069,2077,850,4095,4095,4095,0,0,0,0,0,0,0
19/08/25 14:28:23,961.325,703710,SHK0000001,2074,2076,852,4095,4095,4095,0,0,0,0,0,0,0
19/08/25 14:28:24,962.335,703710,SHK0000001,2072,2073,852,4095,4095,4095,0,0,0,0,0,0,0
19/08/25 14:28:25,963.325,703710,SHK0000001,2078,2075,850,4095,4095,4095,0,0,0,0,0,0,0
19/08/25 14:28:26,964.326,703710,SHK0000001,2076,2074,853,4095,4095,4095,0,0,0,0,0,0,0
19/08/25 14:28:27,965.324,703710,SHK0000001,2066,2071,851,4095,4095,4095,0,0,0,0,0,0,0
19/08/25 14:28:28,966.331,703710,SHK0000001,2076,2070,851,4095,4095,4095,0,0,0,0,0,0,0
19/08/25 14:28:29,967.375,703710,SHK0000001,2077,2070,854,4095,4095,4095,0,0,0,0,0,0,0
19/08/25 14:28:30,968.328,703710,SHK0000001,2079,2077,852,4095,4095,4095,0,0,0,0,0,0,0
19/08/25 14:28:31,969.323,703710,SHK0000001,2074,2078,851,4095,4095,4095,0,0,0,0,0,0,0
19/08/25 14:28:32,970.336,703710,SHK0000001,2079,2074,853,4095,4095,4095,0,0,0,0,0,0,0
19/08/25 14:28:33,971.326,703710,SHK0000001,2068,2080,851,4095,4095,4095,0,0,0,0,0,0,0
19/08/25 14:28:34,972.334,703710,SHK0000001,2067,2074,853,4095,4095,4095,0,0,0,0,0,0,0
19/08/25 14:28:35,973.318,703710,SHK0000001,2072,2076,853,4095,4095,4095,0,0,0,0,0,0,0
19/08/25 14:28:36,974.331,703710,SHK0000001,2076,2073,850,4095,4095,4095,0,0,0,0,0,0,0
19/08/25 14:28:37,975.327,703710,SHK0000001,2078,2077,852,4095,4095,4095,0,0,0,0,0,0,0
19/08/25 14:28:38,976.327,703710,SHK0000001,2075,2065,852,4095,4095,4095,0,0,0,0,0,0,0
19/08/25 14:28:39,977.323,703710,SHK0000001,2080,2072,852,4095,4095,4095,0,0,0,0,0,0,0
19/08/25 14:28:40,978.329,703710,SHK0000001,2077,2073,855,4095,4095,4095,0,0,0,0,0,0,0
19/08/25 14:28:41,979.326,703710,SHK0000001,2071,2071,852,4095,4095,4095,0,0,0,0,0,0,0
19/08/25 14:28:42,980.332,703710,SHK0000001,2081,2070,851,4095,4095,4095,0,0,0,0,0,0,0
19/08/25 14:28:43,981.322,703710,SHK0000001,2074,2068,853,4095,4095,4095,0,0,0,0,0,0,0
19/08/25 14:28:44,982.336,703710,SHK0000001,2073,2074,851,4095,4095,4095,0,0,0,0,0,0,0
19/08/25 14:28:45,983.318,703710,SHK0000001,2080,2072,850,4095,4095,4095,0,0,0,0,0,0,0
19/08/25 14:28:46,984.33,703710,SHK0000001,2075,2075,853,4095,4095,4095,0,0,0,0,0,0,0
19/08/25 14:28:47,985.321,703710,SHK0000001,2074,2073,851,4095,4095,4095,0,0,0,0,0,0,0
19/08/25 14:28:48,986.334,703710,SHK0000001,2076,2073,852,4095,4095,4095,0,0,0,0,0,0,0
19/08/25 14:28:49,987.327,703710,SHK0000001,2077,2076,853,4095,4095,4095,0,0,0,0,0,0,0
19/08/25 14:28:50,988.326,703710,SHK0000001,2077,2072,852,4095,4095,4095,0,0,0,0,0,0,0
19/08/25 14:28:51,989.321,703710,SHK0000001,2080,2076,852,4095,4095,4095,0,0,0,0,0,0,0
19/08/25 14:28:52,990.336,703710,SHK0000001,2073,2079,853,4095,4095,4095,0,0,0,0,0,0,0
19/08/25 14:28:53,991.321,703710,SHK0000001,2072,2077,851,4095,4095,4095,0,0,0,0,0,0,0
19/08/25 14:28:54,992.335,703710,SHK0000001,2079,2075,855,4095,4095,4095,0,0,0,0,0,0,0
19/08/25 14:28:55,993.326,703710,SHK0000001,2075,2076,853,4095,4095,4095,0,0,0,0,0,0,0
19/08/25 14:28:56,994.335,703710,SHK0000001,2078,2075,851,4095,4095,4095,0,0,0,0,0,0,0
19/08/25 14:28:57,995.325,703710,SHK0000001,2079,2074,854,4095,4095,4095,0,0,0,0,0,0,0
19/08/25 14:28:58,996.331,703710,SHK0000001,2077,2077,853,4095,4095,4095,0,0,0,0,0,0,0
19/08/25 14:28:59,997.32,703710,SHK0000001,2072,2068,853,4095,4095,4095,0,0,0,0,0,0,0
19/08/25 14:29:00,998.328,703710,SHK0000001,2076,2077,854,4095,4095,4095,0,0,0,0,0,0,0
19/08/25 14:29:01,999.321,703710,SHK0000001,2076,2074,853,4095,4095,4095,0,0,0,0,0,0,0
19/08/25 14:29:02,1000.333,703710,SHK0000001,2072,2070,852,4095,4095,4095,0,0,0,0,0,0,0
19/08/25 14:29:03,1001.318,703710,SHK0000001,2074,2072,854,4095,4095,4095,0,0,0,0,0,0,0
19/08/25 14:29:04,1002.326,703710,SHK0000001,2077,2073,852,4095,4095,4095,0,0,0,0,0,0,0
19/08/25 14:29:05,1003.322,703710,SHK0000001,2079,2070,854,4095,4095,4095,0,0,0,0,0,0,0
19/08/25 14:29:06,1004.333,703710,SHK0000001,2073,2082,854,4095,4095,4095,0,0,0,0,0,0,0
19/08/25 14:29:07,1005.322,703710,SHK0000001,2080,2076,853,4095,4095,4095,0,0,0,0,0,0,0
19/08/25 14:29:08,1006.325,703710,SHK0000001,2073,2075,854,4095,4095,4095,0,0,0,0,0,0,0
19/08/25 14:29:09,1007.322,703710,SHK0000001,2076,2078,853,4095,4095,4095,0,0,0,0,0,0,0
19/08/25 14:29:10,1008.331,703710,SHK0000001,2084,2073,852,4095,4095,4095,0,0,0,0,0,0,0
19/08/25 14:29:11,1009.325,703710,SHK0000001,2071,2072,854,4095,4095,4095,0,0,0,0,0,0,0
19/08/25 14:29:12,1010.326,703710,SHK0000001,2069,2076,853,4095,4095,4095,0,0,0,0,0,0,0
19/08/25 14:29:13,1011.322,703710,SHK0000001,2072,2072,852,4095,4095,4095,0,0,0,0,0,0,0
19/08/25 14:29:14,1012.328,703710,SHK0000001,2071,2079,855,4095,4095,4095,0,0,0,0,0,0,0
19/08/25 14:29:15,1013.326,703710,SHK0000001,2075,2080,854,4095,4095,4095,0,0,0,0,0,0,0
19/08/25 14:29:16,1014.329,703710,SHK0000001,2076,2074,854,4095,4095,4095,0,0,0,0,0,0,0
19/08/25 14:29:17,1015.32,703710,SHK0000001,2075,2078,855,4095,4095,4095,0,0,0,0,0,0,0
19/08/25 14:29:18,1016.326,703710,SHK0000001,2076,2074,853,4095,4095,4095,0,0,0,0,0,0,0
19/08/25 14:29:19,1017.321,703710,SHK0000001,2085,2073,854,4095,4095,4095,0,0,0,0,0,0,0
19/08/25 14:29:20,1018.327,703710,SHK0000001,2074,2074,856,4095,4095,4095,0,0,0,0,0,0,0
19/08/25 14:29:21,1019.326,703710,SHK0000001,2079,2076,854,4095,4095,4095,0,0,0,0,0,0,0
19/08/25 14:29:22,1020.329,703710,SHK0000001,2075,2077,856,4095,4095,4095,0,0,0,0,0,0,0
19/08/25 14:29:23,1021.327,703710,SHK0000001,2075,2071,856,4095,4095,4095,0,0,0,0,0,0,0
19/08/25 14:29:24,1022.333,703710,SHK0000001,2078,2071,854,4095,4095,4095,0,0,0,0,0,0,0
19/08/25 14:29:25,1023.323,703710,SHK0000001,2075,2075,858,4095,4095,4095,0,0,0,0,0,0,0
19/08/25 14:29:26,1024.326,703710,SHK0000001,2073,2065,855,4095,4095,4095,0,0,0,0,0,0,0
19/08/25 14:29:27,1025.327,703710,SHK0000001,2067,2082,855,4095,4095,4095,0,0,0,0,0,0,0
19/08/25 14:29:28,1026.332,703710,SHK0000001,2073,2080,857,4095,4095,4095,0,0,0,0,0,0,0
19/08/25 14:29:29,1027.323,703710,SHK0000001,2076,2072,855,4095,4095,4095,0,0,0,0,0,0,0
19/08/25 14:29:30,1028.334,703710,SHK0000001,2072,2065,854,4095,4095,4095,0,0,0,0,0,0,0
19/08/25 14:29:31,1029.325,703710,SHK0000001,2074,2078,856,4095,4095,4095,0,0,0,0,0,0,0
19/08/25 14:29:32,1030.327,703710,SHK0000001,2076,2073,854,4095,4095,4095,0,0,0,0,0,0,0
19/08/25 14:29:33,1031.319,703710,SHK0000001,2070,2070,856,4095,4095,4095,0,0,0,0,0,0,0
19/08/25 14:29:34,1032.336,703710,SHK0000001,2075,2078,857,4095,4095,4095,0,0,0,0,0,0,0
19/08/25 14:29:35,1033.322,703710,SHK0000001,2075,2072,855,4095,4095,4095,0,0,0,0,0,0,0
19/08/25 14:29:36,1034.33,703710,SHK0000001,2078,2073,856,4095,4095,4095,0,0,0,0,0,0,0
19/08/25 14:29:37,1035.32,703710,SHK0000001,2076,2077,857,4095,4095,4095,0,0,0,0,0,0,0
19/08/25 14:29:38,1036.331,703710,SHK0000001,2065,2069,855,4095,4095,4095,0,0,0,0,0,0,0
19/08/25 14:29:39,1037.323,703710,SHK0000001,2079,2080,857,4095,4095,4095,0,0,0,0,0,0,0
19/08/25 14:29:40,1038.33,703710,SHK0000001,2074,2077,856,4095,4095,4095,0,0,0,0,0,0,0
19/08/25 14:29:41,1039.318,703710,SHK0000001,2074,2076,855,4095,4095,4095,0,0,0,0,0,0,0
19/08/25 14:29:42,1040.333,703710,SHK0000001,2072,2070,858,4095,4095,4095,0,0,0,0,0,0,0
19/08/25 14:29:43,1041.323,703710,SHK0000001,2081,2074,1504,4095,4095,4095,0,0,0,0,0,0,0
19/08/25 14:29:44,1042.331,703710,SHK0000001,2073,2072,856,4095,4095,4095,0,0,0,0,0,0,0
19/08/25 14:29:45,1043.322,703710,SHK0000001,2077,2079,859,4095,4095,4095,0,0,0,0,0,0,0
19/08/25 14:29:46,1044.332,703710,SHK0000001,2074,2073,857,4095,4095,4095,0,0,0,0,0,0,0
19/08/25 14:29:47,1045.326,703710,SHK0000001,2077,2072,857,4095,4095,4095,0,0,0,0,0,0,0
19/08/25 14:29:48,1046.329,703710,SHK0000001,2080,2072,859,4095,4095,4095,0,0,0,0,0,0,0
19/08/25 14:29:49,1047.322,703710,SHK0000001,2075,2077,858,4095,4095,4095,0,0,0,0,0,0,0
19/08/25 14:29:50,1048.326,703710,SHK0000001,2073,2075,859,4095,4095,4095,0,0,0,0,0,0,0
19/08/25 14:29:51,1049.319,703710,SHK0000001,2070,2072,860,4095,4095,4095,0,0,0,0,0,0,0
19/08/25 14:29:52,1050.327,703710,SHK0000001,2078,2070,858,4095,4095,4095,0,0,0,0,0,0,0
19/08/25 14:29:53,1051.322,703710,SHK0000001,2078,2073,860,4095,4095,4095,0,0,0,0,0,0,0
19/08/25 14:29:54,1052.331,703710,SHK0000001,2075,2075,859,4095,4095,4095,0,0,0,0,0,0,0
19/08/25 14:29:55,1053.324,703710,SHK0000001,2079,2069,858,4095,4095,4095,0,0,0,0,0,0,0
19/08/25 14:29:56,1054.326,703710,SHK0000001,2073,2070,860,4095,4095,4095,0,0,0,0,0,0,0
19/08/25 14:29:57,1055.32,703710,SHK0000001,2073,2078,859,4095,4095,4095,0,0,0,0,0,0,0
19/08/25 14:29:58,1056.328,703710,SHK0000001,2076,2078,859,4095,4095,4095,0,0,0,0,0,0,0
19/08/25 14:29:59,1057.325,703710,SHK0000001,2080,2079,861,4095,4095,4095,0,0,0,0,0,0,0
19/08/25 14:30:00,1058.33,703710,SHK0000001,2074,2079,859,4095,4095,4095,0,0,0,0,0,0,0
19/08/25 14:30:01,1059.327,703710,SHK0000001,2074,2077,860,4095,4095,4095,0,0,0,0,0,0,0
19/08/25 14:30:02,1060.326,703710,SHK0000001,2076,2077,862,4095,4095,4095,0,0,0,0,0,0,0
19/08/25 14:30:03,1061.318,703710,SHK0000001,2078,2068,860,4095,4095,4095,0,0,0,0,0,0,0
19/08/25 14:30:04,1062.329,703710,SHK0000001,2072,2077,860,4095,4095,4095,0,0,0,0,0,0,0
19/08/25 14:30:05,1063.325,703710,SHK0000001,2079,2073,861,4095,4095,4095,0,0,0,0,0,0,0
19/08/25 14:30:06,1064.334,703710,SHK0000001,2069,2080,860,4095,4095,4095,0,0,0,0,0,0,0
19/08/25 14:30:07,1065.326,703710,SHK0000001,2079,2070,860,4095,4095,4095,0,0,0,0,0,0,0
19/08/25 14:30:08,1066.325,703710,SHK0000001,2075,2077,861,4095,4095,4095,0,0,0,0,0,0,0
19/08/25 14:30:09,1067.325,703710,SHK0000001,2071,2076,859,4095,4095,4095,0,0,0,0,0,0,0
19/08/25 14:30:10,1068.333,703710,SHK0000001,2074,2078,861,4095,4095,4095,0,0,0,0,0,0,0
19/08/25 14:30:11,1069.326,703710,SHK0000001,2071,2077,861,4095,4095,4095,0,0,0,0,0,0,0
19/08/25 14:30:12,1070.327,703710,SHK0000001,2072,2072,860,4095,4095,4095,0,0,0,0,0,0,0
19/08/25 14:30:13,1071.324,703710,SHK0000001,2074,2077,862,4095,4095,4095,0,0,0,0,0,0,0
19/08/25 14:30:14,1072.332,703710,SHK0000001,2078,2076,862,4095,4095,4095,0,0,0,0,0,0,0
19/08/25 14:30:15,1073.325,703710,SHK0000001,2069,2075,862,4095,4095,4095,0,0,0,0,0,0,0
19/08/25 14:32:15,1193.496,703710,SHK0000001,2074,2076,878,4095,4095,4095,0,0,0,0,0,0,0
19/08/25 14:32:16,1194.492,703710,SHK0000001,2075,2081,877,4095,4095,4095,0,0,0,0,0,0,0
19/08/25 14:32:17,1195.502,703710,SHK0000001,2074,2082,877,4095,4095,4095,0,0,0,0,0,0,0
19/08/25 14:32:18,1196.491,703710,SHK0000001,2072,2070,878,4095,4095,4095,0,0,0,0,0,0,0
19/08/25 14:32:19,1197.498,703710,SHK0000001,2076,2073,875,4095,4095,4095,0,0,0,0,0,0,0
19/08/25 14:32:20,1198.491,703710,SHK0000001,2079,2072,878,4095,4095,4095,0,0,0,0,0,0,0
19/08/25 14:32:21,1199.505,703710,SHK0000001,2073,2073,877,4095,4095,4095,0,0,0,0,0,0,0
19/08/25 14:32:22,1200.49,703710,SHK0000001,2074,2071,875,4095,4095,4095,0,0,0,0,0,0,0
19/08/25 14:32:23,1201.502,703710,SHK0000001,2075,2074,877,4095,4095,4095,0,0,0,0,0,0,0
19/08/25 14:32:24,1202.493,703710,SHK0000001,2074,2066,878,4095,4095,4095,0,0,0,0,0,0,0
19/08/25 14:32:25,1203.497,703710,SHK0000001,2078,2078,877,4095,4095,4095,0,0,0,0,0,0,0
19/08/25 14:32:26,1204.492,703710,SHK0000001,2069,2073,879,4095,4095,4095,0,0,0,0,0,0,0
19/08/25 14:32:27,1205.504,703710,SHK0000001,2076,2070,878,4095,4095,4095,0,0,0,0,0,0,0
19/08/25 14:32:28,1206.496,703710,SHK0000001,2082,2068,876,4095,4095,4095,0,0,0,0,0,0,0
19/08/25 14:32:29,1207.496,703710,SHK0000001,2069,2076,879,4095,4095,4095,0,0,0,0,0,0,0
19/08/25 14:32:30,1208.495,703710,SHK0000001,2077,2075,877,4095,4095,4095,0,0,0,0,0,0,0
19/08/25 14:32:31,1209.5,703710,SHK0000001,2076,2076,878,4095,4095,4095,0,0,0,0,0,0,0
19/08/25 14:32:32,1210.487,703710,SHK0000001,2074,2071,879,4095,4095,4095,0,0,0,0,0,0,0
19/08/25 14:32:33,1211.504,703710,SHK0000001,2075,2073,877,4095,4095,4095,0,0,0,0,0,0,0
19/08/25 14:32:34,1212.493,703710,SHK0000001,2068,2070,877,4095,4095,4095,0,0,0,0,0,0,0
19/08/25 14:32:35,1213.504,703710,SHK0000001,2074,2074,878,4095,4095,4095,0,0,0,0,0,0,0
19/08/25 14:32:36,1214.492,703710,SHK0000001,2075,2072,876,4095,4095,4095,0,0,0,0,0,0,0
19/08/25 14:32:37,1215.5,703710,SHK0000001,2079,2079,879,4095,4095,4095,0,0,0,0,0,0,0
19/08/25 14:32:38,1216.495,703710,SHK0000001,2073,2074,879,4095,4095,4095,0,0,0,0,0,0,0
19/08/25 14:32:39,1217.497,703710,SHK0000001,2074,2073,877,4095,4095,4095,0,0,0,0,0,0,0
19/08/25 14:32:40,1218.495,703710,SHK0000001,2071,2077,880,4095,4095,4095,0,0,0,0,0,0,0
19/08/25 14:32:41,1219.504,703710,SHK0000001,2071,2076,879,4095,4095,4095,0,0,0,0,0,0,0
19/08/25 14:32:42,1220.491,703710,SHK0000001,2075,2067,877,4095,4095,4095,0,0,0,0,0,0,0
19/08/25 14:32:43,1221.502,703710,SHK0000001,2074,2078,879,4095,4095,4095,0,0,0,0,0,0,0
19/08/25 14:32:44,1222.488,703710,SHK0000001,2074,2078,877,4095,4095,4095,0,0,0,0,0,0,0
19/08/25 14:32:45,1223.496,703710,SHK0000001,2078,2079,877,4095,4095,4095,0,0,0,0,0,0,0
19/08/25 14:32:46,1224.488,703710,SHK0000001,2072,2077,879,4095,4095,4095,0,0,0,0,0,0,0
19/08/25 14:32:47,1225.498,703710,SHK0000001,2074,2074,877,4095,4095,4095,0,0,0,0,0,0,0
19/08/25 14:32:48,1226.495,703710,SHK0000001,2072,2074,876,4095,4095,4095,0,0,0,0,0,0,0
19/08/25 14:32:49,1227.499,703710,SHK0000001,2081,2080,879,4095,4095,4095,0,0,0,0,0,0,0
19/08/25 14:32:50,1228.496,703710,SHK0000001,2082,2075,876,4095,4095,4095,0,0,0,0,0,0,0
19/08/25 14:32:51,1229.501,703710,SHK0000001,2074,2081,877,4095,4095,4095,0,0,0,0,0,0,0
19/08/25 14:32:52,1230.492,703710,SHK0000001,2081,2071,876,4095,4095,4095,0,0,0,0,0,0,0
19/08/25 14:32:53,1231.496,703710,SHK0000001,2079,2073,877,4095,4095,4095,0,0,0,0,0,0,0
19/08/25 14:32:54,1232.496,703710,SHK0000001,2079,2080,879,4095,4095,4095,0,0,0,0,0,0,0
19/08/25 14:32:55,1233.502,703710,SHK0000001,2079,2075,878,4095,4095,4095,0,0,0,0,0,0,0
19/08/25 14:32:56,1234.494,703710,SHK0000001,2065,2077,876,4095,4095,4095,0,0,0,0,0,0,0
19/08/25 14:32:57,1235.504,703710,SHK0000001,2076,2081,879,4095,4095,4095,0,0,0,0,0,0,0
19/08/25 14:32:58,1236.491,703710,SHK0000001,2070,2077,878,4095,4095,4095,0,0,0,0,0,0,0
19/08/25 14:32:59,1237.503,703710,SHK0000001,2074,2078,878,4095,4095,4095,0,0,0,0,0,0,0
19/08/25 14:33:00,1238.493,703710,SHK0000001,2076,2075,879,4095,4095,4095,0,0,0,0,0,0,0
19/08/25 14:33:01,1239.497,703710,SHK0000001,2072,2078,877,4095,4095,4095,0,0,0,0,0,0,0
19/08/25 14:33:02,1240.492,703710,SHK0000001,2075,2071,878,4095,4095,4095,0,0,0,0,0,0,0
19/08/25 14:33:03,1241.498,703710,SHK0000001,2078,2073,881,4095,4095,4095,0,0,0,0,0,0,0
19/08/25 14:33:04,1242.49,703710,SHK0000001,2073,2073,878,4095,4095,4095,0,0,0,0,0,0,0
19/08/25 14:33:05,1243.501,703710,SHK0000001,2078,2074,878,4095,4095,4095,0,0,0,0,0,0,0
19/08/25 14:33:06,1244.488,703710,SHK0000001,2070,2074,879,4095,4095,4095,0,0,0,0,0,0,0
19/08/25 14:33:07,1245.502,703710,SHK0000001,2075,2072,877,4095,4095,4095,0,0,0,0,0,0,0
19/08/25 14:33:08,1246.491,703710,SHK0000001,2072,2075,878,4095,4095,4095,0,0,0,0,0,0,0
19/08/25 14:33:09,1247.496,703710,SHK0000001,2070,2070,879,4095,4095,4095,0,0,0,0,0,0,0
19/08/25 14:33:10,1248.49,703710,SHK0000001,2076,2070,878,4095,4095,4095,0,0,0,0,0,0,0
19/08/25 14:33:11,1249.497,703710,SHK0000001,2073,2074,880,4095,4095,4095,0,0,0,0,0,0,0
19/08/25 14:33:12,1250.489,703710,SHK0000001,2070,2078,879,4095,4095,4095,0,0,0,0,0,0,0
19/08/25 14:33:13,1251.502,703710,SHK0000001,2074,2077,878,4095,4095,4095,0,0,0,0,0,0,0
19/08/25 14:33:14,1252.494,703710,SHK0000001,2078,2075,880,4095,4095,4095,0,0,0,0,0,0,0
19/08/25 14:33:15,1253.496,703710,SHK0000001,2072,2076,878,4095,4095,4095,0,0,0,0,0,0,0
19/08/25 14:33:16,1254.494,703710,SHK0000001,2075,2077,878,4095,4095,4095,0,0,0,0,0,0,0
19/08/25 14:33:17,1255.498,703710,SHK0000001,2075,2080,880,4095,4095,4095,0,0,0,0,0,0,0
19/08/25 14:33:18,1256.493,703710,SHK0000001,2071,2071,877,4095,4095,4095,0,0,0,0,0,0,0
19/08/25 14:33:19,1257.495,703710,SHK0000001,2076,2071,879,4095,4095,4095,0,0,0,0,0,0,0
19/08/25 14:33:20,1258.492,703710,SHK0000001,2069,2070,880,4095,4095,4095,0,0,0,0,0,0,0
19/08/25 14:33:21,1259.497,703710,SHK0000001,2066,2076,878,4095,4095,4095,0,0,0,0,0,0,0
19/08/25 14:33:22,1260.492,703710,SHK0000001,2073,2074,881,4095,4095,4095,0,0,0,0,0,0,0
19/08/25 14:33:23,1261.503,703710,SHK0000001,2076,2072,879,4095,4095,4095,0,0,0,0,0,0,0
19/08/25 14:33:24,1262.488,703710,SHK0000001,2068,2071,878,4095,4095,4095,0,0,0,0,0,0,0
19/08/25 14:33:25,1263.501,703710,SHK0000001,2080,2070,880,4095,4095,4095,0,0,0,0,0,0,0
19/08/25 14:33:26,1264.493,703710,SHK0000001,2076,2078,881,4095,4095,4095,0,0,0,0,0,0,0
19/08/25 14:33:27,1265.498,703710,SHK0000001,2074,2078,878,4095,4095,4095,0,0,0,0,0,0,0
19/08/25 14:33:28,1266.495,703710,SHK0000001,2077,2073,880,4095,4095,4095,0,0,0,0,0,0,0
19/08/25 14:33:29,1267.5,703710,SHK0000001,2067,2072,879,4095,4095,4095,0,0,0,0,0,0,0
19/08/25 14:33:30,1268.491,703710,SHK0000001,2070,2073,880,4095,4095,4095,0,0,0,0,0,0,0
19/08/25 14:33:31,1269.497,703710,SHK0000001,2071,2073,881,4095,4095,4095,0,0,0,0,0,0,0
19/08/25 14:33:32,1270.496,703710,SHK0000001,2077,2071,879,4095,4095,4095,0,0,0,0,0,0,0
19/08/25 14:33:33,1271.502,703710,SHK0000001,2074,2076,880,4095,4095,4095,0,0,0,0,0,0,0
19/08/25 14:33:34,1272.493,703710,SHK0000001,2070,2075,881,4095,4095,4095,0,0,0,0,0,0,0
19/08/25 14:33:35,1273.503,703710,SHK0000001,2076,2082,879,4095,4095,4095,0,0,0,0,0,0,0
19/08/25 14:33:36,1274.495,703710,SHK0000001,2077,2072,881,4095,4095,4095,0,0,0,0,0,0,0
19/08/25 14:33:37,1275.497,703710,SHK0000001,2070,2076,881,4095,4095,4095,0,0,0,0,0,0,0
19/08/25 14:33:38,1276.494,703710,SHK0000001,2079,2077,879,4095,4095,4095,0,0,0,0,0,0,0
19/08/25 14:33:39,1277.5,703710,SHK0000001,2074,2080,882,4095,4095,4095,0,0,0,0,0,0,0
19/08/25 14:33:40,1278.487,703710,SHK0000001,2077,2069,881,4095,4095,4095,0,0,0,0,0,0,0
19/08/25 14:33:41,1279.502,703710,SHK0000001,2073,2073,879,4095,4095,4095,0,0,0,0,0,0,0
19/08/25 14:33:42,1280.489,703710,SHK0000001,2075,2075,882,4095,4095,4095,0,0,0,0,0,0,0
19/08/25 14:33:43,1281.503,703710,SHK0000001,2078,2077,881,4095,4095,4095,0,0,0,0,0,0,0
19/08/25 14:33:44,1282.496,703710,SHK0000001,2075,2075,879,4095,4095,4095,0,0,0,0,0,0,0
19/08/25 14:33:45,1283.496,703710,SHK0000001,2081,2072,882,4095,4095,4095,0,0,0,0,0,0,0
19/08/25 14:33:46,1284.492,703710,SHK0000001,2076,2073,880,4095,4095,4095,0,0,0,0,0,0,0
19/08/25 14:33:47,1285.495,703710,SHK0000001,2073,2071,880,4095,4095,4095,0,0,0,0,0,0,0
19/08/25 14:33:48,1286.49,703710,SHK0000001,2075,2077,883,4095,4095,4095,0,0,0,0,0,0,0
19/08/25 14:33:49,1287.5,703710,SHK0000001,2073,2075,880,4095,4095,4095,0,0,0,0,0,0,0
19/08/25 14:33:50,1288.492,703710,SHK0000001,2075,2071,882,4095,4095,4095,0,0,0,0,0,0,0
19/08/25 14:33:51,1289.498,703710,SHK0000001,2074,2077,883,4095,4095,4095,0,0,0,0,0,0,0
19/08/25 14:33:52,1290.489,703710,SHK0000001,2073,2081,880,4095,4095,4095,0,0,0,0,0,0,0
19/08/25 14:33:53,1291.504,703710,SHK0000001,2072,2075,883,4095,4095,4095,0,0,0,0,0,0,0
19/08/25 14:33:54,1292.488,703710,SHK0000001,2075,2072,882,4095,4095,4095,0,0,0,0,0,0,0
19/08/25 14:33:55,1293.499,703710,SHK0000001,2074,2078,881,4095,4095,4095,0,0,0,0,0,0,0
19/08/25 14:33:56,1294.487,703710,SHK0000001,2072,2079,882,4095,4095,4095,0,0,0,0,0,0,0
19/08/25 14:33:57,1295.503,703710,SHK0000001,2071,2075,882,4095,4095,4095,0,0,0,0,0,0,0
19/08/25 14:33:58,1296.488,703710,SHK0000001,2070,2072,880,4095,4095,4095,0,0,0,0,0,0,0
19/08/25 14:33:59,1297.495,703710,SHK0000001,2073,2072,883,4095,4095,4095,0,0,0,0,0,0,0
19/08/25 14:34:00,1298.488,703710,SHK0000001,2077,2073,882,4095,4095,4095,0,0,0,0,0,0,0
19/08/25 14:34:01,1299.5,703710,SHK0000001,2068,2075,882,4095,4095,4095,0,0,0,0,0,0,0
19/08/25 14:34:02,1300.488,703710,SHK0000001,2075,2075,883,4095,4095,4095,0,0,0,0,0,0,0
19/08/25 14:34:03,1301.501,703710,SHK0000001,2073,2077,882,4095,4095,4095,0,0,0,0,0,0,0
19/08/25 14:34:04,1302.492,703710,SHK0000001,2070,2074,882,4095,4095,4095,0,0,0,0,0,0,0
19/08/25 14:34:05,1303.498,703710,SHK0000001,2070,2075,884,4095,4095,4095,0,0,0,0,0,0,0
19/08/25 14:34:06,1304.488,703710,SHK0000001,2078,2071,882,4095,4095,4095,0,0,0,0,0,0,0
19/08/25 14:34:07,1305.504,703710,SHK0000001,2070,2072,883,4095,4095,4095,0,0,0,0,0,0,0
19/08/25 14:34:08,1306.494,703710,SHK0000001,2074,2079,884,4095,4095,4095,0,0,0,0,0,0,0
19/08/25 14:34:09,1307.496,703710,SHK0000001,2069,2069,882,4095,4095,4095,0,0,0,0,0,0,0
19/08/25 14:34:10,1308.493,703710,SHK0000001,2075,2069,884,4095,4095,4095,0,0,0,0,0,0,0
19/08/25 14:34:11,1309.495,703710,SHK0000001,2065,2079,883,4095,4095,4095,0,0,0,0,0,0,0
19/08/25 14:34:12,1310.49,703710,SHK0000001,2066,2067,881,4095,4095,4095,0,0,0,0,0,0,0
19/08/25 14:34:13,1311.495,703710,SHK0000001,2073,2080,883,4095,4095,4095,0,0,0,0,0,0,0
19/08/25 14:34:14,1312.487,703710,SHK0000001,2072,2072,881,4095,4095,4095,0,0,0,0,0,0,0
19/08/25 14:34:15,1313.502,703710,SHK0000001,2071,2072,881,4095,4095,4095,0,0,0,0,0,0,0
19/08/25 14:34:16,1314.486,703710,SHK0000001,2078,2083,883,4095,4095,4095,0,0,0,0,0,0,0
19/08/25 14:34:17,1315.501,703710,SHK0000001,2076,2073,882,4095,4095,4095,0,0,0,0,0,0,0
19/08/25 14:34:18,1316.495,703710,SHK0000001,2083,2072,883,4095,4095,4095,0,0,0,0,0,0,0
19/08/25 14:34:19,1317.497,703710,SHK0000001,2076,2074,885,4095,4095,4095,0,0,0,0,0,0,0
19/08/25 14:34:20,1318.485,703710,SHK0000001,2076,2072,882,4095,4095,4095,0,0,0,0,0,0,0
19/08/25 14:34:21,1319.503,703710,SHK0000001,2075,2070,883,4095,4095,4095,0,0,0,0,0,0,0
19/08/25 14:34:22,1320.487,703710,SHK0000001,2064,2071,883,4095,4095,4095,0,0,0,0,0,0,0
19/08/25 14:34:23,1321.496,703710,SHK0000001,2072,2075,881,4095,4095,4095,0,0,0,0,0,0,0
19/08/25 14:34:24,1322.49,703710,SHK0000001,2080,2080,883,4095,4095,4095,0,0,0,0,0,0,0
19/08/25 14:34:25,1323.494,703710,SHK0000001,2075,2080,882,4095,4095,4095,0,0,0,0,0,0,0
19/08/25 14:34:26,1324.488,703710,SHK0000001,2074,2078,881,4095,4095,4095,0,0,0,0,0,0,0
19/08/25 14:34:27,1325.497,703710,SHK0000001,2065,2072,884,4095,4095,4095,0,0,0,0,0,0,0
19/08/25 14:34:28,1326.492,703710,SHK0000001,2072,2075,882,4095,4095,4095,0,0,0,0,0,0,0
19/08/25 14:34:29,1327.495,703710,SHK0000001,2080,2080,882,4095,4095,4095,0,0,0,0,0,0,0
19/08/25 14:34:30,1328.495,703710,SHK0000001,2070,2075,885,4095,4095,4095,0,0,0,0,0,0,0
19/08/25 14:34:31,1329.501,703710,SHK0000001,2075,2070,882,4095,4095,4095,0,0,0,0,0,0,0
19/08/25 14:34:32,1330.493,703710,SHK0000001,2081,2080,881,4095,4095,4095,0,0,0,0,0,0,0
19/08/25 14:34:33,1331.496,703710,SHK0000001,2079,2067,884,4095,4095,4095,0,0,0,0,0,0,0
19/08/25 14:34:34,1332.491,703710,SHK0000001,2076,2070,881,4095,4095,4095,0,0,0,0,0,0,0
19/08/25 14:34:35,1333.496,703710,SHK0000001,2080,2079,882,4095,4095,4095,0,0,0,0,0,0,0
19/08/25 14:34:36,1334.486,703710,SHK0000001,2079,2074,883,4095,4095,4095,0,0,0,0,0,0,0
19/08/25 14:34:37,1335.501,703710,SHK0000001,2073,2074,881,4095,4095,4095,0,0,0,0,0,0,0
19/08/25 14:34:38,1336.486,703710,SHK0000001,2077,2077,884,4095,4095,4095,0,0,0,0,0,0,0
19/08/25 14:34:39,1337.497,703710,SHK0000001,2075,2071,884,4095,4095,4095,0,0,0,0,0,0,0
19/08/25 14:34:40,1338.49,703710,SHK0000001,2068,2074,883,4095,4095,4095,0,0,0,0,0,0,0
19/08/25 14:34:41,1339.493,703710,SHK0000001,2076,2073,885,4095,4095,4095,0,0,0,0,0,0,0
19/08/25 14:34:42,1340.489,703710,SHK0000001,2074,2075,883,4095,4095,4095,0,0,0,0,0,0,0
19/08/25 14:34:43,1341.502,703710,SHK0000001,2074,2082,882,4095,4095,4095,0,0,0,0,0,0,0
19/08/25 14:34:44,1342.489,703710,SHK0000001,2072,2068,885,4095,4095,4095,0,0,0,0,0,0,0
19/08/25 14:34:45,1343.499,703710,SHK0000001,2074,2079,883,4095,4095,4095,0,0,0,0,0,0,0
19/08/25 14:34:46,1344.493,703710,SHK0000001,2079,2069,884,4095,4095,4095,0,0,0,0,0,0,0
19/08/25 14:34:47,1345.495,703710,SHK0000001,2082,2078,886,4095,4095,4095,0,0,0,0,0,0,0
19/08/25 14:34:48,1346.489,703710,SHK0000001,2073,2073,884,4095,4095,4095,0,0,0,0,0,0,0
19/08/25 14:34:49,1347.502,703710,SHK0000001,2080,2075,885,4095,4095,4095,0,0,0,0,0,0,0
19/08/25 14:34:50,1348.492,703710,SHK0000001,2071,2072,886,4095,4095,4095,0,0,0,0,0,0,0
19/08/25 14:34:51,1349.495,703710,SHK0000001,2076,2073,885,4095,4095,4095,0,0,0,0,0,0,0
19/08/25 14:34:52,1350.493,703710,SHK0000001,2070,2081,887,4095,4095,4095,0,0,0,0,0,0,0
19/08/25 14:34:53,1351.496,703710,SHK0000001,2068,2077,886,4095,4095,4095,0,0,0,0,0,0,0
19/08/25 14:34:54,1352.495,703710,SHK0000001,2077,2075,884,4095,4095,4095,0,0,0,0,0,0,0
19/08/25 14:34:55,1353.496,703710,SHK0000001,2081,2079,886,4095,4095,4095,0,0,0,0,0,0,0
19/08/25 14:34:56,1354.493,703710,SHK0000001,2077,2076,886,4095,4095,4095,0,0,0,0,0,0,0
19/08/25 14:34:57,1355.498,703710,SHK0000001,2077,2073,884,4095,4095,4095,0,0,0,0,0,0,0
19/08/25 14:34:58,1356.492,703710,SHK0000001,2071,2073,887,4095,4095,4095,0,0,0,0,0,0,0
19/08/25 14:34:59,1357.497,703710,SHK0000001,2075,2072,885,4095,4095,4095,0,0,0,0,0,0,0
19/08/25 14:35:00,1358.495,703710,SHK0000001,2071,2080,885,4095,4095,4095,0,0,0,0,0,0,0
19/08/25 14:35:01,1359.502,703710,SHK0000001,2074,2074,886,4095,4095,4095,0,0,0,0,0,0,0
19/08/25 14:35:02,1360.493,703710,SHK0000001,2078,2069,885,4095,4095,4095,0,0,0,0,0,0,0
19/08/25 14:35:03,1361.497,703710,SHK0000001,2071,2069,885,4095,4095,4095,0,0,0,0,0,0,0
19/08/25 14:35:04,1362.487,703710,SHK0000001,2078,2072,887,4095,4095,4095,0,0,0,0,0,0,0
19/08/25 14:35:05,1363.497,703710,SHK0000001,2072,2078,885,4095,4095,4095,0,0,0,0,0,0,0
19/08/25 14:35:06,1364.494,703710,SHK0000001,2071,2076,886,4095,4095,4095,0,0,0,0,0,0,0
19/08/25 14:35:07,1365.498,703710,SHK0000001,2073,2070,886,4095,4095,4095,0,0,0,0,0,0,0
19/08/25 14:35:08,1366.488,703710,SHK0000001,2070,2080,885,4095,4095,4095,0,0,0,0,0,0,0
19/08/25 14:35:09,1367.503,703710,SHK0000001,2073,2078,887,4095,4095,4095,0,0,0,0,0,0,0
19/08/25 14:35:10,1368.493,703710,SHK0000001,2077,2076,886,4095,4095,4095,0,0,0,0,0,0,0
19/08/25 14:35:11,1369.497,703710,SHK0000001,2084,2075,886,4095,4095,4095,0,0,0,0,0,0,0
19/08/25 14:35:12,1370.492,703710,SHK0000001,2073,2077,888,4095,4095,4095,0,0,0,0,0,0,0
19/08/25 14:35:13,1371.497,703710,SHK0000001,2076,2069,887,4095,4095,4095,0,0,0,0,0,0,0
19/08/25 14:35:14,1372.493,703710,SHK0000001,2074,2073,887,4095,4095,4095,0,0,0,0,0,0,0
19/08/25 14:35:15,1373.498,703710,SHK0000001,2072,2078,889,4095,4095,4095,0,0,0,0,0,0,0
19/08/25 14:35:16,1374.491,703710,SHK0000001,2078,2075,887,4095,4095,4095,0,0,0,0,0,0,0
19/08/25 14:35:17,1375.501,703710,SHK0000001,2075,2073,887,4095,4095,4095,0,0,0,0,0,0,0
19/08/25 14:35:18,1376.492,703710,SHK0000001,2077,2079,889,4095,4095,4095,0,0,0,0,0,0,0
19/08/25 14:35:19,1377.495,703710,SHK0000001,2069,2070,888,4095,4095,4095,0,0,0,0,0,0,0
19/08/25 14:35:20,1378.492,703710,SHK0000001,2072,2076,888,4095,4095,4095,0,0,0,0,0,0,0
19/08/25 14:35:21,1379.5,703710,SHK0000001,2071,2074,889,4095,4095,4095,0,0,0,0,0,0,0
19/08/25 14:35:22,1380.493,703710,SHK0000001,2072,2073,887,4095,4095,4095,0,0,0,0,0,0,0
19/08/25 14:35:23,1381.493,703710,SHK0000001,2073,2070,889,4095,4095,4095,0,0,0,0,0,0,0
19/08/25 14:35:24,1382.487,703710,SHK0000001,2075,2075,889,4095,4095,4095,0,0,0,0,0,0,0
19/08/25 14:35:25,1383.498,703710,SHK0000001,2073,2073,887,4095,4095,4095,0,0,0,0,0,0,0
19/08/25 14:35:26,1384.493,703710,SHK0000001,2076,2074,889,4095,4095,4095,0,0,0,0,0,0,0
19/08/25 14:35:27,1385.498,703710,SHK0000001,2079,2068,889,4095,4095,4095,0,0,0,0,0,0,0
19/08/25 14:35:28,1386.495,703710,SHK0000001,2068,2074,887,4095,4095,4095,0,0,0,0,0,0,0
19/08/25 14:35:29,1387.502,703710,SHK0000001,2072,2073,889,4095,4095,4095,0,0,0,0,0,0,0
19/08/25 14:35:30,1388.493,703710,SHK0000001,2073,2073,889,4095,4095,4095,0,0,0,0,0,0,0
19/08/25 14:35:31,1389.499,703710,SHK0000001,2072,2071,888,4095,4095,4095,0,0,0,0,0,0,0
19/08/25 14:35:32,1390.493,703710,SHK0000001,2076,2075,891,4095,4095,4095,0,0,0,0,0,0,0
19/08/25 14:35:33,1391.497,703710,SHK0000001,2074,2076,888,4095,4095,4095,0,0,0,0,0,0,0
19/08/25 14:35:34,1392.491,703710,SHK0000001,2079,2074,889,4095,4095,4095,0,0,0,0,0,0,0
19/08/25 14:35:35,1393.501,703710,SHK0000001,2078,2074,890,4095,4095,4095,0,0,0,0,0,0,0
19/08/25 14:35:36,1394.491,703710,SHK0000001,2072,2073,889,4095,4095,4095,0,0,0,0,0,0,0
19/08/25 14:35:37,1395.497,703710,SHK0000001,2072,2067,890,4095,4095,4095,0,0,0,0,0,0,0
19/08/25 14:35:38,1396.492,703710,SHK0000001,2080,2072,891,4095,4095,4095,0,0,0,0,0,0,0
19/08/25 14:35:39,1397.5,703710,SHK0000001,2077,2075,889,4095,4095,4095,0,0,0,0,0,0,0
19/08/25 14:35:40,1398.491,703710,SHK0000001,2071,2077,890,4095,4095,4095,0,0,0,0,0,0,0
19/08/25 14:35:41,1399.501,703710,SHK0000001,2070,2074,891,4095,4095,4095,0,0,0,0,0,0,0
19/08/25 14:35:42,1400.488,703710,SHK0000001,2073,2079,889,4095,4095,4095,0,0,0,0,0,0,0
19/08/25 14:35:43,1401.5,703710,SHK0000001,2071,2073,893,4095,4095,4095,0,0,0,0,0,0,0
19/08/25 14:35:44,1402.492,703710,SHK0000001,2079,2077,890,4095,4095,4095,0,0,0,0,0,0,0
19/08/25 14:35:45,1403.502,703710,SHK0000001,2077,2081,889,4095,4095,4095,0,0,0,0,0,0,0
19/08/25 14:35:46,1404.496,703710,SHK0000001,2073,2074,892,4095,4095,4095,0,0,0,0,0,0,0
19/08/25 14:35:47,1405.503,703710,SHK0000001,2073,2074,890,4095,4095,4095,0,0,0,0,0,0,0
19/08/25 14:35:48,1406.486,703710,SHK0000001,2073,2070,890,4095,4095,4095,0,0,0,0,0,0,0
19/08/25 14:35:49,1407.497,703710,SHK0000001,2068,2075,892,4095,4095,4095,0,0,0,0,0,0,0
19/08/25 14:35:50,1408.491,703710,SHK0000001,2079,2079,890,4095,4095,4095,0,0,0,0,0,0,0
19/08/25 14:35:51,1409.5,703710,SHK0000001,2079,2074,890,4095,4095,4095,0,0,0,0,0,0,0
19/08/25 14:35:52,1410.49,703710,SHK0000001,2081,2072,892,4095,4095,4095,0,0,0,0,0,0,0
19/08/25 14:35:53,1411.501,703710,SHK0000001,2070,2073,891,4095,4095,4095,0,0,0,0,0,0,0
19/08/25 14:35:54,1412.492,703710,SHK0000001,2075,2075,892,4095,4095,4095,0,0,0,0,0,0,0
19/08/25 14:35:55,1413.499,703710,SHK0000001,2072,2076,892,4095,4095,4095,0,0,0,0,0,0,0
19/08/25 14:35:56,1414.492,703710,SHK0000001,2078,2070,891,4095,4095,4095,0,0,0,0,0,0,0
19/08/25 14:35:57,1415.501,703710,SHK0000001,2078,2076,893,4095,4095,4095,0,0,0,0,0,0,0
19/08/25 14:35:58,1416.49,703710,SHK0000001,2079,2077,892,4095,4095,4095,0,0,0,0,0,0,0
19/08/25 14:35:59,1417.498,703710,SHK0000001,2074,2075,890,4095,4095,4095,0,0,0,0,0,0,0
19/08/25 14:36:00,1418.486,703710,SHK0000001,2068,2074,893,4095,4095,4095,0,0,0,0,0,0,0
19/08/25 14:36:01,1419.499,703710,SHK0000001,2079,2075,891,4095,4095,4095,0,0,0,0,0,0,0
19/08/25 14:36:02,1420.494,703710,SHK0000001,2068,2074,891,4095,4095,4095,0,0,0,0,0,0,0
19/08/25 14:36:03,1421.496,703710,SHK0000001,2073,2075,893,4095,4095,4095,0,0,0,0,0,0,0
19/08/25 14:36:04,1422.493,703710,SHK0000001,2072,2076,891,4095,4095,4095,0,0,0,0,0,0,0
19/08/25 14:36:05,1423.5,703710,SHK0000001,2077,2073,892,4095,4095,4095,0,0,0,0,0,0,0
19/08/25 14:36:06,1424.491,703710,SHK0000001,2070,2074,893,4095,4095,4095,0,0,0,0,0,0,0
19/08/25 14:36:07,1425.503,703710,SHK0000001,2078,2075,891,4095,4095,4095,0,0,0,0,0,0,0
19/08/25 14:36:08,1426.493,703710,SHK0000001,2076,2080,893,4095,4095,4095,0,0,0,0,0,0,0
19/08/25 14:36:09,1427.497,703710,SHK0000001,2072,2073,894,4095,4095,4095,0,0,0,0,0,0,0
19/08/25 14:36:10,1428.489,703710,SHK0000001,2073,2080,892,4095,4095,4095,0,0,0,0,0,0,0
19/08/25 14:36:11,1429.493,703710,SHK0000001,2074,2070,895,4095,4095,4095,0,0,0,0,0,0,0
19/08/25 14:36:12,1430.49,703710,SHK0000001,2069,2075,895,4095,4095,4095,0,0,0,0,0,0,0
19/08/25 14:36:13,1431.493,703710,SHK0000001,2076,2074,893,4095,4095,4095,0,0,0,0,0,0,0
19/08/25 14:36:14,1432.49,703710,SHK0000001,2075,2073,896,4095,4095,4095,0,0,0,0,0,0,0
19/08/25 14:36:15,1433.497,703710,SHK0000001,2082,2070,894,4095,4095,4095,0,0,0,0,0,0,0
19/08/25 14:36:16,1434.486,703710,SHK0000001,2070,2069,893,4095,4095,4095,0,0,0,0,0,0,0
19/08/25 14:36:17,1435.502,703710,SHK0000001,2073,2076,895,4095,4095,4095,0,0,0,0,0,0,0
19/08/25 14:36:18,1436.488,703710,SHK0000001,2078,2076,894,4095,4095,4095,0,0,0,0,0,0,0
19/08/25 14:36:19,1437.5,703710,SHK0000001,2074,2078,894,4095,4095,4095,0,0,0,0,0,0,0
19/08/25 14:36:20,1438.492,703710,SHK0000001,2072,2070,896,4095,4095,4095,0,0,0,0,0,0,0
19/08/25 14:36:21,1439.499,703710,SHK0000001,2078,2075,894,4095,4095,4095,0,0,0,0,0,0,0
19/08/25 14:36:22,1440.496,703710,SHK0000001,2072,2078,895,4095,4095,4095,0,0,0,0,0,0,0
19/08/25 14:36:23,1441.497,703710,SHK0000001,2072,2072,896,4095,4095,4095,0,0,0,0,0,0,0
19/08/25 14:36:24,1442.491,703710,SHK0000001,2079,2076,894,4095,4095,4095,0,0,0,0,0,0,0
19/08/25 14:36:25,1443.495,703710,SHK0000001,2072,2077,896,4095,4095,4095,0,0,0,0,0,0,0
19/08/25 14:36:26,1444.495,703710,SHK0000001,2074,2074,896,4095,4095,4095,0,0,0,0,0,0,0
19/08/25 14:36:27,1445.494,703710,SHK0000001,2072,2075,895,4095,4095,4095,0,0,0,0,0,0,0
19/08/25 14:36:28,1446.491,703710,SHK0000001,2077,2071,898,4095,4095,4095,0,0,0,0,0,0,0
19/08/25 14:36:29,1447.498,703710,SHK0000001,2077,2066,897,4095,4095,4095,0,0,0,0,0,0,0
19/08/25 14:36:30,1448.485,703710,SHK0000001,2074,2074,896,4095,4095,4095,0,0,0,0,0,0,0
19/08/25 14:36:31,1449.501,703710,SHK0000001,2075,2080,898,4095,4095,4095,0,0,0,0,0,0,0
19/08/25 14:36:32,1450.486,703710,SHK0000001,2073,2074,896,4095,4095,4095,0,0,0,0,0,0,0
19/08/25 14:36:33,1451.498,703710,SHK0000001,2073,2069,896,4095,4095,4095,0,0,0,0,0,0,0
19/08/25 14:36:34,1452.494,703710,SHK0000001,2072,2075,898,4095,4095,4095,0,0,0,0,0,0,0
19/08/25 14:36:35,1453.493,703710,SHK0000001,2074,2075,897,4095,4095,4095,0,0,0,0,0,0,0
19/08/25 14:36:36,1454.495,703710,SHK0000001,2074,2077,897,4095,4095,4095,0,0,0,0,0,0,0
19/08/25 14:36:37,1455.496,703710,SHK0000001,2076,2076,898,4095,4095,4095,0,0,0,0,0,0,0
19/08/25 14:36:38,1456.489,703710,SHK0000001,2077,2073,895,4095,4095,4095,0,0,0,0,0,0,0
19/08/25 14:36:39,1457.497,703710,SHK0000001,2075,2073,898,4095,4095,4095,0,0,0,0,0,0,0
19/08/25 14:36:40,1458.493,703710,SHK0000001,2078,2071,898,4095,4095,4095,0,0,0,0,0,0,0
19/08/25 14:36:41,1459.498,703710,SHK0000001,2077,2076,897,4095,4095,4095,0,0,0,0,0,0,0
19/08/25 14:36:42,1460.485,703710,SHK0000001,2071,2064,897,4095,4095,4095,0,0,0,0,0,0,0
19/08/25 14:36:43,1461.498,703710,SHK0000001,2078,2077,898,4095,4095,4095,0,0,0,0,0,0,0
19/08/25 14:36:44,1462.491,703710,SHK0000001,2070,2076,897,4095,4095,4095,0,0,0,0,0,0,0
19/08/25 14:36:45,1463.497,703710,SHK0000001,2077,2076,899,4095,4095,4095,0,0,0,0,0,0,0
19/08/25 14:36:46,1464.488,703710,SHK0000001,2077,2072,898,4095,4095,4095,0,0,0,0,0,0,0
19/08/25 14:36:47,1465.496,703710,SHK0000001,2071,2073,898,4095,4095,4095,0,0,0,0,0,0,0
19/08/25 14:36:48,1466.488,703710,SHK0000001,2077,2072,900,4095,4095,4095,0,0,0,0,0,0,0
19/08/25 14:36:49,1467.494,703710,SHK0000001,2077,2079,898,4095,4095,4095,0,0,0,0,0,0,0
19/08/25 14:36:50,1468.494,703710,SHK0000001,2078,2069,898,4095,4095,4095,0,0,0,0,0,0,0
19/08/25 14:36:51,1469.503,703710,SHK0000001,2076,2073,901,4095,4095,4095,0,0,0,0,0,0,0
19/08/25 14:36:52,1470.494,703710,SHK0000001,2078,2070,898,4095,4095,4095,0,0,0,0,0,0,0
19/08/25 14:36:53,1471.5,703710,SHK0000001,2070,2075,899,4095,4095,4095,0,0,0,0,0,0,0
19/08/25 14:36:54,1472.488,703710,SHK0000001,2074,2070,900,4095,4095,4095,0,0,0,0,0,0,0
19/08/25 14:36:55,1473.499,703710,SHK0000001,2079,2071,898,4095,4095,4095,0,0,0,0,0,0,0
19/08/25 14:36:56,1474.494,703710,SHK0000001,2072,2076,900,4095,4095,4095,0,0,0,0,0,0,0
19/08/25 14:36:57,1475.503,703710,SHK0000001,2078,2071,900,4095,4095,4095,0,0,0,0,0,0,0
19/08/25 14:36:58,1476.494,703710,SHK0000001,2078,2075,899,4095,4095,4095,0,0,0,0,0,0,0
19/08/25 14:36:59,1477.496,703710,SHK0000001,2074,2079,902,4095,4095,4095,0,0,0,0,0,0,0
19/08/25 14:37:00,1478.489,703710,SHK0000001,2071,2069,900,4095,4095,4095,0,0,0,0,0,0,0
19/08/25 14:37:01,1479.499,703710,SHK0000001,2072,2077,899,4095,4095,4095,0,0,0,0,0,0,0
19/08/25 14:37:02,1480.486,703710,SHK0000001,2070,2071,902,4095,4095,4095,0,0,0,0,0,0,0
19/08/25 14:37:03,1481.501,703710,SHK0000001,2076,2078,900,4095,4095,4095,0,0,0,0,0,0,0
19/08/25 14:37:04,1482.491,703710,SHK0000001,2077,2071,901,4095,4095,4095,0,0,0,0,0,0,0
19/08/25 14:37:05,1483.5,703710,SHK0000001,2083,2073,902,4095,4095,4095,0,0,0,0,0,0,0
19/08/25 14:37:06,1484.489,703710,SHK0000001,2074,2070,900,4095,4095,4095,0,0,0,0,0,0,0
19/08/25 14:37:07,1485.497,703710,SHK0000001,2070,2073,901,4095,4095,4095,0,0,0,0,0,0,0
19/08/25 14:37:08,1486.494,703710,SHK0000001,2067,2075,902,4095,4095,4095,0,0,0,0,0,0,0
19/08/25 14:37:09,1487.494,703710,SHK0000001,2070,2075,901,4095,4095,4095,0,0,0,0,0,0,0
19/08/25 14:37:10,1488.492,703710,SHK0000001,2072,2070,902,4095,4095,4095,0,0,0,0,0,0,0
19/08/25 14:37:11,1489.496,703710,SHK0000001,2069,2070,903,4095,4095,4095,0,0,0,0,0,0,0
19/08/25 14:37:12,1490.495,703710,SHK0000001,2078,2075,901,4095,4095,4095,0,0,0,0,0,0,0
19/08/25 14:37:13,1491.5,703710,SHK0000001,2068,2071,904,4095,4095,4095,0,0,0,0,0,0,0
19/08/25 14:37:14,1492.491,703710,SHK0000001,2073,2071,902,4095,4095,4095,0,0,0,0,0,0,0
19/08/25 14:37:15,1493.496,703710,SHK0000001,2073,2074,902,4095,4095,4095,0,0,0,0,0,0,0
19/08/25 14:37:16,1494.485,703710,SHK0000001,2073,2072,904,4095,4095,4095,0,0,0,0,0,0,0
19/08/25 14:37:17,1495.498,703710,SHK0000001,2070,2077,902,4095,4095,4095,0,0,0,0,0,0,0
19/08/25 14:37:18,1496.491,703710,SHK0000001,2072,2074,902,4095,4095,4095,0,0,0,0,0,0,0
19/08/25 14:37:19,1497.494,703710,SHK0000001,2072,2075,904,4095,4095,4095,0,0,0,0,0,0,0
19/08/25 14:37:20,1498.487,703710,SHK0000001,2074,2077,902,4095,4095,4095,0,0,0,0,0,0,0
19/08/25 14:37:21,1499.497,703710,SHK0000001,2073,2078,904,4095,4095,4095,0,0,0,0,0,0,0
19/08/25 14:37:22,1500.489,703710,SHK0000001,2074,2078,904,4095,4095,4095,0,0,0,0,0,0,0
19/08/25 14:37:23,1501.5,703710,SHK0000001,2073,2072,903,4095,4095,4095,0,0,0,0,0,0,0
19/08/25 14:37:24,1502.489,703710,SHK0000001,2073,2071,904,4095,4095,4095,0,0,0,0,0,0,0
19/08/25 14:37:25,1503.498,703710,SHK0000001,2071,2079,905,4095,4095,4095,0,0,0,0,0,0,0
19/08/25 14:37:26,1504.489,703710,SHK0000001,2071,2073,903,4095,4095,4095,0,0,0,0,0,0,0
19/08/25 14:37:27,1505.499,703710,SHK0000001,2073,2076,904,4095,4095,4095,0,0,0,0,0,0,0
19/08/25 14:37:28,1506.49,703710,SHK0000001,2074,2072,904,4095,4095,4095,0,0,0,0,0,0,0
19/08/25 14:37:29,1507.501,703710,SHK0000001,2077,2074,904,4095,4095,4095,0,0,0,0,0,0,0
19/08/25 14:37:30,1508.493,703710,SHK0000001,2077,2069,907,4095,4095,4095,0,0,0,0,0,0,0
19/08/25 14:37:31,1509.494,703710,SHK0000001,2071,2066,905,4095,4095,4095,0,0,0,0,0,0,0
19/08/25 14:37:32,1510.488,703710,SHK0000001,2073,2071,905,4095,4095,4095,0,0,0,0,0,0,0
19/08/25 14:37:33,1511.494,703710,SHK0000001,2073,2072,907,4095,4095,4095,0,0,0,0,0,0,0
19/08/25 14:37:34,1512.493,703710,SHK0000001,2072,2082,904,4095,4095,4095,0,0,0,0,0,0,0
19/08/25 14:37:35,1513.493,703710,SHK0000001,2076,2073,905,4095,4095,4095,0,0,0,0,0,0,0
19/08/25 14:37:36,1514.492,703710,SHK0000001,2070,2070,906,4095,4095,4095,0,0,0,0,0,0,0
19/08/25 14:37:37,1515.499,703710,SHK0000001,2073,2076,905,4095,4095,4095,0,0,0,0,0,0,0
19/08/25 14:37:38,1516.494,703710,SHK0000001,2073,2075,906,4095,4095,4095,0,0,0,0,0,0,0
19/08/25 14:37:39,1517.501,703710,SHK0000001,2075,2076,906,4095,4095,4095,0,0,0,0,0,0,0
19/08/25 14:37:40,1518.495,703710,SHK0000001,2069,2068,904,4095,4095,4095,0,0,0,0,0,0,0
19/08/25 14:37:41,1519.498,703710,SHK0000001,2073,2076,907,4095,4095,4095,0,0,0,0,0,0,0
19/08/25 14:37:42,1520.487,703710,SHK0000001,2071,2073,906,4095,4095,4095,0,0,0,0,0,0,0
19/08/25 14:37:43,1521.5,703710,SHK0000001,2072,2072,905,4095,4095,4095,0,0,0,0,0,0,0
19/08/25 14:37:44,1522.493,703710,SHK0000001,2073,2074,908,4095,4095,4095,0,0,0,0,0,0,0
19/08/25 14:37:45,1523.497,703710,SHK0000001,2072,2073,906,4095,4095,4095,0,0,0,0,0,0,0
19/08/25 14:37:46,1524.486,703710,SHK0000001,2073,2071,905,4095,4095,4095,0,0,0,0,0,0,0
19/08/25 14:37:47,1525.498,703710,SHK0000001,2074,2066,908,4095,4095,4095,0,0,0,0,0,0,0
19/08/25 14:37:48,1526.486,703710,SHK0000001,2067,2068,905,4095,4095,4095,0,0,0,0,0,0,0
19/08/25 14:37:49,1527.499,703710,SHK0000001,2069,2069,905,4095,4095,4095,0,0,0,0,0,0,0
19/08/25 14:37:50,1528.489,703710,SHK0000001,2066,2069,907,4095,4095,4095,0,0,0,0,0,0,0
19/08/25 14:37:51,1529.496,703710,SHK0000001,2070,2076,906,4095,4095,4095,0,0,0,0,0,0,0
19/08/25 14:37:52,1530.492,703710,SHK0000001,2068,2072,907,4095,4095,4095,0,0,0,0,0,0,0
19/08/25 14:37:53,1531.5,703710,SHK0000001,2070,2069,909,4095,4095,4095,0,0,0,0,0,0,0
19/08/25 14:37:54,1532.493,703710,SHK0000001,2073,2068,906,4095,4095,4095,0,0,0,0,0,0,0
19/08/25 14:37:55,1533.498,703710,SHK0000001,2075,2072,908,4095,4095,4095,0,0,0,0,0,0,0
19/08/25 14:37:56,1534.488,703710,SHK0000001,2069,2068,908,4095,4095,4095,0,0,0,0,0,0,0
19/08/25 14:37:57,1535.498,703710,SHK0000001,2070,2065,906,4095,4095,4095,0,0,0,0,0,0,0
19/08/25 14:37:58,1536.488,703710,SHK0000001,2070,2068,910,4095,4095,4095,0,0,0,0,0,0,0
19/08/25 14:37:59,1537.496,703710,SHK0000001,2073,2069,909,4095,4095,4095,0,0,0,0,0,0,0
19/08/25 14:38:00,1538.49,703710,SHK0000001,2069,2073,907,4095,4095,4095,0,0,0,0,0,0,0
19/08/25 14:38:01,1539.498,703710,SHK0000001,2060,2065,909,4095,4095,4095,0,0,0,0,0,0,0
19/08/25 14:38:02,1540.488,703710,SHK0000001,2068,2070,908,4095,4095,4095,0,0,0,0,0,0,0
19/08/25 14:38:03,1541.496,703710,SHK0000001,2071,2069,908,4095,4095,4095,0,0,0,0,0,0,0
19/08/25 14:38:04,1542.491,703710,SHK0000001,2071,2068,910,4095,4095,4095,0,0,0,0,0,0,0
19/08/25 14:38:05,1543.494,703710,SHK0000001,2068,2066,909,4095,4095,4095,0,0,0,0,0,0,0
19/08/25 14:38:06,1544.493,703710,SHK0000001,2063,2071,908,4095,4095,4095,0,0,0,0,0,0,0
19/08/25 14:38:07,1545.493,703710,SHK0000001,2068,2070,911,4095,4095,4095,0,0,0,0,0,0,0
19/08/25 14:38:08,1546.489,703710,SHK0000001,2063,2071,909,4095,4095,4095,0,0,0,0,0,0,0
19/08/25 14:38:09,1547.494,703710,SHK0000001,2070,2065,910,4095,4095,4095,0,0,0,0,0,0,0
19/08/25 14:38:10,1548.491,703710,SHK0000001,2068,2065,910,4095,4095,4095,0,0,0,0,0,0,0
19/08/25 14:38:11,1549.5,703710,SHK0000001,2067,2064,908,4095,4095,4095,0,0,0,0,0,0,0
19/08/25 14:38:12,1550.488,703710,SHK0000001,2073,2066,911,4095,4095,4095,0,0,0,0,0,0,0
19/08/25 14:38:13,1551.498,703710,SHK0000001,2068,2066,910,4095,4095,4095,0,0,0,0,0,0,0
19/08/25 14:38:14,1552.485,703710,SHK0000001,2067,2068,908,4095,4095,4095,0,0,0,0,0,0,0
19/08/25 14:38:15,1553.495,703710,SHK0000001,2068,2071,911,4095,4095,4095,0,0,0,0,0,0,0
19/08/25 14:38:16,1554.495,703710,SHK0000001,2068,2070,910,4095,4095,4095,0,0,0,0,0,0,0
19/08/25 14:38:17,1555.493,703710,SHK0000001,2067,2067,910,4095,4095,4095,0,0,0,0,0,0,0
19/08/25 14:38:18,1556.485,703710,SHK0000001,2073,2071,912,4095,4095,4095,0,0,0,0,0,0,0
19/08/25 14:38:19,1557.497,703710,SHK0000001,2067,2071,910,4095,4095,4095,0,0,0,0,0,0,0
19/08/25 14:38:20,1558.492,703710,SHK0000001,2072,2073,911,4095,4095,4095,0,0,0,0,0,0,0
19/08/25 14:38:21,1559.502,703710,SHK0000001,2070,2066,912,4095,4095,4095,0,0,0,0,0,0,0
19/08/25 14:38:22,1560.492,703710,SHK0000001,2070,2074,909,4095,4095,4095,0,0,0,0,0,0,0
19/08/25 14:38:23,1561.502,703710,SHK0000001,2066,2072,911,4095,4095,4095,0,0,0,0,0,0,0
19/08/25 14:38:24,1562.486,703710,SHK0000001,2073,2074,912,4095,4095,4095,0,0,0,0,0,0,0
19/08/25 14:38:25,1563.497,703710,SHK0000001,2067,2072,910,4095,4095,4095,0,0,0,0,0,0,0
19/08/25 14:38:26,1564.489,703710,SHK0000001,2069,2067,912,4095,4095,4095,0,0,0,0,0,0,0
19/08/25 14:38:27,1565.498,703710,SHK0000001,2071,2067,912,4095,4095,4095,0,0,0,0,0,0,0
19/08/25 14:38:28,1566.494,703710,SHK0000001,2070,2068,911,4095,4095,4095,0,0,0,0,0,0,0
19/08/25 14:38:29,1567.502,703710,SHK0000001,2067,2064,914,4095,4095,4095,0,0,0,0,0,0,0
19/08/25 14:38:30,1568.487,703710,SHK0000001,2071,2070,912,4095,4095,4095,0,0,0,0,0,0,0
19/08/25 14:38:31,1569.498,703710,SHK0000001,2072,2067,911,4095,4095,4095,0,0,0,0,0,0,0
19/08/25 14:38:32,1570.493,703710,SHK0000001,2071,2066,914,4095,4095,4095,0,0,0,0,0,0,0
19/08/25 14:38:33,1571.497,703710,SHK0000001,2066,2072,912,4095,4095,4095,0,0,0,0,0,0,0
19/08/25 14:38:34,1572.487,703710,SHK0000001,2068,2069,913,4095,4095,4095,0,0,0,0,0,0,0
19/08/25 14:38:35,1573.503,703710,SHK0000001,2073,2065,915,4095,4095,4095,0,0,0,0,0,0,0
19/08/25 14:38:36,1574.485,703710,SHK0000001,2065,2069,913,4095,4095,4095,0,0,0,0,0,0,0
19/08/25 14:38:37,1575.499,703710,SHK0000001,2067,2072,915,4095,4095,4095,0,0,0,0,0,0,0
19/08/25 14:38:38,1576.492,703710,SHK0000001,2069,2065,914,4095,4095,4095,0,0,0,0,0,0,0
19/08/25 14:38:39,1577.496,703710,SHK0000001,2076,2068,912,4095,4095,4095,0,0,0,0,0,0,0
19/08/25 14:38:40,1578.487,703710,SHK0000001,2067,2073,914,4095,4095,4095,0,0,0,0,0,0,0
19/08/25 14:38:41,1579.501,703710,SHK0000001,2071,2069,915,4095,4095,4095,0,0,0,0,0,0,0
19/08/25 14:38:42,1580.494,703710,SHK0000001,2066,2066,913,4095,4095,4095,0,0,0,0,0,0,0
19/08/25 14:38:43,1581.502,703710,SHK0000001,2066,2067,916,4095,4095,4095,0,0,0,0,0,0,0
19/08/25 14:38:44,1582.492,703710,SHK0000001,2068,2061,914,4095,4095,4095,0,0,0,0,0,0,0
19/08/25 14:38:45,1583.498,703710,SHK0000001,2064,2069,913,4095,4095,4095,0,0,0,0,0,0,0
19/08/25 14:38:46,1584.485,703710,SHK0000001,2068,2066,917,4095,4095,4095,0,0,0,0,0,0,0
19/08/25 14:38:47,1585.502,703710,SHK0000001,2071,2065,915,4095,4095,4095,0,0,0,0,0,0,0
19/08/25 14:38:48,1586.491,703710,SHK0000001,2071,2074,916,4095,4095,4095,0,0,0,0,0,0,0
19/08/25 14:38:49,1587.497,703710,SHK0000001,2066,2067,918,4095,4095,4095,0,0,0,0,0,0,0
19/08/25 14:38:50,1588.485,703710,SHK0000001,2068,2066,915,4095,4095,4095,0,0,0,0,0,0,0
19/08/25 14:38:51,1589.502,703710,SHK0000001,2065,2066,916,4095,4095,4095,0,0,0,0,0,0,0
19/08/25 14:38:52,1590.486,703710,SHK0000001,2068,2062,918,4095,4095,4095,0,0,0,0,0,0,0
19/08/25 14:38:53,1591.493,703710,SHK0000001,2066,2071,916,4095,4095,4095,0,0,0,0,0,0,0
19/08/25 14:38:54,1592.489,703710,SHK0000001,2068,2072,919,4095,4095,4095,0,0,0,0,0,0,0
19/08/25 14:38:55,1593.493,703710,SHK0000001,2069,2068,918,4095,4095,4095,0,0,0,0,0,0,0
19/08/25 14:38:56,1594.489,703710,SHK0000001,2070,2068,916,4095,4095,4095,0,0,0,0,0,0,0
19/08/25 14:38:57,1595.494,703710,SHK0000001,2065,2061,918,4095,4095,4095,0,0,0,0,0,0,0
19/08/25 14:38:58,1596.49,703710,SHK0000001,2070,2073,918,4095,4095,4095,0,0,0,0,0,0,0
19/08/25 14:38:59,1597.496,703710,SHK0000001,2067,2072,916,4095,4095,4095,0,0,0,0,0,0,0
19/08/25 14:39:00,1598.491,703710,SHK0000001,2071,2065,919,4095,4095,4095,0,0,0,0,0,0,0
19/08/25 14:39:01,1599.495,703710,SHK0000001,2067,2068,917,4095,4095,4095,0,0,0,0,0,0,0
19/08/25 14:39:02,1600.494,703710,SHK0000001,2066,2070,917,4095,4095,4095,0,0,0,0,0,0,0
19/08/25 14:39:03,1601.499,703710,SHK0000001,2068,2066,919,4095,4095,4095,0,0,0,0,0,0,0
19/08/25 14:39:04,1602.486,703710,SHK0000001,2069,2068,916,4095,4095,4095,0,0,0,0,0,0,0
19/08/25 14:39:05,1603.501,703710,SHK0000001,2065,2065,917,4095,4095,4095,0,0,0,0,0,0,0
19/08/25 14:39:06,1604.486,703710,SHK0000001,2071,2069,919,4095,4095,4095,0,0,0,0,0,0,0
19/08/25 14:39:07,1605.492,703710,SHK0000001,2074,2073,917,4095,4095,4095,0,0,0,0,0,0,0
19/08/25 14:39:08,1606.489,703710,SHK0000001,2066,2070,918,4095,4095,4095,0,0,0,0,0,0,0
19/08/25 14:39:09,1607.498,703710,SHK0000001,2068,2066,920,4095,4095,4095,0,0,0,0,0,0,0
19/08/25 14:39:10,1608.493,703710,SHK0000001,2068,2066,918,4095,4095,4095,0,0,0,0,0,0,0
19/08/25 14:39:11,1609.494,703710,SHK0000001,2066,2071,921,4095,4095,4095,0,0,0,0,0,0,0
19/08/25 14:39:12,1610.491,703710,SHK0000001,2067,2068,920,4095,4095,4095,0,0,0,0,0,0,0
19/08/25 14:39:13,1611.501,703710,SHK0000001,2065,2065,918,4095,4095,4095,0,0,0,0,0,0,0
19/08/25 14:39:14,1612.488,703710,SHK0000001,2069,2069,921,4095,4095,4095,0,0,0,0,0,0,0
19/08/25 14:39:15,1613.498,703710,SHK0000001,2067,2071,920,4095,4095,4095,0,0,0,0,0,0,0
19/08/25 14:39:16,1614.489,703710,SHK0000001,2071,2067,917,4095,4095,4095,0,0,0,0,0,0,0
19/08/25 14:39:17,1615.502,703710,SHK0000001,2068,2067,921,4095,4095,4095,0,0,0,0,0,0,0
19/08/25 14:39:18,1616.486,703710,SHK0000001,2070,2070,918,4095,4095,4095,0,0,0,0,0,0,0
19/08/25 14:39:19,1617.501,703710,SHK0000001,2070,2069,918,4095,4095,4095,0,0,0,0,0,0,0
19/08/25 14:39:20,1618.487,703710,SHK0000001,2066,2065,921,4095,4095,4095,0,0,0,0,0,0,0
19/08/25 14:39:21,1619.499,703710,SHK0000001,2066,2065,919,4095,4095,4095,0,0,0,0,0,0,0
19/08/25 14:39:22,1620.487,703710,SHK0000001,2074,2072,920,4095,4095,4095,0,0,0,0,0,0,0
19/08/25 14:39:23,1621.496,703710,SHK0000001,2067,2067,922,4095,4095,4095,0,0,0,0,0,0,0
19/08/25 14:39:24,1622.486,703710,SHK0000001,2069,2065,918,4095,4095,4095,0,0,0,0,0,0,0
19/08/25 14:39:25,1623.495,703710,SHK0000001,2064,2070,920,4095,4095,4095,0,0,0,0,0,0,0
19/08/25 14:39:26,1624.489,703710,SHK0000001,2070,2071,920,4095,4095,4095,0,0,0,0,0,0,0
19/08/25 14:39:27,1625.492,703710,SHK0000001,2066,2075,919,4095,4095,4095,0,0,0,0,0,0,0
19/08/25 14:39:28,1626.489,703710,SHK0000001,2071,2070,920,4095,4095,4095,0,0,0,0,0,0,0
19/08/25 14:39:29,1627.495,703710,SHK0000001,2070,2070,920,4095,4095,4095,0,0,0,0,0,0,0
19/08/25 14:39:30,1628.492,703710,SHK0000001,2066,2070,918,4095,4095,4095,0,0,0,0,0,0,0
19/08/25 14:39:31,1629.502,703710,SHK0000001,2067,2069,920,4095,4095,4095,0,0,0,0,0,0,0
19/08/25 14:39:32,1630.485,703710,SHK0000001,2069,2066,919,4095,4095,4095,0,0,0,0,0,0,0
19/08/25 14:39:33,1631.5,703710,SHK0000001,2072,2066,919,4095,4095,4095,0,0,0,0,0,0,0
19/08/25 14:39:34,1632.488,703710,SHK0000001,2069,2073,921,4095,4095,4095,0,0,0,0,0,0,0
19/08/25 14:39:35,1633.494,703710,SHK0000001,2068,2071,918,4095,4095,4095,0,0,0,0,0,0,0
19/08/25 14:39:36,1634.492,703710,SHK0000001,2069,2072,919,4095,4095,4095,0,0,0,0,0,0,0
19/08/25 14:39:37,1635.493,703710,SHK0000001,2068,2071,921,4095,4095,4095,0,0,0,0,0,0,0
19/08/25 14:39:38,1636.495,703710,SHK0000001,2065,2071,918,4095,4095,4095,0,0,0,0,0,0,0
19/08/25 14:39:39,1637.503,703710,SHK0000001,2068,2072,920,4095,4095,4095,0,0,0,0,0,0,0
19/08/25 14:39:40,1638.487,703710,SHK0000001,2068,2070,920,4095,4095,4095,0,0,0,0,0,0,0
19/08/25 14:39:41,1639.495,703710,SHK0000001,2071,2065,918,4095,4095,4095,0,0,0,0,0,0,0
19/08/25 14:39:42,1640.49,703710,SHK0000001,2070,2073,921,4095,4095,4095,0,0,0,0,0,0,0
19/08/25 14:39:43,1641.496,703710,SHK0000001,2068,2073,920,4095,4095,4095,0,0,0,0,0,0,0
19/08/25 14:39:44,1642.493,703710,SHK0000001,2066,2067,919,4095,4095,4095,0,0,0,0,0,0,0
19/08/25 14:39:45,1643.492,703710,SHK0000001,2069,2068,921,4095,4095,4095,0,0,0,0,0,0,0
19/08/25 14:39:46,1644.485,703710,SHK0000001,2072,2063,921,4095,4095,4095,0,0,0,0,0,0,0
19/08/25 14:39:47,1645.497,703710,SHK0000001,2073,2069,920,4095,4095,4095,0,0,0,0,0,0,0
19/08/25 14:39:48,1646.485,703710,SHK0000001,2068,2062,923,4095,4095,4095,0,0,0,0,0,0,0
19/08/25 14:39:49,1647.501,703710,SHK0000001,2068,2064,922,4095,4095,4095,0,0,0,0,0,0,0
19/08/25 14:39:50,1648.487,703710,SHK0000001,2065,2070,921,4095,4095,4095,0,0,0,0,0,0,0
19/08/25 14:39:51,1649.492,703710,SHK0000001,2071,2069,923,4095,4095,4095,0,0,0,0,0,0,0
19/08/25 14:39:52,1650.488,703710,SHK0000001,2070,2077,921,4095,4095,4095,0,0,0,0,0,0,0
19/08/25 14:39:53,1651.495,703710,SHK0000001,2071,2067,922,4095,4095,4095,0,0,0,0,0,0,0
19/08/25 14:39:54,1652.492,703710,SHK0000001,2071,2073,924,4095,4095,4095,0,0,0,0,0,0,0
19/08/25 14:39:55,1653.496,703710,SHK0000001,2069,2069,920,4095,4095,4095,0,0,0,0,0,0,0
19/08/25 14:39:56,1654.485,703710,SHK0000001,2071,2070,924,4095,4095,4095,0,0,0,0,0,0,0
19/08/25 14:39:57,1655.497,703710,SHK0000001,2073,2070,922,4095,4095,4095,0,0,0,0,0,0,0
19/08/25 14:39:58,1656.491,703710,SHK0000001,2068,2073,921,4095,4095,4095,0,0,0,0,0,0,0
19/08/25 14:39:59,1657.5,703710,SHK0000001,2067,2065,923,4095,4095,4095,0,0,0,0,0,0,0
19/08/25 14:40:00,1658.488,703710,SHK0000001,2074,2074,922,4095,4095,4095,0,0,0,0,0,0,0
19/08/25 14:40:01,1659.493,703710,SHK0000001,2073,2073,921,4095,4095,4095,0,0,0,0,0,0,0
19/08/25 14:40:02,1660.493,703710,SHK0000001,2065,2061,924,4095,4095,4095,0,0,0,0,0,0,0
19/08/25 14:40:03,1661.502,703710,SHK0000001,2069,2076,922,4095,4095,4095,0,0,0,0,0,0,0
19/08/25 14:40:04,1662.493,703710,SHK0000001,2068,2065,923,4095,4095,4095,0,0,0,0,0,0,0
19/08/25 14:40:05,1663.502,703710,SHK0000001,2072,2070,925,4095,4095,4095,0,0,0,0,0,0,0
19/08/25 14:40:06,1664.49,703710,SHK0000001,2070,2074,921,4095,4095,4095,0,0,0,0,0,0,0
19/08/25 14:40:07,1665.492,703710,SHK0000001,2071,2068,924,4095,4095,4095,0,0,0,0,0,0,0
19/08/25 14:40:08,1666.485,703710,SHK0000001,2067,2069,924,4095,4095,4095,0,0,0,0,0,0,0
19/08/25 14:40:09,1667.5,703710,SHK0000001,2069,2068,922,4095,4095,4095,0,0,0,0,0,0,0
19/08/25 14:40:10,1668.487,703710,SHK0000001,2065,2072,924,4095,4095,4095,0,0,0,0,0,0,0
19/08/25 14:40:11,1669.501,703710,SHK0000001,2071,2069,925,4095,4095,4095,0,0,0,0,0,0,0
19/08/25 14:40:12,1670.489,703710,SHK0000001,2068,2073,923,4095,4095,4095,0,0,0,0,0,0,0
19/08/25 14:40:13,1671.501,703710,SHK0000001,2068,2062,925,4095,4095,4095,0,0,0,0,0,0,0
19/08/25 14:40:14,1672.485,703710,SHK0000001,2073,2073,925,4095,4095,4095,0,0,0,0,0,0,0
19/08/25 14:40:15,1673.502,703710,SHK0000001,2066,2070,923,4095,4095,4095,0,0,0,0,0,0,0
19/08/25 14:40:16,1674.49,703710,SHK0000001,2069,2068,926,4095,4095,4095,0,0,0,0,0,0,0
