Timestamp,Time,Time_gen,SN,V_radshort,V_radtotal,V_housing,VTC2,V_diode,V_probe,PumpStatus,SetPower,Power,Reflected-power,power_flag,antenna_cooling_flag,switch_cooling_flag
19/08/25 15:34:48,4946.483,703710,SHK0000001,1530,1535,762,4095,4095,4095,0,0,0,0,0,0,0
19/08/25 15:34:49,4947.489,703710,SHK0000001,1541,1531,764,4095,4095,4095,0,0,0,0,0,0,0
19/08/25 15:34:50,4948.486,703710,SHK0000001,1543,1542,763,4095,4095,4095,0,0,0,0,0,0,0
19/08/25 15:34:51,4949.485,703710,SHK0000001,1540,1536,763,4095,4095,4095,0,0,0,0,0,0,0
19/08/25 15:34:52,4950.484,703710,SHK0000001,1534,1536,765,4095,4095,4095,0,0,0,0,0,0,0
19/08/25 15:34:53,4951.486,703710,SHK0000001,1547,1538,764,4095,4095,4095,0,0,0,0,0,0,0
19/08/25 15:34:54,4952.485,703710,SHK0000001,1543,1539,764,4095,4095,4095,0,0,0,0,0,0,0
19/08/25 15:34:55,4953.487,703710,SHK0000001,1542,1543,766,4095,4095,4095,0,0,0,0,0,0,0
19/08/25 15:34:56,4954.477,703710,SHK0000001,1543,1537,764,4095,4095,4095,0,0,0,0,0,0,0
19/08/25 15:34:57,4955.49,703710,SHK0000001,1537,1539,764,4095,4095,4095,0,0,0,0,0,0,0
19/08/25 15:34:58,4956.485,703710,SHK0000001,1543,1540,766,4095,4095,4095,0,0,0,0,0,0,0
19/08/25 15:34:59,4957.488,703710,SHK0000001,1538,1539,765,4095,4095,4095,0,0,0,0,0,0,0
19/08/25 15:35:00,4958.478,703710,SHK0000001,1539,1547,766,4095,4095,4095,0,0,0,0,0,0,0
19/08/25 15:35:01,4959.491,703710,SHK0000001,1540,1547,766,4095,4095,4095,0,0,0,0,0,0,0
19/08/25 15:35:02,4960.479,703710,SHK0000001,1542,1544,765,4095,4095,4095,0,0,0,0,0,0,0
19/08/25 15:35:03,4961.488,703710,SHK0000001,1538,1546,766,4095,4095,4095,0,0,0,0,0,0,0
19/08/25 15:35:04,4962.478,703710,SHK0000001,1544,1543,766,4095,4095,4095,0,0,0,0,0,0,0
19/08/25 15:35:05,4963.486,703710,SHK0000001,1543,1548,765,4095,4095,4095,0,0,0,0,0,0,0
19/08/25 15:35:06,4964.485,703710,SHK0000001,1546,1547,767,4095,4095,4095,0,0,0,0,0,0,0
19/08/25 15:35:07,4965.488,703710,SHK0000001,1545,1551,767,4095,4095,4095,0,0,0,0,0,0,0
19/08/25 15:35:08,4966.484,703710,SHK0000001,1553,1551,766,4095,4095,4095,0,0,0,0,0,0,0
19/08/25 15:35:09,4967.493,703710,SHK0000001,1548,1547,768,4095,4095,4095,0,0,0,0,0,0,0
19/08/25 15:35:10,4968.477,703710,SHK0000001,1549,1554,767,4095,4095,4095,0,0,0,0,0,0,0
19/08/25 15:35:11,4969.494,703710,SHK0000001,1550,1545,768,4095,4095,4095,0,0,0,0,0,0,0
19/08/25 15:35:12,4970.485,703710,SHK0000001,1548,1552,768,4095,4095,4095,0,0,0,0,0,0,0
19/08/25 15:35:13,4971.493,703710,SHK0000001,1542,1550,767,4095,4095,4095,0,0,0,0,0,0,0
19/08/25 15:35:14,4972.477,703710,SHK0000001,1560,1553,768,4095,4095,4095,0,0,0,0,0,0,0
19/08/25 15:35:15,4973.492,703710,SHK0000001,1549,1546,768,4095,4095,4095,0,0,0,0,0,0,0
19/08/25 15:35:16,4974.483,703710,SHK0000001,1548,1555,767,4095,4095,4095,0,0,0,0,0,0,0
19/08/25 15:35:17,4975.488,703710,SHK0000001,1546,1555,770,4095,4095,4095,0,0,0,0,0,0,0
19/08/25 15:35:18,4976.478,703710,SHK0000001,1555,1549,769,4095,4095,4095,0,0,0,0,0,0,0
19/08/25 15:35:19,4977.493,703710,SHK0000001,1552,1555,768,4095,4095,4095,0,0,0,0,0,0,0
19/08/25 15:35:20,4978.482,703710,SHK0000001,1558,1553,771,4095,4095,4095,0,0,0,0,0,0,0
19/08/25 15:35:21,4979.484,703710,SHK0000001,1557,1550,769,4095,4095,4095,0,0,0,0,0,0,0
19/08/25 15:35:22,4980.477,703710,SHK0000001,1558,1552,769,4095,4095,4095,0,0,0,0,0,0,0
19/08/25 15:35:23,4981.489,703710,SHK0000001,1554,1553,771,4095,4095,4095,0,0,0,0,0,0,0
19/08/25 15:35:24,4982.478,703710,SHK0000001,1562,1555,769,4095,4095,4095,0,0,0,0,0,0,0
19/08/25 15:35:25,4983.493,703710,SHK0000001,1557,1551,770,4095,4095,4095,0,0,0,0,0,0,0
19/08/25 15:35:26,4984.483,703710,SHK0000001,1557,1562,771,4095,4095,4095,0,0,0,0,0,0,0
19/08/25 15:35:27,4985.489,703710,SHK0000001,1557,1563,770,4095,4095,4095,0,0,0,0,0,0,0
19/08/25 15:35:28,4986.478,703710,SHK0000001,1556,1559,770,4095,4095,4095,0,0,0,0,0,0,0
19/08/25 15:35:29,4987.492,703710,SHK0000001,1559,1558,771,4095,4095,4095,0,0,0,0,0,0,0
19/08/25 15:35:30,4988.484,703710,SHK0000001,1560,1567,771,4095,4095,4095,0,0,0,0,0,0,0
19/08/25 15:35:31,4989.486,703710,SHK0000001,1561,1564,771,4095,4095,4095,0,0,0,0,0,0,0
19/08/25 15:35:32,4990.483,703710,SHK0000001,1565,1560,772,4095,4095,4095,0,0,0,0,0,0,0
19/08/25 15:35:33,4991.495,703710,SHK0000001,1563,1568,771,4095,4095,4095,0,0,0,0,0,0,0
19/08/25 15:35:34,4992.48,703710,SHK0000001,1564,1564,773,4095,4095,4095,0,0,0,0,0,0,0
19/08/25 15:35:35,4993.492,703710,SHK0000001,1561,1560,773,4095,4095,4095,0,0,0,0,0,0,0
19/08/25 15:35:36,4994.484,703710,SHK0000001,1570,1562,772,4095,4095,4095,0,0,0,0,0,0,0
19/08/25 15:35:37,4995.486,703710,SHK0000001,1567,1565,773,4095,4095,4095,0,0,0,0,0,0,0
19/08/25 15:35:38,4996.482,703710,SHK0000001,1562,1566,773,4095,4095,4095,0,0,0,0,0,0,0
19/08/25 15:35:39,4997.488,703710,SHK0000001,1564,1564,773,4095,4095,4095,0,0,0,0,0,0,0
19/08/25 15:35:40,4998.486,703710,SHK0000001,1565,1565,775,4095,4095,4095,0,0,0,0,0,0,0
19/08/25 15:35:41,4999.487,703710,SHK0000001,1575,1568,773,4095,4095,4095,0,0,0,0,0,0,0
19/08/25 15:35:42,5000.479,703710,SHK0000001,1573,1569,773,4095,4095,4095,0,0,0,0,0,0,0
19/08/25 15:35:43,5001.492,703710,SHK0000001,1567,1569,775,4095,4095,4095,0,0,0,0,0,0,0
19/08/25 15:35:44,5002.486,703710,SHK0000001,1569,1581,774,4095,4095,4095,0,0,0,0,0,0,0
19/08/25 15:35:45,5003.489,703710,SHK0000001,1569,1571,775,4095,4095,4095,0,0,0,0,0,0,0
19/08/25 15:35:46,5004.487,703710,SHK0000001,1572,1567,776,4095,4095,4095,0,0,0,0,0,0,0
19/08/25 15:35:47,5005.494,703710,SHK0000001,1570,1574,774,4095,4095,4095,0,0,0,0,0,0,0
19/08/25 15:35:48,5006.484,703710,SHK0000001,1573,1572,775,4095,4095,4095,0,0,0,0,0,0,0
19/08/25 15:35:49,5007.487,703710,SHK0000001,1571,1571,775,4095,4095,4095,0,0,0,0,0,0,0
19/08/25 15:35:50,5008.482,703710,SHK0000001,1577,1574,774,4095,4095,4095,0,0,0,0,0,0,0
19/08/25 15:35:51,5009.487,703710,SHK0000001,1571,1574,777,4095,4095,4095,0,0,0,0,0,0,0
19/08/25 15:35:52,5010.485,703710,SHK0000001,1576,1571,776,4095,4095,4095,0,0,0,0,0,0,0
19/08/25 15:35:53,5011.491,703710,SHK0000001,1572,1575,775,4095,4095,4095,0,0,0,0,0,0,0
19/08/25 15:35:54,5012.478,703710,SHK0000001,1575,1567,777,4095,4095,4095,0,0,0,0,0,0,0
19/08/25 15:35:55,5013.486,703710,SHK0000001,1580,1578,776,4095,4095,4095,0,0,0,0,0,0,0
19/08/25 15:35:56,5014.478,703710,SHK0000001,1581,1575,777,4095,4095,4095,0,0,0,0,0,0,0
19/08/25 15:35:57,5015.49,703710,SHK0000001,1577,1573,778,4095,4095,4095,0,0,0,0,0,0,0
19/08/25 15:35:58,5016.483,703710,SHK0000001,1582,1587,777,4095,4095,4095,0,0,0,0,0,0,0
19/08/25 15:35:59,5017.491,703710,SHK0000001,1578,1576,778,4095,4095,4095,0,0,0,0,0,0,0
19/08/25 15:36:00,5018.48,703710,SHK0000001,1579,1580,779,4095,4095,4095,0,0,0,0,0,0,0
19/08/25 15:36:01,5019.488,703710,SHK0000001,1582,1569,777,4095,4095,4095,0,0,0,0,0,0,0
19/08/25 15:36:02,5020.479,703710,SHK0000001,1586,1574,779,4095,4095,4095,0,0,0,0,0,0,0
19/08/25 15:36:03,5021.491,703710,SHK0000001,1584,1588,780,4095,4095,4095,0,0,0,0,0,0,0
19/08/25 15:36:04,5022.477,703710,SHK0000001,1585,1583,778,4095,4095,4095,0,0,0,0,0,0,0
19/08/25 15:36:05,5023.487,703710,SHK0000001,1581,1585,780,4095,4095,4095,0,0,0,0,0,0,0
19/08/25 15:36:06,5024.486,703710,SHK0000001,1584,1583,780,4095,4095,4095,0,0,0,0,0,0,0
19/08/25 15:36:07,5025.486,703710,SHK0000001,1589,1586,778,4095,4095,4095,0,0,0,0,0,0,0
19/08/25 15:36:08,5026.479,703710,SHK0000001,1589,1586,781,4095,4095,4095,0,0,0,0,0,0,0
19/08/25 15:36:09,5027.491,703710,SHK0000001,1585,1588,780,4095,4095,4095,0,0,0,0,0,0,0
19/08/25 15:36:10,5028.484,703710,SHK0000001,1591,1588,779,4095,4095,4095,0,0,0,0,0,0,0
19/08/25 15:36:11,5029.49,703710,SHK0000001,1591,1590,781,4095,4095,4095,0,0,0,0,0,0,0
19/08/25 15:36:12,5030.485,703710,SHK0000001,1584,1586,780,4095,4095,4095,0,0,0,0,0,0,0
19/08/25 15:36:13,5031.485,703710,SHK0000001,1592,1589,781,4095,4095,4095,0,0,0,0,0,0,0
19/08/25 15:36:14,5032.486,703710,SHK0000001,1592,1590,782,4095,4095,4095,0,0,0,0,0,0,0
19/08/25 15:36:15,5033.485,703710,SHK0000001,1594,1590,781,4095,4095,4095,0,0,0,0,0,0,0
19/08/25 15:36:16,5034.479,703710,SHK0000001,1589,1597,781,4095,4095,4095,0,0,0,0,0,0,0
19/08/25 15:36:17,5035.489,703710,SHK0000001,1590,1593,783,4095,4095,4095,0,0,0,0,0,0,0
19/08/25 15:36:18,5036.479,703710,SHK0000001,1597,1596,781,4095,4095,4095,0,0,0,0,0,0,0
19/08/25 15:36:19,5037.486,703710,SHK0000001,1590,1592,783,4095,4095,4095,0,0,0,0,0,0,0
19/08/25 15:36:20,5038.486,703710,SHK0000001,1601,1589,783,4095,4095,4095,0,0,0,0,0,0,0
19/08/25 15:36:21,5039.485,703710,SHK0000001,1597,1596,782,4095,4095,4095,0,0,0,0,0,0,0
19/08/25 15:36:22,5040.48,703710,SHK0000001,1602,1597,784,4095,4095,4095,0,0,0,0,0,0,0
19/08/25 15:36:23,5041.486,703710,SHK0000001,1597,1598,784,4095,4095,4095,0,0,0,0,0,0,0
19/08/25 15:36:24,5042.478,703710,SHK0000001,1605,1601,784,4095,4095,4095,0,0,0,0,0,0,0
19/08/25 15:36:25,5043.486,703710,SHK0000001,1601,1601,785,4095,4095,4095,0,0,0,0,0,0,0
19/08/25 15:36:26,5044.479,703710,SHK0000001,1601,1597,784,4095,4095,4095,0,0,0,0,0,0,0
19/08/25 15:36:27,5045.488,703710,SHK0000001,1605,1604,785,4095,4095,4095,0,0,0,0,0,0,0
19/08/25 15:36:28,5046.483,703710,SHK0000001,1599,1605,786,4095,4095,4095,0,0,0,0,0,0,0
19/08/25 15:36:29,5047.485,703710,SHK0000001,1602,1599,784,4095,4095,4095,0,0,0,0,0,0,0
19/08/25 15:36:30,5048.486,703710,SHK0000001,1601,1610,785,4095,4095,4095,0,0,0,0,0,0,0
19/08/25 15:36:31,5049.488,703710,SHK0000001,1605,1607,787,4095,4095,4095,0,0,0,0,0,0,0
19/08/25 15:36:32,5050.48,703710,SHK0000001,1610,1603,786,4095,4095,4095,0,0,0,0,0,0,0
19/08/25 15:36:33,5051.487,703710,SHK0000001,1600,1609,787,4095,4095,4095,0,0,0,0,0,0,0
19/08/25 15:36:34,5052.477,703710,SHK0000001,1605,1609,786,4095,4095,4095,0,0,0,0,0,0,0
19/08/25 15:36:35,5053.492,703710,SHK0000001,1605,1610,786,4095,4095,4095,0,0,0,0,0,0,0
19/08/25 15:36:36,5054.478,703710,SHK0000001,1604,1602,788,4095,4095,4095,0,0,0,0,0,0,0
19/08/25 15:36:37,5055.49,703710,SHK0000001,1612,1605,787,4095,4095,4095,0,0,0,0,0,0,0
19/08/25 15:36:38,5056.483,703710,SHK0000001,1612,1608,787,4095,4095,4095,0,0,0,0,0,0,0
19/08/25 15:36:39,5057.488,703710,SHK0000001,1608,1606,788,4095,4095,4095,0,0,0,0,0,0,0
19/08/25 15:36:40,5058.481,703710,SHK0000001,1611,1609,788,4095,4095,4095,0,0,0,0,0,0,0
19/08/25 15:36:41,5059.486,703710,SHK0000001,1602,1609,788,4095,4095,4095,0,0,0,0,0,0,0
19/08/25 15:36:42,5060.481,703710,SHK0000001,1614,1609,790,4095,4095,4095,0,0,0,0,0,0,0
19/08/25 15:36:43,5061.488,703710,SHK0000001,1612,1616,788,4095,4095,4095,0,0,0,0,0,0,0
19/08/25 15:36:44,5062.478,703710,SHK0000001,1616,1619,788,4095,4095,4095,0,0,0,0,0,0,0
19/08/25 15:36:45,5063.494,703710,SHK0000001,1613,1618,790,4095,4095,4095,0,0,0,0,0,0,0
19/08/25 15:36:46,5064.486,703710,SHK0000001,1620,1609,789,4095,4095,4095,0,0,0,0,0,0,0
19/08/25 15:36:47,5065.493,703710,SHK0000001,1615,1615,791,4095,4095,4095,0,0,0,0,0,0,0
19/08/25 15:36:48,5066.486,703710,SHK0000001,1616,1617,791,4095,4095,4095,0,0,0,0,0,0,0
19/08/25 15:36:49,5067.491,703710,SHK0000001,1620,1616,790,4095,4095,4095,0,0,0,0,0,0,0
19/08/25 15:36:50,5068.479,703710,SHK0000001,1620,1618,792,4095,4095,4095,0,0,0,0,0,0,0
19/08/25 15:36:51,5069.489,703710,SHK0000001,1615,1617,791,4095,4095,4095,0,0,0,0,0,0,0
19/08/25 15:36:52,5070.483,703710,SHK0000001,1621,1619,791,4095,4095,4095,0,0,0,0,0,0,0
19/08/25 15:36:53,5071.493,703710,SHK0000001,1615,1627,792,4095,4095,4095,0,0,0,0,0,0,0
19/08/25 15:36:54,5072.479,703710,SHK0000001,1620,1627,792,4095,4095,4095,0,0,0,0,0,0,0
19/08/25 15:36:55,5073.489,703710,SHK0000001,1620,1622,792,4095,4095,4095,0,0,0,0,0,0,0
19/08/25 15:36:56,5074.485,703710,SHK0000001,1630,1628,794,4095,4095,4095,0,0,0,0,0,0,0
19/08/25 15:36:57,5075.489,703710,SHK0000001,1623,1625,793,4095,4095,4095,0,0,0,0,0,0,0
19/08/25 15:36:58,5076.479,703710,SHK0000001,1625,1625,793,4095,4095,4095,0,0,0,0,0,0,0
19/08/25 15:36:59,5077.492,703710,SHK0000001,1626,1624,795,4095,4095,4095,0,0,0,0,0,0,0
19/08/25 15:37:00,5078.48,703710,SHK0000001,1626,1629,793,4095,4095,4095,0,0,0,0,0,0,0
19/08/25 15:37:01,5079.492,703710,SHK0000001,1627,1626,794,4095,4095,4095,0,0,0,0,0,0,0
19/08/25 15:37:02,5080.482,703710,SHK0000001,1630,1629,796,4095,4095,4095,0,0,0,0,0,0,0
19/08/25 15:37:03,5081.493,703710,SHK0000001,1630,1633,794,4095,4095,4095,0,0,0,0,0,0,0
19/08/25 15:37:04,5082.483,703710,SHK0000001,1635,1628,795,4095,4095,4095,0,0,0,0,0,0,0
19/08/25 15:37:05,5083.492,703710,SHK0000001,1631,1628,795,4095,4095,4095,0,0,0,0,0,0,0
19/08/25 15:37:06,5084.481,703710,SHK0000001,1630,1632,794,4095,4095,4095,0,0,0,0,0,0,0
19/08/25 15:37:07,5085.493,703710,SHK0000001,1639,1633,796,4095,4095,4095,0,0,0,0,0,0,0
19/08/25 15:37:08,5086.477,703710,SHK0000001,1638,1630,795,4095,4095,4095,0,0,0,0,0,0,0
19/08/25 15:37:09,5087.493,703710,SHK0000001,1634,1636,795,4095,4095,4095,0,0,0,0,0,0,0
19/08/25 15:37:10,5088.479,703710,SHK0000001,1632,1631,798,4095,4095,4095,0,0,0,0,0,0,0
19/08/25 15:37:11,5089.488,703710,SHK0000001,1638,1636,796,4095,4095,4095,0,0,0,0,0,0,0
19/08/25 15:37:12,5090.482,703710,SHK0000001,1636,1638,796,4095,4095,4095,0,0,0,0,0,0,0
19/08/25 15:37:13,5091.491,703710,SHK0000001,1635,1638,798,4095,4095,4095,0,0,0,0,0,0,0
19/08/25 15:37:14,5092.485,703710,SHK0000001,1636,1631,797,4095,4095,4095,0,0,0,0,0,0,0
19/08/25 15:37:15,5093.492,703710,SHK0000001,1636,1633,798,4095,4095,4095,0,0,0,0,0,0,0
19/08/25 15:37:16,5094.486,703710,SHK0000001,1643,1631,799,4095,4095,4095,0,0,0,0,0,0,0
19/08/25 15:37:17,5095.488,703710,SHK0000001,1639,1636,797,4095,4095,4095,0,0,0,0,0,0,0
19/08/25 15:37:18,5096.478,703710,SHK0000001,1642,1635,800,4095,4095,4095,0,0,0,0,0,0,0
19/08/25 15:37:19,5097.488,703710,SHK0000001,1639,1646,799,4095,4095,4095,0,0,0,0,0,0,0
19/08/25 15:37:20,5098.483,703710,SHK0000001,1642,1644,798,4095,4095,4095,0,0,0,0,0,0,0
19/08/25 15:37:21,5099.487,703710,SHK0000001,1639,1642,800,4095,4095,4095,0,0,0,0,0,0,0
19/08/25 15:37:22,5100.486,703710,SHK0000001,1643,1645,800,4095,4095,4095,0,0,0,0,0,0,0
19/08/25 15:37:23,5101.487,703710,SHK0000001,1649,1643,800,4095,4095,4095,0,0,0,0,0,0,0
19/08/25 15:37:24,5102.486,703710,SHK0000001,1645,1645,802,4095,4095,4095,0,0,0,0,0,0,0
19/08/25 15:37:25,5103.494,703710,SHK0000001,1645,1646,800,4095,4095,4095,0,0,0,0,0,0,0
19/08/25 15:37:26,5104.482,703710,SHK0000001,1649,1648,800,4095,4095,4095,0,0,0,0,0,0,0
19/08/25 15:37:27,5105.485,703710,SHK0000001,1645,1654,802,4095,4095,4095,0,0,0,0,0,0,0
19/08/25 15:37:28,5106.479,703710,SHK0000001,1650,1653,801,4095,4095,4095,0,0,0,0,0,0,0
19/08/25 15:37:29,5107.489,703710,SHK0000001,1656,1644,801,4095,4095,4095,0,0,0,0,0,0,0
19/08/25 15:37:30,5108.478,703710,SHK0000001,1654,1648,802,4095,4095,4095,0,0,0,0,0,0,0
19/08/25 15:37:31,5109.489,703710,SHK0000001,1651,1648,801,4095,4095,4095,0,0,0,0,0,0,0
19/08/25 15:37:32,5110.483,703710,SHK0000001,1654,1651,802,4095,4095,4095,0,0,0,0,0,0,0
19/08/25 15:37:33,5111.487,703710,SHK0000001,1651,1650,803,4095,4095,4095,0,0,0,0,0,0,0
19/08/25 15:37:34,5112.478,703710,SHK0000001,1656,1657,802,4095,4095,4095,0,0,0,0,0,0,0
19/08/25 15:37:35,5113.489,703710,SHK0000001,1655,1654,803,4095,4095,4095,0,0,0,0,0,0,0
19/08/25 15:37:36,5114.477,703710,SHK0000001,1654,1654,804,4095,4095,4095,0,0,0,0,0,0,0
19/08/25 15:37:37,5115.489,703710,SHK0000001,1655,1658,803,4095,4095,4095,0,0,0,0,0,0,0
19/08/25 15:37:38,5116.478,703710,SHK0000001,1660,1651,805,4095,4095,4095,0,0,0,0,0,0,0
19/08/25 15:37:39,5117.487,703710,SHK0000001,1659,1657,804,4095,4095,4095,0,0,0,0,0,0,0
19/08/25 15:37:40,5118.477,703710,SHK0000001,1657,1650,804,4095,4095,4095,0,0,0,0,0,0,0
19/08/25 15:37:41,5119.489,703710,SHK0000001,1661,1662,806,4095,4095,4095,0,0,0,0,0,0,0
19/08/25 15:37:42,5120.478,703710,SHK0000001,1662,1657,805,4095,4095,4095,0,0,0,0,0,0,0
19/08/25 15:37:43,5121.485,703710,SHK0000001,1655,1656,806,4095,4095,4095,0,0,0,0,0,0,0
19/08/25 15:37:44,5122.483,703710,SHK0000001,1666,1656,807,4095,4095,4095,0,0,0,0,0,0,0
19/08/25 15:37:45,5123.486,703710,SHK0000001,1660,1663,806,4095,4095,4095,0,0,0,0,0,0,0
19/08/25 15:37:46,5124.476,703710,SHK0000001,1661,1668,806,4095,4095,4095,0,0,0,0,0,0,0
19/08/25 15:37:47,5125.49,703710,SHK0000001,1665,1661,806,4095,4095,4095,0,0,0,0,0,0,0
19/08/25 15:37:48,5126.476,703710,SHK0000001,1670,1664,806,4095,4095,4095,0,0,0,0,0,0,0
19/08/25 15:37:49,5127.493,703710,SHK0000001,1666,1666,808,4095,4095,4095,0,0,0,0,0,0,0
19/08/25 15:37:50,5128.486,703710,SHK0000001,1669,1665,808,4095,4095,4095,0,0,0,0,0,0,0
19/08/25 15:37:51,5129.484,703710,SHK0000001,1664,1671,806,4095,4095,4095,0,0,0,0,0,0,0
19/08/25 15:37:52,5130.477,703710,SHK0000001,1660,1663,810,4095,4095,4095,0,0,0,0,0,0,0
19/08/25 15:37:53,5131.486,703710,SHK0000001,1667,1668,808,4095,4095,4095,0,0,0,0,0,0,0
19/08/25 15:37:54,5132.482,703710,SHK0000001,1666,1673,808,4095,4095,4095,0,0,0,0,0,0,0
19/08/25 15:37:55,5133.494,703710,SHK0000001,1667,1672,810,4095,4095,4095,0,0,0,0,0,0,0
19/08/25 15:37:56,5134.484,703710,SHK0000001,1672,1668,809,4095,4095,4095,0,0,0,0,0,0,0
19/08/25 15:37:57,5135.49,703710,SHK0000001,1670,1671,809,4095,4095,4095,0,0,0,0,0,0,0
19/08/25 15:37:58,5136.48,703710,SHK0000001,1676,1674,811,4095,4095,4095,0,0,0,0,0,0,0
19/08/25 15:37:59,5137.488,703710,SHK0000001,1673,1672,809,4095,4095,4095,0,0,0,0,0,0,0
19/08/25 15:38:00,5138.476,703710,SHK0000001,1674,1678,810,4095,4095,4095,0,0,0,0,0,0,0
19/08/25 15:38:01,5139.487,703710,SHK0000001,1673,1676,812,4095,4095,4095,0,0,0,0,0,0,0
19/08/25 15:38:02,5140.478,703710,SHK0000001,1679,1679,810,4095,4095,4095,0,0,0,0,0,0,0
19/08/25 15:38:03,5141.494,703710,SHK0000001,1675,1675,812,4095,4095,4095,0,0,0,0,0,0,0
19/08/25 15:38:04,5142.484,703710,SHK0000001,1673,1679,813,4095,4095,4095,0,0,0,0,0,0,0
19/08/25 15:38:05,5143.492,703710,SHK0000001,1676,1682,811,4095,4095,4095,0,0,0,0,0,0,0
19/08/25 15:38:06,5144.484,703710,SHK0000001,1682,1677,812,4095,4095,4095,0,0,0,0,0,0,0
19/08/25 15:38:07,5145.491,703710,SHK0000001,1669,1674,813,4095,4095,4095,0,0,0,0,0,0,0
19/08/25 15:38:08,5146.477,703710,SHK0000001,1677,1675,811,4095,4095,4095,0,0,0,0,0,0,0
19/08/25 15:38:09,5147.488,703710,SHK0000001,1679,1677,814,4095,4095,4095,0,0,0,0,0,0,0
19/08/25 15:38:10,5148.48,703710,SHK0000001,1676,1676,813,4095,4095,4095,0,0,0,0,0,0,0
19/08/25 15:38:11,5149.492,703710,SHK0000001,1682,1677,813,4095,4095,4095,0,0,0,0,0,0,0
19/08/25 15:38:12,5150.48,703710,SHK0000001,1679,1682,815,4095,4095,4095,0,0,0,0,0,0,0
19/08/25 15:38:13,5151.49,703710,SHK0000001,1681,1692,813,4095,4095,4095,0,0,0,0,0,0,0
19/08/25 15:38:14,5152.483,703710,SHK0000001,1679,1687,815,4095,4095,4095,0,0,0,0,0,0,0
19/08/25 15:38:15,5153.493,703710,SHK0000001,1677,1681,816,4095,4095,4095,0,0,0,0,0,0,0
19/08/25 15:38:16,5154.484,703710,SHK0000001,1680,1689,814,4095,4095,4095,0,0,0,0,0,0,0
19/08/25 15:38:17,5155.494,703710,SHK0000001,1681,1694,815,4095,4095,4095,0,0,0,0,0,0,0
19/08/25 15:38:18,5156.483,703710,SHK0000001,1685,1684,816,4095,4095,4095,0,0,0,0,0,0,0
19/08/25 15:38:19,5157.489,703710,SHK0000001,1689,1687,814,4095,4095,4095,0,0,0,0,0,0,0
19/08/25 15:38:20,5158.483,703710,SHK0000001,1687,1687,816,4095,4095,4095,0,0,0,0,0,0,0
19/08/25 15:38:21,5159.49,703710,SHK0000001,1684,1688,817,4095,4095,4095,0,0,0,0,0,0,0
19/08/25 15:38:22,5160.48,703710,SHK0000001,1684,1693,815,4095,4095,4095,0,0,0,0,0,0,0
19/08/25 15:38:23,5161.488,703710,SHK0000001,1682,1691,818,4095,4095,4095,0,0,0,0,0,0,0
19/08/25 15:38:24,5162.481,703710,SHK0000001,1689,1688,817,4095,4095,4095,0,0,0,0,0,0,0
19/08/25 15:38:25,5163.489,703710,SHK0000001,1692,1692,817,4095,4095,4095,0,0,0,0,0,0,0
19/08/25 15:38:26,5164.486,703710,SHK0000001,1691,1689,819,4095,4095,4095,0,0,0,0,0,0,0
19/08/25 15:38:27,5165.491,703710,SHK0000001,1695,1693,818,4095,4095,4095,0,0,0,0,0,0,0
19/08/25 15:38:28,5166.476,703710,SHK0000001,1692,1694,818,4095,4095,4095,0,0,0,0,0,0,0
19/08/25 15:38:29,5167.494,703710,SHK0000001,1689,1693,820,4095,4095,4095,0,0,0,0,0,0,0
19/08/25 15:38:30,5168.479,703710,SHK0000001,1692,1697,818,4095,4095,4095,0,0,0,0,0,0,0
19/08/25 15:38:31,5169.492,703710,SHK0000001,1694,1692,819,4095,4095,4095,0,0,0,0,0,0,0
19/08/25 15:38:32,5170.484,703710,SHK0000001,1697,1699,821,4095,4095,4095,0,0,0,0,0,0,0
19/08/25 15:38:33,5171.489,703710,SHK0000001,1702,1699,819,4095,4095,4095,0,0,0,0,0,0,0
19/08/25 15:38:34,5172.482,703710,SHK0000001,1698,1697,822,4095,4095,4095,0,0,0,0,0,0,0
19/08/25 15:38:35,5173.49,703710,SHK0000001,1705,1704,821,4095,4095,4095,0,0,0,0,0,0,0
19/08/25 15:38:36,5174.48,703710,SHK0000001,1703,1695,819,4095,4095,4095,0,0,0,0,0,0,0
19/08/25 15:38:37,5175.493,703710,SHK0000001,1707,1703,822,4095,4095,4095,0,0,0,0,0,0,0
19/08/25 15:38:38,5176.48,703710,SHK0000001,1698,1696,822,4095,4095,4095,0,0,0,0,0,0,0
19/08/25 15:38:39,5177.486,703710,SHK0000001,1711,1699,821,4095,4095,4095,0,0,0,0,0,0,0
19/08/25 15:38:40,5178.486,703710,SHK0000001,1703,1708,823,4095,4095,4095,0,0,0,0,0,0,0
19/08/25 15:38:41,5179.486,703710,SHK0000001,1698,1711,822,4095,4095,4095,0,0,0,0,0,0,0
19/08/25 15:38:42,5180.481,703710,SHK0000001,1705,1706,823,4095,4095,4095,0,0,0,0,0,0,0
19/08/25 15:38:43,5181.486,703710,SHK0000001,1707,1711,824,4095,4095,4095,0,0,0,0,0,0,0
19/08/25 15:38:44,5182.486,703710,SHK0000001,1705,1711,823,4095,4095,4095,0,0,0,0,0,0,0
19/08/25 15:38:45,5183.491,703710,SHK0000001,1711,1709,823,4095,4095,4095,0,0,0,0,0,0,0
19/08/25 15:38:46,5184.478,703710,SHK0000001,1710,1708,824,4095,4095,4095,0,0,0,0,0,0,0
19/08/25 15:38:47,5185.493,703710,SHK0000001,1711,1705,823,4095,4095,4095,0,0,0,0,0,0,0
19/08/25 15:38:48,5186.485,703710,SHK0000001,1712,1708,824,4095,4095,4095,0,0,0,0,0,0,0
19/08/25 15:38:49,5187.487,703710,SHK0000001,1720,1713,826,4095,4095,4095,0,0,0,0,0,0,0
19/08/25 15:38:50,5188.481,703710,SHK0000001,1711,1716,823,4095,4095,4095,0,0,0,0,0,0,0
19/08/25 15:38:51,5189.488,703710,SHK0000001,1714,1712,827,4095,4095,4095,0,0,0,0,0,0,0
19/08/25 15:38:52,5190.481,703710,SHK0000001,1718,1710,825,4095,4095,4095,0,0,0,0,0,0,0
19/08/25 15:38:53,5191.49,703710,SHK0000001,1715,1717,824,4095,4095,4095,0,0,0,0,0,0,0
19/08/25 15:38:54,5192.482,703710,SHK0000001,1713,1716,827,4095,4095,4095,0,0,0,0,0,0,0
19/08/25 15:38:55,5193.488,703710,SHK0000001,1715,1718,826,4095,4095,4095,0,0,0,0,0,0,0
19/08/25 15:38:56,5194.478,703710,SHK0000001,1720,1722,826,4095,4095,4095,0,0,0,0,0,0,0
19/08/25 15:38:57,5195.484,703710,SHK0000001,1713,1717,829,4095,4095,4095,0,0,0,0,0,0,0
19/08/25 15:38:58,5196.479,703710,SHK0000001,1722,1715,827,4095,4095,4095,0,0,0,0,0,0,0
19/08/25 15:38:59,5197.494,703710,SHK0000001,1712,1721,828,4095,4095,4095,0,0,0,0,0,0,0
19/08/25 15:39:00,5198.486,703710,SHK0000001,1732,1719,829,4095,4095,4095,0,0,0,0,0,0,0
19/08/25 15:39:01,5199.489,703710,SHK0000001,1721,1719,827,4095,4095,4095,0,0,0,0,0,0,0
19/08/25 15:39:02,5200.478,703710,SHK0000001,1722,1724,829,4095,4095,4095,0,0,0,0,0,0,0
19/08/25 15:39:03,5201.49,703710,SHK0000001,1721,1722,830,4095,4095,4095,0,0,0,0,0,0,0
19/08/25 15:39:04,5202.478,703710,SHK0000001,1723,1722,828,4095,4095,4095,0,0,0,0,0,0,0
19/08/25 15:39:05,5203.488,703710,SHK0000001,1723,1728,830,4095,4095,4095,0,0,0,0,0,0,0
19/08/25 15:39:06,5204.486,703710,SHK0000001,1733,1726,830,4095,4095,4095,0,0,0,0,0,0,0
19/08/25 15:39:07,5205.494,703710,SHK0000001,1729,1728,829,4095,4095,4095,0,0,0,0,0,0,0
19/08/25 15:39:08,5206.477,703710,SHK0000001,1730,1728,830,4095,4095,4095,0,0,0,0,0,0,0
19/08/25 15:39:09,5207.487,703710,SHK0000001,1731,1725,831,4095,4095,4095,0,0,0,0,0,0,0
19/08/25 15:39:10,5208.486,703710,SHK0000001,1733,1729,830,4095,4095,4095,0,0,0,0,0,0,0
19/08/25 15:39:11,5209.486,703710,SHK0000001,1727,1731,833,4095,4095,4095,0,0,0,0,0,0,0
19/08/25 15:39:12,5210.478,703710,SHK0000001,1734,1730,831,4095,4095,4095,0,0,0,0,0,0,0
19/08/25 15:39:13,5211.492,703710,SHK0000001,1727,1730,832,4095,4095,4095,0,0,0,0,0,0,0
19/08/25 15:39:14,5212.477,703710,SHK0000001,1729,1733,832,4095,4095,4095,0,0,0,0,0,0,0
19/08/25 15:39:15,5213.486,703710,SHK0000001,1732,1727,832,4095,4095,4095,0,0,0,0,0,0,0
19/08/25 15:39:16,5214.484,703710,SHK0000001,1731,1727,832,4095,4095,4095,0,0,0,0,0,0,0
19/08/25 15:39:17,5215.488,703710,SHK0000001,1736,1732,834,4095,4095,4095,0,0,0,0,0,0,0
19/08/25 15:39:18,5216.476,703710,SHK0000001,1732,1730,832,4095,4095,4095,0,0,0,0,0,0,0
19/08/25 15:39:19,5217.491,703710,SHK0000001,1739,1737,835,4095,4095,4095,0,0,0,0,0,0,0
19/08/25 15:39:20,5218.479,703710,SHK0000001,1737,1740,834,4095,4095,4095,0,0,0,0,0,0,0
19/08/25 15:39:21,5219.49,703710,SHK0000001,1735,1732,833,4095,4095,4095,0,0,0,0,0,0,0
19/08/25 15:39:22,5220.484,703710,SHK0000001,1736,1741,836,4095,4095,4095,0,0,0,0,0,0,0
19/08/25 15:39:23,5221.485,703710,SHK0000001,1735,1735,835,4095,4095,4095,0,0,0,0,0,0,0
19/08/25 15:39:24,5222.478,703710,SHK0000001,1736,1738,835,4095,4095,4095,0,0,0,0,0,0,0
19/08/25 15:39:25,5223.493,703710,SHK0000001,1734,1738,837,4095,4095,4095,0,0,0,0,0,0,0
19/08/25 15:39:26,5224.482,703710,SHK0000001,1731,1741,835,4095,4095,4095,0,0,0,0,0,0,0
19/08/25 15:39:27,5225.493,703710,SHK0000001,1744,1735,836,4095,4095,4095,0,0,0,0,0,0,0
19/08/25 15:39:28,5226.484,703710,SHK0000001,1739,1738,837,4095,4095,4095,0,0,0,0,0,0,0
19/08/25 15:39:29,5227.489,703710,SHK0000001,1744,1738,836,4095,4095,4095,0,0,0,0,0,0,0
19/08/25 15:39:30,5228.482,703710,SHK0000001,1743,1736,836,4095,4095,4095,0,0,0,0,0,0,0
19/08/25 15:39:31,5229.494,703710,SHK0000001,1741,1739,838,4095,4095,4095,0,0,0,0,0,0,0
19/08/25 15:39:32,5230.476,703710,SHK0000001,1745,1741,836,4095,4095,4095,0,0,0,0,0,0,0
19/08/25 15:39:33,5231.484,703710,SHK0000001,1748,1744,839,4095,4095,4095,0,0,0,0,0,0,0
19/08/25 15:39:34,5232.483,703710,SHK0000001,1749,1742,839,4095,4095,4095,0,0,0,0,0,0,0
19/08/25 15:39:35,5233.488,703710,SHK0000001,1750,1738,838,4095,4095,4095,0,0,0,0,0,0,0
19/08/25 15:39:36,5234.479,703710,SHK0000001,1748,1752,841,4095,4095,4095,0,0,0,0,0,0,0
19/08/25 15:39:37,5235.493,703710,SHK0000001,1746,1749,840,4095,4095,4095,0,0,0,0,0,0,0
19/08/25 15:39:38,5236.484,703710,SHK0000001,1749,1747,838,4095,4095,4095,0,0,0,0,0,0,0
19/08/25 15:39:39,5237.487,703710,SHK0000001,1749,1750,840,4095,4095,4095,0,0,0,0,0,0,0
19/08/25 15:39:40,5238.479,703710,SHK0000001,1755,1750,840,4095,4095,4095,0,0,0,0,0,0,0
19/08/25 15:39:41,5239.486,703710,SHK0000001,1753,1746,839,4095,4095,4095,0,0,0,0,0,0,0
19/08/25 15:39:42,5240.477,703710,SHK0000001,1753,1755,842,4095,4095,4095,0,0,0,0,0,0,0
19/08/25 15:39:43,5241.486,703710,SHK0000001,1751,1744,840,4095,4095,4095,0,0,0,0,0,0,0
19/08/25 15:39:44,5242.481,703710,SHK0000001,1753,1751,842,4095,4095,4095,0,0,0,0,0,0,0
19/08/25 15:39:45,5243.488,703710,SHK0000001,1751,1753,843,4095,4095,4095,0,0,0,0,0,0,0
19/08/25 15:39:46,5244.48,703710,SHK0000001,1751,1752,841,4095,4095,4095,0,0,0,0,0,0,0
19/08/25 15:39:47,5245.492,703710,SHK0000001,1752,1756,843,4095,4095,4095,0,0,0,0,0,0,0
19/08/25 15:39:48,5246.482,703710,SHK0000001,1757,1758,843,4095,4095,4095,0,0,0,0,0,0,0
19/08/25 15:39:49,5247.492,703710,SHK0000001,1751,1756,842,4095,4095,4095,0,0,0,0,0,0,0
19/08/25 15:39:50,5248.482,703710,SHK0000001,1753,1757,844,4095,4095,4095,0,0,0,0,0,0,0
19/08/25 15:39:51,5249.491,703710,SHK0000001,1761,1756,844,4095,4095,4095,0,0,0,0,0,0,0
19/08/25 15:39:52,5250.476,703710,SHK0000001,1762,1757,842,4095,4095,4095,0,0,0,0,0,0,0
19/08/25 15:39:53,5251.489,703710,SHK0000001,1761,1754,845,4095,4095,4095,0,0,0,0,0,0,0
19/08/25 15:39:54,5252.482,703710,SHK0000001,1759,1761,844,4095,4095,4095,0,0,0,0,0,0,0
19/08/25 15:39:55,5253.489,703710,SHK0000001,1762,1764,844,4095,4095,4095,0,0,0,0,0,0,0
19/08/25 15:39:56,5254.48,703710,SHK0000001,1761,1755,846,4095,4095,4095,0,0,0,0,0,0,0
19/08/25 15:39:57,5255.486,703710,SHK0000001,1753,1759,845,4095,4095,4095,0,0,0,0,0,0,0
19/08/25 15:39:58,5256.479,703710,SHK0000001,1760,1758,845,4095,4095,4095,0,0,0,0,0,0,0
19/08/25 15:39:59,5257.489,703710,SHK0000001,1765,1761,847,4095,4095,4095,0,0,0,0,0,0,0
19/08/25 15:40:00,5258.487,703710,SHK0000001,1759,1762,845,4095,4095,4095,0,0,0,0,0,0,0
19/08/25 15:40:01,5259.493,703710,SHK0000001,1760,1767,846,4095,4095,4095,0,0,0,0,0,0,0
19/08/25 15:40:02,5260.478,703710,SHK0000001,1762,1766,848,4095,4095,4095,0,0,0,0,0,0,0
19/08/25 15:40:03,5261.489,703710,SHK0000001,1768,1760,846,4095,4095,4095,0,0,0,0,0,0,0
19/08/25 15:40:04,5262.481,703710,SHK0000001,1768,1762,847,4095,4095,4095,0,0,0,0,0,0,0
19/08/25 15:40:05,5263.485,703710,SHK0000001,1769,1768,848,4095,4095,4095,0,0,0,0,0,0,0
19/08/25 15:40:06,5264.482,703710,SHK0000001,1769,1772,847,4095,4095,4095,0,0,0,0,0,0,0
19/08/25 15:40:07,5265.485,703710,SHK0000001,1768,1764,850,4095,4095,4095,0,0,0,0,0,0,0
19/08/25 15:40:08,5266.482,703710,SHK0000001,1772,1767,848,4095,4095,4095,0,0,0,0,0,0,0
19/08/25 15:40:09,5267.486,703710,SHK0000001,1772,1767,849,4095,4095,4095,0,0,0,0,0,0,0
19/08/25 15:40:10,5268.485,703710,SHK0000001,1774,1773,850,4095,4095,4095,0,0,0,0,0,0,0
19/08/25 15:40:11,5269.487,703710,SHK0000001,1768,1766,849,4095,4095,4095,0,0,0,0,0,0,0
19/08/25 15:40:12,5270.483,703710,SHK0000001,1777,1770,849,4095,4095,4095,0,0,0,0,0,0,0
19/08/25 15:40:13,5271.487,703710,SHK0000001,1768,1769,851,4095,4095,4095,0,0,0,0,0,0,0
19/08/25 15:40:14,5272.477,703710,SHK0000001,1774,1774,850,4095,4095,4095,0,0,0,0,0,0,0
19/08/25 15:40:15,5273.488,703710,SHK0000001,1780,1775,851,4095,4095,4095,0,0,0,0,0,0,0
19/08/25 15:40:16,5274.479,703710,SHK0000001,1776,1783,852,4095,4095,4095,0,0,0,0,0,0,0
19/08/25 15:40:17,5275.494,703710,SHK0000001,1776,1778,850,4095,4095,4095,0,0,0,0,0,0,0
19/08/25 15:40:18,5276.478,703710,SHK0000001,1783,1773,852,4095,4095,4095,0,0,0,0,0,0,0
19/08/25 15:40:19,5277.493,703710,SHK0000001,1784,1774,852,4095,4095,4095,0,0,0,0,0,0,0
19/08/25 15:40:20,5278.485,703710,SHK0000001,1780,1782,851,4095,4095,4095,0,0,0,0,0,0,0
19/08/25 15:40:21,5279.494,703710,SHK0000001,1776,1781,854,4095,4095,4095,0,0,0,0,0,0,0
19/08/25 15:40:22,5280.485,703710,SHK0000001,1775,1781,853,4095,4095,4095,0,0,0,0,0,0,0
19/08/25 15:40:23,5281.485,703710,SHK0000001,1781,1781,852,4095,4095,4095,0,0,0,0,0,0,0
19/08/25 15:40:24,5282.482,703710,SHK0000001,1782,1778,854,4095,4095,4095,0,0,0,0,0,0,0
19/08/25 15:40:25,5283.495,703710,SHK0000001,1786,1781,854,4095,4095,4095,0,0,0,0,0,0,0
19/08/25 15:40:26,5284.482,703710,SHK0000001,1779,1783,854,4095,4095,4095,0,0,0,0,0,0,0
19/08/25 15:40:27,5285.485,703710,SHK0000001,1783,1782,856,4095,4095,4095,0,0,0,0,0,0,0
19/08/25 15:40:28,5286.477,703710,SHK0000001,1778,1778,854,4095,4095,4095,0,0,0,0,0,0,0
19/08/25 15:40:29,5287.486,703710,SHK0000001,1779,1787,855,4095,4095,4095,0,0,0,0,0,0,0
19/08/25 15:40:30,5288.476,703710,SHK0000001,1783,1784,857,4095,4095,4095,0,0,0,0,0,0,0
19/08/25 15:40:31,5289.489,703710,SHK0000001,1779,1780,854,4095,4095,4095,0,0,0,0,0,0,0
19/08/25 15:40:32,5290.477,703710,SHK0000001,1785,1783,856,4095,4095,4095,0,0,0,0,0,0,0
19/08/25 15:40:33,5291.486,703710,SHK0000001,1790,1784,857,4095,4095,4095,0,0,0,0,0,0,0
19/08/25 15:40:34,5292.478,703710,SHK0000001,1787,1780,855,4095,4095,4095,0,0,0,0,0,0,0
19/08/25 15:40:35,5293.488,703710,SHK0000001,1786,1786,856,4095,4095,4095,0,0,0,0,0,0,0
19/08/25 15:40:36,5294.485,703710,SHK0000001,1780,1783,857,4095,4095,4095,0,0,0,0,0,0,0
19/08/25 15:40:37,5295.485,703710,SHK0000001,1790,1791,855,4095,4095,4095,0,0,0,0,0,0,0
19/08/25 15:40:38,5296.485,703710,SHK0000001,1794,1794,858,4095,4095,4095,0,0,0,0,0,0,0
19/08/25 15:40:39,5297.488,703710,SHK0000001,1784,1794,858,4095,4095,4095,0,0,0,0,0,0,0
19/08/25 15:40:40,5298.486,703710,SHK0000001,1790,1793,857,4095,4095,4095,0,0,0,0,0,0,0
19/08/25 15:40:41,5299.49,703710,SHK0000001,1795,1788,860,4095,4095,4095,0,0,0,0,0,0,0
19/08/25 15:40:42,5300.486,703710,SHK0000001,1789,1788,858,4095,4095,4095,0,0,0,0,0,0,0
19/08/25 15:40:43,5301.487,703710,SHK0000001,1786,1793,859,4095,4095,4095,0,0,0,0,0,0,0
19/08/25 15:40:44,5302.484,703710,SHK0000001,1789,1788,860,4095,4095,4095,0,0,0,0,0,0,0
19/08/25 15:40:45,5303.494,703710,SHK0000001,1795,1792,859,4095,4095,4095,0,0,0,0,0,0,0
19/08/25 15:40:46,5304.482,703710,SHK0000001,1793,1795,859,4095,4095,4095,0,0,0,0,0,0,0
19/08/25 15:40:47,5305.487,703710,SHK0000001,1789,1801,861,4095,4095,4095,0,0,0,0,0,0,0
19/08/25 15:40:48,5306.483,703710,SHK0000001,1798,1798,859,4095,4095,4095,0,0,0,0,0,0,0
19/08/25 15:40:49,5307.487,703710,SHK0000001,1802,1801,861,4095,4095,4095,0,0,0,0,0,0,0
19/08/25 15:40:50,5308.484,703710,SHK0000001,1798,1801,861,4095,4095,4095,0,0,0,0,0,0,0
19/08/25 15:40:51,5309.484,703710,SHK0000001,1804,1803,860,4095,4095,4095,0,0,0,0,0,0,0
19/08/25 15:40:52,5310.481,703710,SHK0000001,1802,1804,863,4095,4095,4095,0,0,0,0,0,0,0
19/08/25 15:40:53,5311.493,703710,SHK0000001,1807,1796,862,4095,4095,4095,0,0,0,0,0,0,0
19/08/25 15:40:54,5312.484,703710,SHK0000001,1798,1801,861,4095,4095,4095,0,0,0,0,0,0,0
19/08/25 15:40:55,5313.486,703710,SHK0000001,1805,1801,863,4095,4095,4095,0,0,0,0,0,0,0
19/08/25 15:40:56,5314.478,703710,SHK0000001,1803,1802,862,4095,4095,4095,0,0,0,0,0,0,0
19/08/25 15:40:57,5315.485,703710,SHK0000001,1801,1797,862,4095,4095,4095,0,0,0,0,0,0,0
19/08/25 15:40:58,5316.479,703710,SHK0000001,1801,1800,864,4095,4095,4095,0,0,0,0,0,0,0
19/08/25 15:40:59,5317.49,703710,SHK0000001,1805,1805,863,4095,4095,4095,0,0,0,0,0,0,0
19/08/25 15:41:00,5318.476,703710,SHK0000001,1804,1807,863,4095,4095,4095,0,0,0,0,0,0,0
19/08/25 15:41:01,5319.484,703710,SHK0000001,1802,1806,865,4095,4095,4095,0,0,0,0,0,0,0
19/08/25 15:41:02,5320.481,703710,SHK0000001,1806,1806,863,4095,4095,4095,0,0,0,0,0,0,0
19/08/25 15:41:03,5321.49,703710,SHK0000001,1808,1806,864,4095,4095,4095,0,0,0,0,0,0,0
19/08/25 15:41:04,5322.485,703710,SHK0000001,1810,1805,865,4095,4095,4095,0,0,0,0,0,0,0
19/08/25 15:41:05,5323.485,703710,SHK0000001,1807,1812,863,4095,4095,4095,0,0,0,0,0,0,0
19/08/25 15:41:06,5324.476,703710,SHK0000001,1812,1808,866,4095,4095,4095,0,0,0,0,0,0,0
19/08/25 15:41:07,5325.486,703710,SHK0000001,1805,1806,865,4095,4095,4095,0,0,0,0,0,0,0
19/08/25 15:41:08,5326.483,703710,SHK0000001,1811,1808,865,4095,4095,4095,0,0,0,0,0,0,0
19/08/25 15:41:09,5327.491,703710,SHK0000001,1809,1808,868,4095,4095,4095,0,0,0,0,0,0,0
19/08/25 15:41:10,5328.477,703710,SHK0000001,1808,1811,866,4095,4095,4095,0,0,0,0,0,0,0
19/08/25 15:41:11,5329.488,703710,SHK0000001,1805,1812,866,4095,4095,4095,0,0,0,0,0,0,0
19/08/25 15:41:12,5330.481,703710,SHK0000001,1811,1812,869,4095,4095,4095,0,0,0,0,0,0,0
19/08/25 15:41:13,5331.486,703710,SHK0000001,1815,1811,867,4095,4095,4095,0,0,0,0,0,0,0
19/08/25 15:41:14,5332.483,703710,SHK0000001,1809,1814,868,4095,4095,4095,0,0,0,0,0,0,0
19/08/25 15:41:15,5333.487,703710,SHK0000001,1812,1813,868,4095,4095,4095,0,0,0,0,0,0,0
19/08/25 15:41:16,5334.476,703710,SHK0000001,1807,1809,868,4095,4095,4095,0,0,0,0,0,0,0
19/08/25 15:41:17,5335.493,703710,SHK0000001,1810,1811,869,4095,4095,4095,0,0,0,0,0,0,0
19/08/25 15:41:18,5336.483,703710,SHK0000001,1812,1812,870,4095,4095,4095,0,0,0,0,0,0,0
19/08/25 15:41:19,5337.489,703710,SHK0000001,1814,1812,868,4095,4095,4095,0,0,0,0,0,0,0
19/08/25 15:41:20,5338.476,703710,SHK0000001,1819,1817,870,4095,4095,4095,0,0,0,0,0,0,0
19/08/25 15:41:21,5339.487,703710,SHK0000001,1810,1820,870,4095,4095,4095,0,0,0,0,0,0,0
19/08/25 15:41:22,5340.482,703710,SHK0000001,1821,1822,868,4095,4095,4095,0,0,0,0,0,0,0
19/08/25 15:41:23,5341.487,703710,SHK0000001,1821,1821,872,4095,4095,4095,0,0,0,0,0,0,0
19/08/25 15:41:24,5342.477,703710,SHK0000001,1821,1823,871,4095,4095,4095,0,0,0,0,0,0,0
19/08/25 15:41:25,5343.487,703710,SHK0000001,1817,1814,869,4095,4095,4095,0,0,0,0,0,0,0
19/08/25 15:41:26,5344.486,703710,SHK0000001,1818,1824,871,4095,4095,4095,0,0,0,0,0,0,0
19/08/25 15:41:27,5345.485,703710,SHK0000001,1823,1818,871,4095,4095,4095,0,0,0,0,0,0,0
19/08/25 15:41:28,5346.481,703710,SHK0000001,1827,1822,871,4095,4095,4095,0,0,0,0,0,0,0
19/08/25 15:41:29,5347.494,703710,SHK0000001,1822,1826,873,4095,4095,4095,0,0,0,0,0,0,0
19/08/25 15:41:30,5348.484,703710,SHK0000001,1825,1823,871,4095,4095,4095,0,0,0,0,0,0,0
19/08/25 15:41:31,5349.484,703710,SHK0000001,1826,1818,871,4095,4095,4095,0,0,0,0,0,0,0
19/08/25 15:41:32,5350.486,703710,SHK0000001,1826,1825,873,4095,4095,4095,0,0,0,0,0,0,0
19/08/25 15:41:33,5351.488,703710,SHK0000001,1821,1835,872,4095,4095,4095,0,0,0,0,0,0,0
19/08/25 15:41:34,5352.485,703710,SHK0000001,1825,1827,873,4095,4095,4095,0,0,0,0,0,0,0
19/08/25 15:41:35,5353.488,703710,SHK0000001,1830,1825,874,4095,4095,4095,0,0,0,0,0,0,0
19/08/25 15:41:36,5354.483,703710,SHK0000001,1826,1824,872,4095,4095,4095,0,0,0,0,0,0,0
19/08/25 15:41:37,5355.485,703710,SHK0000001,1827,1832,874,4095,4095,4095,0,0,0,0,0,0,0
19/08/25 15:41:38,5356.483,703710,SHK0000001,1828,1827,874,4095,4095,4095,0,0,0,0,0,0,0
19/08/25 15:41:39,5357.488,703710,SHK0000001,1829,1828,873,4095,4095,4095,0,0,0,0,0,0,0
19/08/25 15:41:40,5358.476,703710,SHK0000001,1831,1834,875,4095,4095,4095,0,0,0,0,0,0,0
19/08/25 15:41:41,5359.484,703710,SHK0000001,1826,1826,874,4095,4095,4095,0,0,0,0,0,0,0
19/08/25 15:41:42,5360.476,703710,SHK0000001,1835,1832,874,4095,4095,4095,0,0,0,0,0,0,0
19/08/25 15:41:43,5361.487,703710,SHK0000001,1830,1834,876,4095,4095,4095,0,0,0,0,0,0,0
19/08/25 15:41:44,5362.476,703710,SHK0000001,1834,1824,875,4095,4095,4095,0,0,0,0,0,0,0
19/08/25 15:41:45,5363.493,703710,SHK0000001,1834,1832,876,4095,4095,4095,0,0,0,0,0,0,0
19/08/25 15:41:46,5364.481,703710,SHK0000001,1834,1836,878,4095,4095,4095,0,0,0,0,0,0,0
19/08/25 15:41:47,5365.493,703710,SHK0000001,1833,1833,875,4095,4095,4095,0,0,0,0,0,0,0
19/08/25 15:41:48,5366.479,703710,SHK0000001,1830,1831,877,4095,4095,4095,0,0,0,0,0,0,0
19/08/25 15:41:49,5367.491,703710,SHK0000001,1831,1836,878,4095,4095,4095,0,0,0,0,0,0,0
19/08/25 15:41:50,5368.485,703710,SHK0000001,1838,1836,876,4095,4095,4095,0,0,0,0,0,0,0
19/08/25 15:41:51,5369.491,703710,SHK0000001,1834,1840,878,4095,4095,4095,0,0,0,0,0,0,0
19/08/25 15:41:52,5370.476,703710,SHK0000001,1840,1834,878,4095,4095,4095,0,0,0,0,0,0,0
19/08/25 15:41:53,5371.491,703710,SHK0000001,1840,1839,877,4095,4095,4095,0,0,0,0,0,0,0
19/08/25 15:41:54,5372.486,703710,SHK0000001,1840,1835,879,4095,4095,4095,0,0,0,0,0,0,0
19/08/25 15:41:55,5373.487,703710,SHK0000001,1839,1844,879,4095,4095,4095,0,0,0,0,0,0,0
19/08/25 15:41:56,5374.478,703710,SHK0000001,1837,1832,877,4095,4095,4095,0,0,0,0,0,0,0
19/08/25 15:41:57,5375.485,703710,SHK0000001,1836,1841,880,4095,4095,4095,0,0,0,0,0,0,0
19/08/25 15:41:58,5376.483,703710,SHK0000001,1844,1845,879,4095,4095,4095,0,0,0,0,0,0,0
19/08/25 15:41:59,5377.491,703710,SHK0000001,1839,1847,880,4095,4095,4095,0,0,0,0,0,0,0
19/08/25 15:42:00,5378.48,703710,SHK0000001,1843,1841,881,4095,4095,4095,0,0,0,0,0,0,0
19/08/25 15:42:01,5379.485,703710,SHK0000001,1842,1837,879,4095,4095,4095,0,0,0,0,0,0,0
19/08/25 15:42:02,5380.48,703710,SHK0000001,1834,1841,881,4095,4095,4095,0,0,0,0,0,0,0
19/08/25 15:42:03,5381.488,703710,SHK0000001,1846,1846,881,4095,4095,4095,0,0,0,0,0,0,0
19/08/25 15:42:04,5382.484,703710,SHK0000001,1847,1845,879,4095,4095,4095,0,0,0,0,0,0,0
19/08/25 15:42:05,5383.489,703710,SHK0000001,1847,1850,882,4095,4095,4095,0,0,0,0,0,0,0
19/08/25 15:42:06,5384.477,703710,SHK0000001,1845,1846,883,4095,4095,4095,0,0,0,0,0,0,0
19/08/25 15:42:07,5385.484,703710,SHK0000001,1850,1852,881,4095,4095,4095,0,0,0,0,0,0,0
19/08/25 15:42:08,5386.475,703710,SHK0000001,1848,1850,883,4095,4095,4095,0,0,0,0,0,0,0
19/08/25 15:42:09,5387.49,703710,SHK0000001,1846,1847,883,4095,4095,4095,0,0,0,0,0,0,0
19/08/25 15:42:10,5388.481,703710,SHK0000001,1848,1856,882,4095,4095,4095,0,0,0,0,0,0,0
19/08/25 15:42:11,5389.493,703710,SHK0000001,1848,1846,884,4095,4095,4095,0,0,0,0,0,0,0
19/08/25 15:42:12,5390.482,703710,SHK0000001,1852,1848,882,4095,4095,4095,0,0,0,0,0,0,0
19/08/25 15:42:13,5391.493,703710,SHK0000001,1851,1849,883,4095,4095,4095,0,0,0,0,0,0,0
19/08/25 15:42:14,5392.484,703710,SHK0000001,1852,1854,885,4095,4095,4095,0,0,0,0,0,0,0
19/08/25 15:42:15,5393.488,703710,SHK0000001,1857,1855,883,4095,4095,4095,0,0,0,0,0,0,0
19/08/25 15:42:16,5394.484,703710,SHK0000001,1851,1850,883,4095,4095,4095,0,0,0,0,0,0,0
19/08/25 15:42:17,5395.486,703710,SHK0000001,1852,1850,885,4095,4095,4095,0,0,0,0,0,0,0
19/08/25 15:42:18,5396.476,703710,SHK0000001,1859,1848,883,4095,4095,4095,0,0,0,0,0,0,0
19/08/25 15:42:19,5397.488,703710,SHK0000001,1855,1854,885,4095,4095,4095,0,0,0,0,0,0,0
19/08/25 15:42:20,5398.483,703710,SHK0000001,1850,1860,886,4095,4095,4095,0,0,0,0,0,0,0
19/08/25 15:42:21,5399.493,703710,SHK0000001,1851,1857,884,4095,4095,4095,0,0,0,0,0,0,0
19/08/25 15:42:22,5400.477,703710,SHK0000001,1849,1861,886,4095,4095,4095,0,0,0,0,0,0,0
19/08/25 15:42:23,5401.494,703710,SHK0000001,1853,1855,886,4095,4095,4095,0,0,0,0,0,0,0
19/08/25 15:42:24,5402.477,703710,SHK0000001,1857,1857,885,4095,4095,4095,0,0,0,0,0,0,0
19/08/25 15:42:25,5403.49,703710,SHK0000001,1862,1857,887,4095,4095,4095,0,0,0,0,0,0,0
19/08/25 15:42:26,5404.478,703710,SHK0000001,1855,1854,886,4095,4095,4095,0,0,0,0,0,0,0
19/08/25 15:42:27,5405.492,703710,SHK0000001,1866,1851,886,4095,4095,4095,0,0,0,0,0,0,0
19/08/25 15:42:28,5406.485,703710,SHK0000001,1854,1860,888,4095,4095,4095,0,0,0,0,0,0,0
19/08/25 15:42:29,5407.49,703710,SHK0000001,1852,1859,887,4095,4095,4095,0,0,0,0,0,0,0
19/08/25 15:42:30,5408.481,703710,SHK0000001,1860,1861,887,4095,4095,4095,0,0,0,0,0,0,0
19/08/25 15:42:31,5409.487,703710,SHK0000001,1862,1859,889,4095,4095,4095,0,0,0,0,0,0,0
19/08/25 15:42:32,5410.485,703710,SHK0000001,1862,1858,887,4095,4095,4095,0,0,0,0,0,0,0
19/08/25 15:42:33,5411.49,703710,SHK0000001,1855,1862,889,4095,4095,4095,0,0,0,0,0,0,0
19/08/25 15:42:34,5412.476,703710,SHK0000001,1864,1860,890,4095,4095,4095,0,0,0,0,0,0,0
19/08/25 15:42:35,5413.488,703710,SHK0000001,1860,1862,888,4095,4095,4095,0,0,0,0,0,0,0
19/08/25 15:42:36,5414.483,703710,SHK0000001,1862,1860,889,4095,4095,4095,0,0,0,0,0,0,0
19/08/25 15:42:37,5415.483,703710,SHK0000001,1864,1867,889,4095,4095,4095,0,0,0,0,0,0,0
19/08/25 15:42:38,5416.483,703710,SHK0000001,1861,1866,889,4095,4095,4095,0,0,0,0,0,0,0
19/08/25 15:42:39,5417.491,703710,SHK0000001,1866,1871,892,4095,4095,4095,0,0,0,0,0,0,0
19/08/25 15:42:40,5418.476,703710,SHK0000001,1871,1863,891,4095,4095,4095,0,0,0,0,0,0,0
19/08/25 15:42:41,5419.488,703710,SHK0000001,1871,1862,889,4095,4095,4095,0,0,0,0,0,0,0
19/08/25 15:42:42,5420.477,703710,SHK0000001,1869,1858,893,4095,4095,4095,0,0,0,0,0,0,0
19/08/25 15:42:43,5421.484,703710,SHK0000001,1864,1875,890,4095,4095,4095,0,0,0,0,0,0,0
19/08/25 15:42:44,5422.481,703710,SHK0000001,1866,1868,891,4095,4095,4095,0,0,0,0,0,0,0
19/08/25 15:42:45,5423.488,703710,SHK0000001,1870,1871,893,4095,4095,4095,0,0,0,0,0,0,0
19/08/25 15:42:46,5424.482,703710,SHK0000001,1863,1869,891,4095,4095,4095,0,0,0,0,0,0,0
19/08/25 15:42:47,5425.49,703710,SHK0000001,1869,1871,893,4095,4095,4095,0,0,0,0,0,0,0
19/08/25 15:42:48,5426.477,703710,SHK0000001,1869,1874,894,4095,4095,4095,0,0,0,0,0,0,0
19/08/25 15:42:49,5427.494,703710,SHK0000001,1867,1871,891,4095,4095,4095,0,0,0,0,0,0,0
19/08/25 15:42:50,5428.485,703710,SHK0000001,1868,1877,894,4095,4095,4095,0,0,0,0,0,0,0
19/08/25 15:42:51,5429.485,703710,SHK0000001,1870,1877,894,4095,4095,4095,0,0,0,0,0,0,0
19/08/25 15:42:52,5430.481,703710,SHK0000001,1877,1873,893,4095,4095,4095,0,0,0,0,0,0,0
19/08/25 15:42:53,5431.493,703710,SHK0000001,1870,1876,895,4095,4095,4095,0,0,0,0,0,0,0
19/08/25 15:42:54,5432.479,703710,SHK0000001,1870,1874,895,4095,4095,4095,0,0,0,0,0,0,0
19/08/25 15:42:55,5433.484,703710,SHK0000001,1876,1877,894,4095,4095,4095,0,0,0,0,0,0,0
19/08/25 15:42:56,5434.481,703710,SHK0000001,1871,1871,897,4095,4095,4095,0,0,0,0,0,0,0
19/08/25 15:42:57,5435.487,703710,SHK0000001,1874,1870,895,4095,4095,4095,0,0,0,0,0,0,0
19/08/25 15:42:58,5436.479,703710,SHK0000001,1875,1876,895,4095,4095,4095,0,0,0,0,0,0,0
19/08/25 15:42:59,5437.492,703710,SHK0000001,1877,1878,897,4095,4095,4095,0,0,0,0,0,0,0
19/08/25 15:43:00,5438.483,703710,SHK0000001,1881,1879,895,4095,4095,4095,0,0,0,0,0,0,0
19/08/25 15:43:01,5439.491,703710,SHK0000001,1875,1880,896,4095,4095,4095,0,0,0,0,0,0,0
19/08/25 15:43:02,5440.482,703710,SHK0000001,1875,1882,898,4095,4095,4095,0,0,0,0,0,0,0
19/08/25 15:43:03,5441.489,703710,SHK0000001,1884,1882,895,4095,4095,4095,0,0,0,0,0,0,0
19/08/25 15:43:04,5442.483,703710,SHK0000001,1879,1884,897,4095,4095,4095,0,0,0,0,0,0,0
19/08/25 15:43:05,5443.488,703710,SHK0000001,1878,1877,898,4095,4095,4095,0,0,0,0,0,0,0
19/08/25 15:43:06,5444.48,703710,SHK0000001,1886,1879,896,4095,4095,4095,0,0,0,0,0,0,0
19/08/25 15:43:07,5445.491,703710,SHK0000001,1885,1885,898,4095,4095,4095,0,0,0,0,0,0,0
19/08/25 15:43:08,5446.476,703710,SHK0000001,1880,1882,899,4095,4095,4095,0,0,0,0,0,0,0
19/08/25 15:43:09,5447.487,703710,SHK0000001,1884,1879,897,4095,4095,4095,0,0,0,0,0,0,0
19/08/25 15:43:10,5448.482,703710,SHK0000001,1883,1884,899,4095,4095,4095,0,0,0,0,0,0,0
19/08/25 15:43:11,5449.484,703710,SHK0000001,1883,1887,899,4095,4095,4095,0,0,0,0,0,0,0
19/08/25 15:43:12,5450.482,703710,SHK0000001,1894,1887,899,4095,4095,4095,0,0,0,0,0,0,0
19/08/25 15:43:13,5451.488,703710,SHK0000001,1881,1878,901,4095,4095,4095,0,0,0,0,0,0,0
19/08/25 15:43:14,5452.485,703710,SHK0000001,1881,1874,899,4095,4095,4095,0,0,0,0,0,0,0
19/08/25 15:43:15,5453.483,703710,SHK0000001,1884,1885,899,4095,4095,4095,0,0,0,0,0,0,0
19/08/25 15:43:16,5454.484,703710,SHK0000001,1888,1884,901,4095,4095,4095,0,0,0,0,0,0,0
19/08/25 15:43:17,5455.491,703710,SHK0000001,1886,1885,899,4095,4095,4095,0,0,0,0,0,0,0
19/08/25 15:43:18,5456.475,703710,SHK0000001,1890,1889,901,4095,4095,4095,0,0,0,0,0,0,0
19/08/25 15:43:19,5457.491,703710,SHK0000001,1885,1890,902,4095,4095,4095,0,0,0,0,0,0,0
19/08/25 15:43:20,5458.482,703710,SHK0000001,1888,1886,900,4095,4095,4095,0,0,0,0,0,0,0
19/08/25 15:43:21,5459.483,703710,SHK0000001,1890,1891,901,4095,4095,4095,0,0,0,0,0,0,0
19/08/25 15:43:22,5460.481,703710,SHK0000001,1888,1886,901,4095,4095,4095,0,0,0,0,0,0,0
19/08/25 15:43:23,5461.491,703710,SHK0000001,1883,1891,899,4095,4095,4095,0,0,0,0,0,0,0
19/08/25 15:43:24,5462.482,703710,SHK0000001,1886,1886,901,4095,4095,4095,0,0,0,0,0,0,0
19/08/25 15:43:25,5463.489,703710,SHK0000001,1895,1897,901,4095,4095,4095,0,0,0,0,0,0,0
19/08/25 15:43:26,5464.478,703710,SHK0000001,1884,1892,899,4095,4095,4095,0,0,0,0,0,0,0
19/08/25 15:43:27,5465.484,703710,SHK0000001,1898,1887,903,4095,4095,4095,0,0,0,0,0,0,0
19/08/25 15:43:28,5466.484,703710,SHK0000001,1889,1891,902,4095,4095,4095,0,0,0,0,0,0,0
19/08/25 15:43:29,5467.488,703710,SHK0000001,1894,1891,902,4095,4095,4095,0,0,0,0,0,0,0
19/08/25 15:43:30,5468.477,703710,SHK0000001,1897,1887,904,4095,4095,4095,0,0,0,0,0,0,0
19/08/25 15:43:31,5469.493,703710,SHK0000001,1888,1890,902,4095,4095,4095,0,0,0,0,0,0,0
19/08/25 15:43:32,5470.48,703710,SHK0000001,1895,1892,902,4095,4095,4095,0,0,0,0,0,0,0
19/08/25 15:43:33,5471.488,703710,SHK0000001,1888,1893,905,4095,4095,4095,0,0,0,0,0,0,0
19/08/25 15:43:34,5472.478,703710,SHK0000001,1897,1901,903,4095,4095,4095,0,0,0,0,0,0,0
19/08/25 15:43:35,5473.493,703710,SHK0000001,1892,1893,904,4095,4095,4095,0,0,0,0,0,0,0
19/08/25 15:43:36,5474.484,703710,SHK0000001,1894,1893,904,4095,4095,4095,0,0,0,0,0,0,0
19/08/25 15:43:37,5475.483,703710,SHK0000001,1897,1894,902,4095,4095,4095,0,0,0,0,0,0,0
19/08/25 15:43:38,5476.483,703710,SHK0000001,1896,1896,906,4095,4095,4095,0,0,0,0,0,0,0
19/08/25 15:43:39,5477.49,703710,SHK0000001,1898,1891,905,4095,4095,4095,0,0,0,0,0,0,0
19/08/25 15:43:40,5478.479,703710,SHK0000001,1899,1896,904,4095,4095,4095,0,0,0,0,0,0,0
19/08/25 15:43:41,5479.489,703710,SHK0000001,1901,1895,907,4095,4095,4095,0,0,0,0,0,0,0
19/08/25 15:43:42,5480.481,703710,SHK0000001,1893,1897,906,4095,4095,4095,0,0,0,0,0,0,0
19/08/25 15:43:43,5481.484,703710,SHK0000001,1896,1894,905,4095,4095,4095,0,0,0,0,0,0,0
19/08/25 15:43:44,5482.481,703710,SHK0000001,1899,1901,907,4095,4095,4095,0,0,0,0,0,0,0
19/08/25 15:43:45,5483.489,703710,SHK0000001,1901,1896,905,4095,4095,4095,0,0,0,0,0,0,0
19/08/25 15:43:46,5484.483,703710,SHK0000001,1896,1898,906,4095,4095,4095,0,0,0,0,0,0,0
19/08/25 15:43:47,5485.485,703710,SHK0000001,1901,1900,908,4095,4095,4095,0,0,0,0,0,0,0
19/08/25 15:43:48,5486.484,703710,SHK0000001,1905,1897,906,4095,4095,4095,0,0,0,0,0,0,0
19/08/25 15:43:49,5487.486,703710,SHK0000001,1902,1896,907,4095,4095,4095,0,0,0,0,0,0,0
19/08/25 15:43:50,5488.482,703710,SHK0000001,1892,1900,907,4095,4095,4095,0,0,0,0,0,0,0
19/08/25 15:43:51,5489.485,703710,SHK0000001,1897,1903,906,4095,4095,4095,0,0,0,0,0,0,0
19/08/25 15:43:52,5490.478,703710,SHK0000001,1904,1905,908,4095,4095,4095,0,0,0,0,0,0,0
19/08/25 15:43:53,5491.489,703710,SHK0000001,1909,1897,909,4095,4095,4095,0,0,0,0,0,0,0
19/08/25 15:43:54,5492.484,703710,SHK0000001,1898,1901,907,4095,4095,4095,0,0,0,0,0,0,0
19/08/25 15:43:55,5493.493,703710,SHK0000001,1901,1901,909,4095,4095,4095,0,0,0,0,0,0,0
19/08/25 15:43:56,5494.486,703710,SHK0000001,1911,1904,908,4095,4095,4095,0,0,0,0,0,0,0
19/08/25 15:43:57,5495.493,703710,SHK0000001,1909,1902,908,4095,4095,4095,0,0,0,0,0,0,0
19/08/25 15:43:58,5496.483,703710,SHK0000001,1897,1905,911,4095,4095,4095,0,0,0,0,0,0,0
19/08/25 15:43:59,5497.485,703710,SHK0000001,1905,1904,909,4095,4095,4095,0,0,0,0,0,0,0
19/08/25 15:44:00,5498.48,703710,SHK0000001,1910,1903,910,4095,4095,4095,0,0,0,0,0,0,0
19/08/25 15:44:01,5499.491,703710,SHK0000001,1902,1912,910,4095,4095,4095,0,0,0,0,0,0,0
19/08/25 15:44:02,5500.482,703710,SHK0000001,1904,1903,908,4095,4095,4095,0,0,0,0,0,0,0
19/08/25 15:44:03,5501.486,703710,SHK0000001,1903,1909,909,4095,4095,4095,0,0,0,0,0,0,0
19/08/25 15:44:04,5502.484,703710,SHK0000001,1905,1906,911,4095,4095,4095,0,0,0,0,0,0,0
19/08/25 15:44:05,5503.488,703710,SHK0000001,1908,1905,909,4095,4095,4095,0,0,0,0,0,0,0
19/08/25 15:44:06,5504.478,703710,SHK0000001,1912,1907,911,4095,4095,4095,0,0,0,0,0,0,0
19/08/25 15:44:07,5505.489,703710,SHK0000001,1909,1901,911,4095,4095,4095,0,0,0,0,0,0,0
19/08/25 15:44:08,5506.479,703710,SHK0000001,1903,1907,909,4095,4095,4095,0,0,0,0,0,0,0
19/08/25 15:44:09,5507.493,703710,SHK0000001,1911,1910,913,4095,4095,4095,0,0,0,0,0,0,0
19/08/25 15:44:10,5508.482,703710,SHK0000001,1907,1905,912,4095,4095,4095,0,0,0,0,0,0,0
19/08/25 15:44:11,5509.489,703710,SHK0000001,1913,1912,910,4095,4095,4095,0,0,0,0,0,0,0
19/08/25 15:44:12,5510.485,703710,SHK0000001,1904,1913,914,4095,4095,4095,0,0,0,0,0,0,0
19/08/25 15:44:13,5511.489,703710,SHK0000001,1911,1911,912,4095,4095,4095,0,0,0,0,0,0,0
19/08/25 15:44:14,5512.48,703710,SHK0000001,1909,1916,911,4095,4095,4095,0,0,0,0,0,0,0
19/08/25 15:44:15,5513.485,703710,SHK0000001,1913,1911,913,4095,4095,4095,0,0,0,0,0,0,0
19/08/25 15:44:16,5514.481,703710,SHK0000001,1915,1917,911,4095,4095,4095,0,0,0,0,0,0,0
19/08/25 15:44:17,5515.49,703710,SHK0000001,1911,1913,912,4095,4095,4095,0,0,0,0,0,0,0
19/08/25 15:44:18,5516.482,703710,SHK0000001,1911,1912,914,4095,4095,4095,0,0,0,0,0,0,0
19/08/25 15:44:19,5517.484,703710,SHK0000001,1916,1915,912,4095,4095,4095,0,0,0,0,0,0,0
19/08/25 15:44:20,5518.479,703710,SHK0000001,1911,1914,913,4095,4095,4095,0,0,0,0,0,0,0
19/08/25 15:44:21,5519.486,703710,SHK0000001,1914,1910,914,4095,4095,4095,0,0,0,0,0,0,0
19/08/25 15:44:22,5520.481,703710,SHK0000001,1909,1912,912,4095,4095,4095,0,0,0,0,0,0,0
19/08/25 15:44:23,5521.486,703710,SHK0000001,1908,1911,915,4095,4095,4095,0,0,0,0,0,0,0
19/08/25 15:44:24,5522.477,703710,SHK0000001,1916,1912,915,4095,4095,4095,0,0,0,0,0,0,0
19/08/25 15:44:25,5523.49,703710,SHK0000001,1919,1909,912,4095,4095,4095,0,0,0,0,0,0,0
19/08/25 15:44:26,5524.484,703710,SHK0000001,1914,1912,916,4095,4095,4095,0,0,0,0,0,0,0
19/08/25 15:44:27,5525.49,703710,SHK0000001,1918,1915,914,4095,4095,4095,0,0,0,0,0,0,0
19/08/25 15:44:28,5526.481,703710,SHK0000001,1918,1917,914,4095,4095,4095,0,0,0,0,0,0,0
19/08/25 15:44:29,5527.489,703710,SHK0000001,1912,1913,916,4095,4095,4095,0,0,0,0,0,0,0
19/08/25 15:44:30,5528.478,703710,SHK0000001,1919,1920,914,4095,4095,4095,0,0,0,0,0,0,0
19/08/25 15:44:31,5529.493,703710,SHK0000001,1916,1913,915,4095,4095,4095,0,0,0,0,0,0,0
19/08/25 15:44:32,5530.478,703710,SHK0000001,1919,1921,917,4095,4095,4095,0,0,0,0,0,0,0
19/08/25 15:44:33,5531.488,703710,SHK0000001,1917,1913,915,4095,4095,4095,0,0,0,0,0,0,0
19/08/25 15:44:34,5532.48,703710,SHK0000001,1920,1922,916,4095,4095,4095,0,0,0,0,0,0,0
19/08/25 15:44:35,5533.49,703710,SHK0000001,1922,1916,917,4095,4095,4095,0,0,0,0,0,0,0
19/08/25 15:44:36,5534.476,703710,SHK0000001,1923,1920,914,4095,4095,4095,0,0,0,0,0,0,0
19/08/25 15:44:37,5535.485,703710,SHK0000001,1922,1916,917,4095,4095,4095,0,0,0,0,0,0,0
19/08/25 15:44:38,5536.484,703710,SHK0000001,1923,1921,916,4095,4095,4095,0,0,0,0,0,0,0
19/08/25 15:44:39,5537.492,703710,SHK0000001,1928,1919,915,4095,4095,4095,0,0,0,0,0,0,0
19/08/25 15:44:40,5538.478,703710,SHK0000001,1926,1918,918,4095,4095,4095,0,0,0,0,0,0,0
19/08/25 15:44:41,5539.49,703710,SHK0000001,1925,1917,917,4095,4095,4095,0,0,0,0,0,0,0
19/08/25 15:44:42,5540.476,703710,SHK0000001,1922,1922,916,4095,4095,4095,0,0,0,0,0,0,0
19/08/25 15:44:43,5541.486,703710,SHK0000001,1926,1921,919,4095,4095,4095,0,0,0,0,0,0,0
19/08/25 15:44:44,5542.48,703710,SHK0000001,1924,1920,916,4095,4095,4095,0,0,0,0,0,0,0
19/08/25 15:44:45,5543.488,703710,SHK0000001,1921,1929,917,4095,4095,4095,0,0,0,0,0,0,0
19/08/25 15:44:46,5544.483,703710,SHK0000001,1918,1919,919,4095,4095,4095,0,0,0,0,0,0,0
19/08/25 15:44:47,5545.492,703710,SHK0000001,1921,1921,917,4095,4095,4095,0,0,0,0,0,0,0
19/08/25 15:44:48,5546.478,703710,SHK0000001,1928,1925,919,4095,4095,4095,0,0,0,0,0,0,0
19/08/25 15:44:49,5547.485,703710,SHK0000001,1918,1923,920,4095,4095,4095,0,0,0,0,0,0,0
19/08/25 15:44:50,5548.484,703710,SHK0000001,1927,1927,918,4095,4095,4095,0,0,0,0,0,0,0
19/08/25 15:44:51,5549.485,703710,SHK0000001,1922,1932,919,4095,4095,4095,0,0,0,0,0,0,0
19/08/25 15:44:52,5550.484,703710,SHK0000001,1924,1925,920,4095,4095,4095,0,0,0,0,0,0,0
19/08/25 15:44:53,5551.493,703710,SHK0000001,1922,1920,919,4095,4095,4095,0,0,0,0,0,0,0
19/08/25 15:44:54,5552.481,703710,SHK0000001,1920,1925,921,4095,4095,4095,0,0,0,0,0,0,0
19/08/25 15:44:55,5553.484,703710,SHK0000001,1924,1924,921,4095,4095,4095,0,0,0,0,0,0,0
19/08/25 15:44:56,5554.48,703710,SHK0000001,1924,1924,920,4095,4095,4095,0,0,0,0,0,0,0
19/08/25 15:44:57,5555.485,703710,SHK0000001,1928,1927,922,4095,4095,4095,0,0,0,0,0,0,0
19/08/25 15:44:58,5556.484,703710,SHK0000001,1921,1927,920,4095,4095,4095,0,0,0,0,0,0,0
19/08/25 15:44:59,5557.491,703710,SHK0000001,1926,1926,919,4095,4095,4095,0,0,0,0,0,0,0
19/08/25 15:45:00,5558.484,703710,SHK0000001,1929,1926,922,4095,4095,4095,0,0,0,0,0,0,0
19/08/25 15:45:01,5559.487,703710,SHK0000001,1934,1927,919,4095,4095,4095,0,0,0,0,0,0,0
19/08/25 15:45:02,5560.483,703710,SHK0000001,1931,1927,920,4095,4095,4095,0,0,0,0,0,0,0
19/08/25 15:45:03,5561.491,703710,SHK0000001,1931,1933,922,4095,4095,4095,0,0,0,0,0,0,0
19/08/25 15:45:04,5562.477,703710,SHK0000001,1927,1930,920,4095,4095,4095,0,0,0,0,0,0,0
19/08/25 15:45:05,5563.492,703710,SHK0000001,1928,1929,922,4095,4095,4095,0,0,0,0,0,0,0
19/08/25 15:45:06,5564.481,703710,SHK0000001,1930,1936,923,4095,4095,4095,0,0,0,0,0,0,0
19/08/25 15:45:07,5565.483,703710,SHK0000001,1929,1929,921,4095,4095,4095,0,0,0,0,0,0,0
19/08/25 15:45:08,5566.484,703710,SHK0000001,1929,1923,924,4095,4095,4095,0,0,0,0,0,0,0
19/08/25 15:45:09,5567.483,703710,SHK0000001,1928,1931,922,4095,4095,4095,0,0,0,0,0,0,0
19/08/25 15:45:10,5568.483,703710,SHK0000001,1933,1927,921,4095,4095,4095,0,0,0,0,0,0,0
19/08/25 15:45:11,5569.49,703710,SHK0000001,1931,1929,925,4095,4095,4095,0,0,0,0,0,0,0
19/08/25 15:45:12,5570.482,703710,SHK0000001,1931,1929,922,4095,4095,4095,0,0,0,0,0,0,0
19/08/25 15:45:13,5571.489,703710,SHK0000001,1929,1927,922,4095,4095,4095,0,0,0,0,0,0,0
19/08/25 15:45:14,5572.479,703710,SHK0000001,1930,1931,925,4095,4095,4095,0,0,0,0,0,0,0
19/08/25 15:45:15,5573.494,703710,SHK0000001,1932,1925,923,4095,4095,4095,0,0,0,0,0,0,0
19/08/25 15:45:16,5574.478,703710,SHK0000001,1932,1936,923,4095,4095,4095,0,0,0,0,0,0,0
19/08/25 15:45:17,5575.488,703710,SHK0000001,1926,1934,925,4095,4095,4095,0,0,0,0,0,0,0
19/08/25 15:45:18,5576.486,703710,SHK0000001,1936,1933,923,4095,4095,4095,0,0,0,0,0,0,0
19/08/25 15:45:19,5577.492,703710,SHK0000001,1933,1932,924,4095,4095,4095,0,0,0,0,0,0,0
19/08/25 15:45:20,5578.478,703710,SHK0000001,1934,1936,925,4095,4095,4095,0,0,0,0,0,0,0
19/08/25 15:45:21,5579.486,703710,SHK0000001,1939,1940,923,4095,4095,4095,0,0,0,0,0,0,0
19/08/25 15:45:22,5580.485,703710,SHK0000001,1930,1934,924,4095,4095,4095,0,0,0,0,0,0,0
19/08/25 15:45:23,5581.493,703710,SHK0000001,1933,1931,926,4095,4095,4095,0,0,0,0,0,0,0
19/08/25 15:45:24,5582.482,703710,SHK0000001,1929,1935,923,4095,4095,4095,0,0,0,0,0,0,0
19/08/25 15:45:25,5583.488,703710,SHK0000001,1935,1940,926,4095,4095,4095,0,0,0,0,0,0,0
19/08/25 15:45:26,5584.484,703710,SHK0000001,1932,1936,926,4095,4095,4095,0,0,0,0,0,0,0
19/08/25 15:45:27,5585.485,703710,SHK0000001,1934,1940,924,4095,4095,4095,0,0,0,0,0,0,0
19/08/25 15:45:28,5586.48,703710,SHK0000001,1937,1931,927,4095,4095,4095,0,0,0,0,0,0,0
19/08/25 15:45:29,5587.488,703710,SHK0000001,1938,1938,925,4095,4095,4095,0,0,0,0,0,0,0
19/08/25 15:45:30,5588.477,703710,SHK0000001,1937,1938,925,4095,4095,4095,0,0,0,0,0,0,0
19/08/25 15:45:31,5589.486,703710,SHK0000001,1941,1934,927,4095,4095,4095,0,0,0,0,0,0,0
19/08/25 15:45:32,5590.478,703710,SHK0000001,1940,1938,925,4095,4095,4095,0,0,0,0,0,0,0
19/08/25 15:45:33,5591.486,703710,SHK0000001,1942,1938,925,4095,4095,4095,0,0,0,0,0,0,0
19/08/25 15:45:34,5592.48,703710,SHK0000001,1936,1944,927,4095,4095,4095,0,0,0,0,0,0,0
19/08/25 15:45:35,5593.489,703710,SHK0000001,1939,1937,925,4095,4095,4095,0,0,0,0,0,0,0
19/08/25 15:45:36,5594.486,703710,SHK0000001,1940,1935,927,4095,4095,4095,0,0,0,0,0,0,0
19/08/25 15:45:37,5595.489,703710,SHK0000001,1943,1939,926,4095,4095,4095,0,0,0,0,0,0,0
19/08/25 15:45:38,5596.483,703710,SHK0000001,1937,1940,924,4095,4095,4095,0,0,0,0,0,0,0
19/08/25 15:45:39,5597.492,703710,SHK0000001,1936,1939,927,4095,4095,4095,0,0,0,0,0,0,0
19/08/25 15:45:40,5598.481,703710,SHK0000001,1945,1935,927,4095,4095,4095,0,0,0,0,0,0,0
19/08/25 15:45:41,5599.489,703710,SHK0000001,1939,1939,925,4095,4095,4095,0,0,0,0,0,0,0
19/08/25 15:45:42,5600.48,703710,SHK0000001,1941,1935,928,4095,4095,4095,0,0,0,0,0,0,0
19/08/25 15:45:43,5601.486,703710,SHK0000001,1941,1939,926,4095,4095,4095,0,0,0,0,0,0,0
19/08/25 15:45:44,5602.479,703710,SHK0000001,1948,1938,926,4095,4095,4095,0,0,0,0,0,0,0
19/08/25 15:45:45,5603.494,703710,SHK0000001,1936,1943,929,4095,4095,4095,0,0,0,0,0,0,0
19/08/25 15:45:46,5604.478,703710,SHK0000001,1938,1940,926,4095,4095,4095,0,0,0,0,0,0,0
19/08/25 15:45:47,5605.49,703710,SHK0000001,1937,1940,926,4095,4095,4095,0,0,0,0,0,0,0
19/08/25 15:45:48,5606.477,703710,SHK0000001,1942,1944,929,4095,4095,4095,0,0,0,0,0,0,0
19/08/25 15:45:49,5607.494,703710,SHK0000001,1937,1939,926,4095,4095,4095,0,0,0,0,0,0,0
19/08/25 15:45:50,5608.476,703710,SHK0000001,1940,1937,927,4095,4095,4095,0,0,0,0,0,0,0
19/08/25 15:45:51,5609.486,703710,SHK0000001,1937,1941,929,4095,4095,4095,0,0,0,0,0,0,0
19/08/25 15:45:52,5610.477,703710,SHK0000001,1939,1940,926,4095,4095,4095,0,0,0,0,0,0,0
19/08/25 15:45:53,5611.486,703710,SHK0000001,1938,1937,928,4095,4095,4095,0,0,0,0,0,0,0
19/08/25 15:45:54,5612.482,703710,SHK0000001,1942,1937,929,4095,4095,4095,0,0,0,0,0,0,0
19/08/25 15:45:55,5613.489,703710,SHK0000001,1942,1939,927,4095,4095,4095,0,0,0,0,0,0,0
19/08/25 15:45:56,5614.482,703710,SHK0000001,1940,1938,929,4095,4095,4095,0,0,0,0,0,0,0
19/08/25 15:45:57,5615.489,703710,SHK0000001,1940,1938,928,4095,4095,4095,0,0,0,0,0,0,0
19/08/25 15:45:58,5616.481,703710,SHK0000001,1939,1944,927,4095,4095,4095,0,0,0,0,0,0,0
19/08/25 15:45:59,5617.487,703710,SHK0000001,1942,1939,930,4095,4095,4095,0,0,0,0,0,0,0
19/08/25 15:46:00,5618.482,703710,SHK0000001,1942,1937,928,4095,4095,4095,0,0,0,0,0,0,0
19/08/25 15:46:01,5619.485,703710,SHK0000001,1934,1947,928,4095,4095,4095,0,0,0,0,0,0,0
19/08/25 15:46:02,5620.481,703710,SHK0000001,1941,1938,930,4095,4095,4095,0,0,0,0,0,0,0
19/08/25 15:46:03,5621.487,703710,SHK0000001,1947,1941,928,4095,4095,4095,0,0,0,0,0,0,0
19/08/25 15:46:04,5622.482,703710,SHK0000001,1938,1941,929,4095,4095,4095,0,0,0,0,0,0,0
19/08/25 15:46:05,5623.488,703710,SHK0000001,1939,1938,929,4095,4095,4095,0,0,0,0,0,0,0
19/08/25 15:46:06,5624.479,703710,SHK0000001,1943,1944,927,4095,4095,4095,0,0,0,0,0,0,0
19/08/25 15:46:07,5625.484,703710,SHK0000001,1945,1946,929,4095,4095,4095,0,0,0,0,0,0,0
19/08/25 15:46:08,5626.477,703710,SHK0000001,1944,1941,930,4095,4095,4095,0,0,0,0,0,0,0
19/08/25 15:46:09,5627.491,703710,SHK0000001,1943,1938,928,4095,4095,4095,0,0,0,0,0,0,0
19/08/25 15:46:10,5628.476,703710,SHK0000001,1944,1943,930,4095,4095,4095,0,0,0,0,0,0,0
19/08/25 15:46:11,5629.485,703710,SHK0000001,1939,1946,929,4095,4095,4095,0,0,0,0,0,0,0
