Timestamp,Time,Time_gen,SN,V_radshort,V_radtotal,V_housing,VTC2,V_diode,V_probe,PumpStatus,SetPower,Power,Reflected-power,power_flag,antenna_cooling_flag,switch_cooling_flag
19/08/25 14:57:48,2726.486,703710,SHK0000001,2161,2151,789,4095,4095,4095,0,0,0,0,0,0,0
19/08/25 14:57:49,2727.496,703710,SHK0000001,2142,2149,791,4095,4095,4095,0,0,0,0,0,0,0
19/08/25 14:57:50,2728.491,703710,SHK0000001,2149,2155,788,4095,4095,4095,0,0,0,0,0,0,0
19/08/25 14:57:51,2729.498,703710,SHK0000001,2151,2153,790,4095,4095,4095,0,0,0,0,0,0,0
19/08/25 14:57:52,2730.483,703710,SHK0000001,2150,2151,790,4095,4095,4095,0,0,0,0,0,0,0
19/08/25 14:57:53,2731.496,703710,SHK0000001,2153,2144,788,4095,4095,4095,0,0,0,0,0,0,0
19/08/25 14:57:54,2732.487,703710,SHK0000001,2152,2151,789,4095,4095,4095,0,0,0,0,0,0,0
19/08/25 14:57:55,2733.497,703710,SHK0000001,2153,2148,789,4095,4095,4095,0,0,0,0,0,0,0
19/08/25 14:57:56,2734.483,703710,SHK0000001,2148,2143,788,4095,4095,4095,0,0,0,0,0,0,0
19/08/25 14:57:57,2735.497,703710,SHK0000001,2147,2153,790,4095,4095,4095,0,0,0,0,0,0,0
19/08/25 14:57:58,2736.482,703710,SHK0000001,2142,2154,789,4095,4095,4095,0,0,0,0,0,0,0
19/08/25 14:57:59,2737.493,703710,SHK0000001,2143,2149,788,4095,4095,4095,0,0,0,0,0,0,0
19/08/25 14:58:00,2738.483,703710,SHK0000001,2146,2153,790,4095,4095,4095,0,0,0,0,0,0,0
19/08/25 14:58:01,2739.498,703710,SHK0000001,2149,2144,788,4095,4095,4095,0,0,0,0,0,0,0
19/08/25 14:58:02,2740.483,703710,SHK0000001,2147,2154,789,4095,4095,4095,0,0,0,0,0,0,0
19/08/25 14:58:03,2741.495,703710,SHK0000001,2144,2146,790,4095,4095,4095,0,0,0,0,0,0,0
19/08/25 14:58:04,2742.482,703710,SHK0000001,2145,2152,788,4095,4095,4095,0,0,0,0,0,0,0
19/08/25 14:58:05,2743.491,703710,SHK0000001,2153,2150,789,4095,4095,4095,0,0,0,0,0,0,0
19/08/25 14:58:06,2744.488,703710,SHK0000001,2141,2154,789,4095,4095,4095,0,0,0,0,0,0,0
19/08/25 14:58:07,2745.495,703710,SHK0000001,2151,2150,787,4095,4095,4095,0,0,0,0,0,0,0
19/08/25 14:58:08,2746.487,703710,SHK0000001,2146,2147,788,4095,4095,4095,0,0,0,0,0,0,0
19/08/25 14:58:09,2747.49,703710,SHK0000001,2147,2147,789,4095,4095,4095,0,0,0,0,0,0,0
19/08/25 14:58:10,2748.49,703710,SHK0000001,2148,2145,787,4095,4095,4095,0,0,0,0,0,0,0
19/08/25 14:58:11,2749.491,703710,SHK0000001,2150,2148,789,4095,4095,4095,0,0,0,0,0,0,0
19/08/25 14:58:12,2750.486,703710,SHK0000001,2151,2148,788,4095,4095,4095,0,0,0,0,0,0,0
19/08/25 14:58:13,2751.499,703710,SHK0000001,2150,2151,787,4095,4095,4095,0,0,0,0,0,0,0
19/08/25 14:58:14,2752.487,703710,SHK0000001,2140,2150,789,4095,4095,4095,0,0,0,0,0,0,0
19/08/25 14:58:15,2753.498,703710,SHK0000001,2150,2148,788,4095,4095,4095,0,0,0,0,0,0,0
19/08/25 14:58:16,2754.487,703710,SHK0000001,2150,2146,788,4095,4095,4095,0,0,0,0,0,0,0
19/08/25 14:58:17,2755.493,703710,SHK0000001,2145,2146,789,4095,4095,4095,0,0,0,0,0,0,0
19/08/25 14:58:18,2756.489,703710,SHK0000001,2146,2151,788,4095,4095,4095,0,0,0,0,0,0,0
19/08/25 14:58:19,2757.499,703710,SHK0000001,2150,2144,788,4095,4095,4095,0,0,0,0,0,0,0
19/08/25 14:58:20,2758.491,703710,SHK0000001,2149,2147,789,4095,4095,4095,0,0,0,0,0,0,0
19/08/25 14:58:21,2759.497,703710,SHK0000001,2155,2148,787,4095,4095,4095,0,0,0,0,0,0,0
19/08/25 14:58:22,2760.49,703710,SHK0000001,2148,2145,788,4095,4095,4095,0,0,0,0,0,0,0
19/08/25 14:58:23,2761.498,703710,SHK0000001,2147,2152,788,4095,4095,4095,0,0,0,0,0,0,0
19/08/25 14:58:24,2762.487,703710,SHK0000001,2148,2146,787,4095,4095,4095,0,0,0,0,0,0,0
19/08/25 14:58:25,2763.494,703710,SHK0000001,2151,2149,789,4095,4095,4095,0,0,0,0,0,0,0
19/08/25 14:58:26,2764.481,703710,SHK0000001,2141,2144,788,4095,4095,4095,0,0,0,0,0,0,0
19/08/25 14:58:27,2765.489,703710,SHK0000001,2147,2145,787,4095,4095,4095,0,0,0,0,0,0,0
19/08/25 14:58:28,2766.486,703710,SHK0000001,2153,2148,788,4095,4095,4095,0,0,0,0,0,0,0
19/08/25 14:58:29,2767.49,703710,SHK0000001,2146,2149,788,4095,4095,4095,0,0,0,0,0,0,0
19/08/25 14:58:30,2768.491,703710,SHK0000001,2149,2140,788,4095,4095,4095,0,0,0,0,0,0,0
19/08/25 14:58:31,2769.493,703710,SHK0000001,2147,2146,788,4095,4095,4095,0,0,0,0,0,0,0
19/08/25 14:58:32,2770.487,703710,SHK0000001,2146,2147,787,4095,4095,4095,0,0,0,0,0,0,0
19/08/25 14:58:33,2771.492,703710,SHK0000001,2152,2147,788,4095,4095,4095,0,0,0,0,0,0,0
19/08/25 14:58:34,2772.483,703710,SHK0000001,2148,2147,789,4095,4095,4095,0,0,0,0,0,0,0
19/08/25 14:58:35,2773.497,703710,SHK0000001,2143,2149,787,4095,4095,4095,0,0,0,0,0,0,0
19/08/25 14:58:36,2774.49,703710,SHK0000001,2138,2152,788,4095,4095,4095,0,0,0,0,0,0,0
19/08/25 14:58:37,2775.499,703710,SHK0000001,2149,2146,789,4095,4095,4095,0,0,0,0,0,0,0
19/08/25 14:58:38,2776.488,703710,SHK0000001,2149,2146,787,4095,4095,4095,0,0,0,0,0,0,0
19/08/25 14:58:39,2777.491,703710,SHK0000001,2150,2149,789,4095,4095,4095,0,0,0,0,0,0,0
19/08/25 14:58:40,2778.487,703710,SHK0000001,2142,2142,789,4095,4095,4095,0,0,0,0,0,0,0
19/08/25 14:58:41,2779.497,703710,SHK0000001,2141,2142,788,4095,4095,4095,0,0,0,0,0,0,0
19/08/25 14:58:42,2780.489,703710,SHK0000001,2141,2144,788,4095,4095,4095,0,0,0,0,0,0,0
19/08/25 14:58:43,2781.493,703710,SHK0000001,2149,2146,788,4095,4095,4095,0,0,0,0,0,0,0
19/08/25 14:58:44,2782.489,703710,SHK0000001,2148,2145,788,4095,4095,4095,0,0,0,0,0,0,0
19/08/25 14:58:45,2783.496,703710,SHK0000001,2147,2147,789,4095,4095,4095,0,0,0,0,0,0,0
19/08/25 14:58:46,2784.486,703710,SHK0000001,2150,2147,787,4095,4095,4095,0,0,0,0,0,0,0
19/08/25 14:58:47,2785.489,703710,SHK0000001,2148,2151,787,4095,4095,4095,0,0,0,0,0,0,0
19/08/25 14:58:48,2786.483,703710,SHK0000001,2148,2146,789,4095,4095,4095,0,0,0,0,0,0,0
19/08/25 14:58:49,2787.494,703710,SHK0000001,2147,2144,787,4095,4095,4095,0,0,0,0,0,0,0
19/08/25 14:58:50,2788.486,703710,SHK0000001,2151,2148,788,4095,4095,4095,0,0,0,0,0,0,0
19/08/25 14:58:51,2789.492,703710,SHK0000001,2148,2143,789,4095,4095,4095,0,0,0,0,0,0,0
19/08/25 14:58:52,2790.489,703710,SHK0000001,2150,2144,787,4095,4095,4095,0,0,0,0,0,0,0
19/08/25 14:58:53,2791.495,703710,SHK0000001,2146,2154,789,4095,4095,4095,0,0,0,0,0,0,0
19/08/25 14:58:54,2792.492,703710,SHK0000001,2154,2150,788,4095,4095,4095,0,0,0,0,0,0,0
19/08/25 14:58:55,2793.491,703710,SHK0000001,2146,2151,787,4095,4095,4095,0,0,0,0,0,0,0
19/08/25 14:58:56,2794.489,703710,SHK0000001,2143,2149,789,4095,4095,4095,0,0,0,0,0,0,0
19/08/25 14:58:57,2795.491,703710,SHK0000001,2152,2146,788,4095,4095,4095,0,0,0,0,0,0,0
19/08/25 14:58:58,2796.485,703710,SHK0000001,2139,2142,786,4095,4095,4095,0,0,0,0,0,0,0
19/08/25 14:58:59,2797.494,703710,SHK0000001,2147,2146,789,4095,4095,4095,0,0,0,0,0,0,0
19/08/25 14:59:00,2798.491,703710,SHK0000001,2149,2142,787,4095,4095,4095,0,0,0,0,0,0,0
19/08/25 14:59:01,2799.499,703710,SHK0000001,2151,2148,787,4095,4095,4095,0,0,0,0,0,0,0
19/08/25 14:59:02,2800.481,703710,SHK0000001,2148,2148,789,4095,4095,4095,0,0,0,0,0,0,0
19/08/25 14:59:03,2801.491,703710,SHK0000001,2154,2148,787,4095,4095,4095,0,0,0,0,0,0,0
19/08/25 14:59:04,2802.482,703710,SHK0000001,2146,2149,787,4095,4095,4095,0,0,0,0,0,0,0
19/08/25 14:59:05,2803.495,703710,SHK0000001,2142,2147,789,4095,4095,4095,0,0,0,0,0,0,0
19/08/25 14:59:06,2804.49,703710,SHK0000001,2149,2145,787,4095,4095,4095,0,0,0,0,0,0,0
19/08/25 14:59:07,2805.493,703710,SHK0000001,2142,2150,787,4095,4095,4095,0,0,0,0,0,0,0
19/08/25 14:59:08,2806.485,703710,SHK0000001,2148,2147,787,4095,4095,4095,0,0,0,0,0,0,0
19/08/25 14:59:09,2807.49,703710,SHK0000001,2142,2143,786,4095,4095,4095,0,0,0,0,0,0,0
19/08/25 14:59:10,2808.491,703710,SHK0000001,2145,2146,787,4095,4095,4095,0,0,0,0,0,0,0
19/08/25 14:59:11,2809.494,703710,SHK0000001,2144,2147,787,4095,4095,4095,0,0,0,0,0,0,0
19/08/25 14:59:12,2810.49,703710,SHK0000001,2151,2145,786,4095,4095,4095,0,0,0,0,0,0,0
19/08/25 14:59:13,2811.495,703710,SHK0000001,2146,2146,788,4095,4095,4095,0,0,0,0,0,0,0
19/08/25 14:59:14,2812.485,703710,SHK0000001,2148,2142,787,4095,4095,4095,0,0,0,0,0,0,0
19/08/25 14:59:15,2813.493,703710,SHK0000001,2146,2146,786,4095,4095,4095,0,0,0,0,0,0,0
19/08/25 14:59:16,2814.491,703710,SHK0000001,2146,2139,788,4095,4095,4095,0,0,0,0,0,0,0
19/08/25 14:59:17,2815.494,703710,SHK0000001,2147,2148,787,4095,4095,4095,0,0,0,0,0,0,0
19/08/25 14:59:18,2816.487,703710,SHK0000001,2149,2140,787,4095,4095,4095,0,0,0,0,0,0,0
19/08/25 14:59:19,2817.497,703710,SHK0000001,2143,2148,789,4095,4095,4095,0,0,0,0,0,0,0
19/08/25 14:59:20,2818.486,703710,SHK0000001,2144,2143,786,4095,4095,4095,0,0,0,0,0,0,0
19/08/25 14:59:21,2819.498,703710,SHK0000001,2149,2138,787,4095,4095,4095,0,0,0,0,0,0,0
19/08/25 14:59:22,2820.481,703710,SHK0000001,2148,2149,788,4095,4095,4095,0,0,0,0,0,0,0
19/08/25 14:59:23,2821.491,703710,SHK0000001,2138,2150,786,4095,4095,4095,0,0,0,0,0,0,0
19/08/25 14:59:24,2822.486,703710,SHK0000001,2145,2145,786,4095,4095,4095,0,0,0,0,0,0,0
19/08/25 14:59:25,2823.491,703710,SHK0000001,2140,2152,787,4095,4095,4095,0,0,0,0,0,0,0
19/08/25 14:59:26,2824.486,703710,SHK0000001,2148,2153,786,4095,4095,4095,0,0,0,0,0,0,0
19/08/25 14:59:27,2825.498,703710,SHK0000001,2139,2153,787,4095,4095,4095,0,0,0,0,0,0,0
19/08/25 14:59:28,2826.484,703710,SHK0000001,2146,2147,787,4095,4095,4095,0,0,0,0,0,0,0
19/08/25 14:59:29,2827.495,703710,SHK0000001,2150,2145,786,4095,4095,4095,0,0,0,0,0,0,0
19/08/25 14:59:30,2828.484,703710,SHK0000001,2151,2142,788,4095,4095,4095,0,0,0,0,0,0,0
19/08/25 14:59:31,2829.493,703710,SHK0000001,2151,2141,786,4095,4095,4095,0,0,0,0,0,0,0
19/08/25 14:59:32,2830.49,703710,SHK0000001,2147,2144,786,4095,4095,4095,0,0,0,0,0,0,0
19/08/25 14:59:33,2831.494,703710,SHK0000001,2145,2150,788,4095,4095,4095,0,0,0,0,0,0,0
19/08/25 14:59:34,2832.485,703710,SHK0000001,2144,2143,786,4095,4095,4095,0,0,0,0,0,0,0
19/08/25 14:59:35,2833.497,703710,SHK0000001,2143,2154,786,4095,4095,4095,0,0,0,0,0,0,0
19/08/25 14:59:36,2834.482,703710,SHK0000001,2145,2145,787,4095,4095,4095,0,0,0,0,0,0,0
19/08/25 14:59:37,2835.489,703710,SHK0000001,2147,2141,785,4095,4095,4095,0,0,0,0,0,0,0
19/08/25 14:59:38,2836.483,703710,SHK0000001,2137,2148,786,4095,4095,4095,0,0,0,0,0,0,0
19/08/25 14:59:39,2837.496,703710,SHK0000001,2145,2144,787,4095,4095,4095,0,0,0,0,0,0,0
19/08/25 14:59:40,2838.485,703710,SHK0000001,2142,2144,785,4095,4095,4095,0,0,0,0,0,0,0
19/08/25 14:59:41,2839.494,703710,SHK0000001,2152,2139,786,4095,4095,4095,0,0,0,0,0,0,0
19/08/25 14:59:42,2840.484,703710,SHK0000001,2143,2148,786,4095,4095,4095,0,0,0,0,0,0,0
19/08/25 14:59:43,2841.494,703710,SHK0000001,2148,2147,786,4095,4095,4095,0,0,0,0,0,0,0
19/08/25 14:59:44,2842.487,703710,SHK0000001,2144,2147,788,4095,4095,4095,0,0,0,0,0,0,0
19/08/25 14:59:45,2843.497,703710,SHK0000001,2141,2141,786,4095,4095,4095,0,0,0,0,0,0,0
19/08/25 14:59:46,2844.483,703710,SHK0000001,2150,2141,785,4095,4095,4095,0,0,0,0,0,0,0
19/08/25 14:59:47,2845.492,703710,SHK0000001,2144,2146,786,4095,4095,4095,0,0,0,0,0,0,0
19/08/25 14:59:48,2846.483,703710,SHK0000001,2143,2144,785,4095,4095,4095,0,0,0,0,0,0,0
19/08/25 14:59:49,2847.494,703710,SHK0000001,2139,2144,787,4095,4095,4095,0,0,0,0,0,0,0
19/08/25 14:59:50,2848.487,703710,SHK0000001,2139,2142,787,4095,4095,4095,0,0,0,0,0,0,0
19/08/25 14:59:51,2849.497,703710,SHK0000001,2148,2145,786,4095,4095,4095,0,0,0,0,0,0,0
19/08/25 14:59:52,2850.49,703710,SHK0000001,2146,2148,786,4095,4095,4095,0,0,0,0,0,0,0
19/08/25 14:59:53,2851.494,703710,SHK0000001,2144,2145,788,4095,4095,4095,0,0,0,0,0,0,0
19/08/25 14:59:54,2852.485,703710,SHK0000001,2144,2143,785,4095,4095,4095,0,0,0,0,0,0,0
19/08/25 14:59:55,2853.494,703710,SHK0000001,2140,2149,787,4095,4095,4095,0,0,0,0,0,0,0
19/08/25 14:59:56,2854.484,703710,SHK0000001,2144,2147,787,4095,4095,4095,0,0,0,0,0,0,0
19/08/25 14:59:57,2855.497,703710,SHK0000001,2145,2145,786,4095,4095,4095,0,0,0,0,0,0,0
19/08/25 14:59:58,2856.489,703710,SHK0000001,2152,2145,787,4095,4095,4095,0,0,0,0,0,0,0
19/08/25 14:59:59,2857.495,703710,SHK0000001,2144,2148,786,4095,4095,4095,0,0,0,0,0,0,0
19/08/25 15:00:00,2858.484,703710,SHK0000001,2143,2146,786,4095,4095,4095,0,0,0,0,0,0,0
19/08/25 15:00:01,2859.498,703710,SHK0000001,2142,2141,788,4095,4095,4095,0,0,0,0,0,0,0
19/08/25 15:00:02,2860.482,703710,SHK0000001,2143,2147,786,4095,4095,4095,0,0,0,0,0,0,0
19/08/25 15:00:03,2861.492,703710,SHK0000001,2147,2138,786,4095,4095,4095,0,0,0,0,0,0,0
19/08/25 15:00:04,2862.484,703710,SHK0000001,2146,2144,786,4095,4095,4095,0,0,0,0,0,0,0
19/08/25 15:00:05,2863.494,703710,SHK0000001,2147,2140,785,4095,4095,4095,0,0,0,0,0,0,0
19/08/25 15:00:06,2864.487,703710,SHK0000001,2141,2142,786,4095,4095,4095,0,0,0,0,0,0,0
19/08/25 15:00:07,2865.492,703710,SHK0000001,2141,2149,787,4095,4095,4095,0,0,0,0,0,0,0
19/08/25 15:00:08,2866.488,703710,SHK0000001,2146,2144,785,4095,4095,4095,0,0,0,0,0,0,0
19/08/25 15:00:09,2867.497,703710,SHK0000001,2149,2139,788,4095,4095,4095,0,0,0,0,0,0,0
19/08/25 15:00:10,2868.484,703710,SHK0000001,2146,2149,788,4095,4095,4095,0,0,0,0,0,0,0
19/08/25 15:00:11,2869.49,703710,SHK0000001,2148,2152,786,4095,4095,4095,0,0,0,0,0,0,0
19/08/25 15:00:12,2870.485,703710,SHK0000001,2144,2148,788,4095,4095,4095,0,0,0,0,0,0,0
19/08/25 15:00:13,2871.489,703710,SHK0000001,2145,2149,787,4095,4095,4095,0,0,0,0,0,0,0
19/08/25 15:00:14,2872.489,703710,SHK0000001,2150,2143,786,4095,4095,4095,0,0,0,0,0,0,0
19/08/25 15:00:15,2873.489,703710,SHK0000001,2139,2147,788,4095,4095,4095,0,0,0,0,0,0,0
19/08/25 15:00:16,2874.481,703710,SHK0000001,2152,2146,786,4095,4095,4095,0,0,0,0,0,0,0
19/08/25 15:00:17,2875.491,703710,SHK0000001,2148,2149,786,4095,4095,4095,0,0,0,0,0,0,0
19/08/25 15:00:18,2876.48,703710,SHK0000001,2150,2149,788,4095,4095,4095,0,0,0,0,0,0,0
19/08/25 15:00:19,2877.498,703710,SHK0000001,2151,2151,786,4095,4095,4095,0,0,0,0,0,0,0
19/08/25 15:00:20,2878.491,703710,SHK0000001,2145,2148,786,4095,4095,4095,0,0,0,0,0,0,0
19/08/25 15:00:21,2879.49,703710,SHK0000001,2143,2147,788,4095,4095,4095,0,0,0,0,0,0,0
19/08/25 15:00:22,2880.489,703710,SHK0000001,2148,2150,785,4095,4095,4095,0,0,0,0,0,0,0
19/08/25 15:00:23,2881.492,703710,SHK0000001,2146,2147,787,4095,4095,4095,0,0,0,0,0,0,0
19/08/25 15:00:24,2882.489,703710,SHK0000001,2147,2146,788,4095,4095,4095,0,0,0,0,0,0,0
19/08/25 15:00:25,2883.495,703710,SHK0000001,2147,2148,786,4095,4095,4095,0,0,0,0,0,0,0
19/08/25 15:00:26,2884.486,703710,SHK0000001,2150,2150,788,4095,4095,4095,0,0,0,0,0,0,0
19/08/25 15:00:27,2885.495,703710,SHK0000001,2143,2155,788,4095,4095,4095,0,0,0,0,0,0,0
19/08/25 15:00:28,2886.486,703710,SHK0000001,2149,2147,787,4095,4095,4095,0,0,0,0,0,0,0
19/08/25 15:00:29,2887.49,703710,SHK0000001,2158,2149,788,4095,4095,4095,0,0,0,0,0,0,0
19/08/25 15:00:30,2888.485,703710,SHK0000001,2150,2144,787,4095,4095,4095,0,0,0,0,0,0,0
19/08/25 15:00:31,2889.49,703710,SHK0000001,2152,2153,787,4095,4095,4095,0,0,0,0,0,0,0
19/08/25 15:00:32,2890.485,703710,SHK0000001,2150,2146,788,4095,4095,4095,0,0,0,0,0,0,0
19/08/25 15:00:33,2891.496,703710,SHK0000001,2159,2149,787,4095,4095,4095,0,0,0,0,0,0,0
19/08/25 15:00:34,2892.49,703710,SHK0000001,2153,2147,788,4095,4095,4095,0,0,0,0,0,0,0
19/08/25 15:00:35,2893.497,703710,SHK0000001,2152,2148,789,4095,4095,4095,0,0,0,0,0,0,0
19/08/25 15:00:36,2894.484,703710,SHK0000001,2151,2140,787,4095,4095,4095,0,0,0,0,0,0,0
19/08/25 15:00:37,2895.497,703710,SHK0000001,2155,2151,787,4095,4095,4095,0,0,0,0,0,0,0
19/08/25 15:00:38,2896.488,703710,SHK0000001,2150,2155,789,4095,4095,4095,0,0,0,0,0,0,0
19/08/25 15:00:39,2897.497,703710,SHK0000001,2153,2153,787,4095,4095,4095,0,0,0,0,0,0,0
19/08/25 15:00:40,2898.483,703710,SHK0000001,2148,2158,789,4095,4095,4095,0,0,0,0,0,0,0
19/08/25 15:00:41,2899.497,703710,SHK0000001,2150,2151,789,4095,4095,4095,0,0,0,0,0,0,0
19/08/25 15:00:42,2900.484,703710,SHK0000001,2147,2150,788,4095,4095,4095,0,0,0,0,0,0,0
19/08/25 15:00:43,2901.493,703710,SHK0000001,2151,2153,790,4095,4095,4095,0,0,0,0,0,0,0
19/08/25 15:00:44,2902.49,703710,SHK0000001,2153,2148,789,4095,4095,4095,0,0,0,0,0,0,0
19/08/25 15:00:45,2903.489,703710,SHK0000001,2151,2150,788,4095,4095,4095,0,0,0,0,0,0,0
19/08/25 15:00:46,2904.484,703710,SHK0000001,2154,2157,789,4095,4095,4095,0,0,0,0,0,0,0
19/08/25 15:00:47,2905.499,703710,SHK0000001,2152,2151,788,4095,4095,4095,0,0,0,0,0,0,0
19/08/25 15:00:48,2906.481,703710,SHK0000001,2153,2150,788,4095,4095,4095,0,0,0,0,0,0,0
19/08/25 15:00:49,2907.491,703710,SHK0000001,2153,2156,790,4095,4095,4095,0,0,0,0,0,0,0
19/08/25 15:00:50,2908.485,703710,SHK0000001,2157,2153,789,4095,4095,4095,0,0,0,0,0,0,0
19/08/25 15:00:51,2909.494,703710,SHK0000001,2151,2151,789,4095,4095,4095,0,0,0,0,0,0,0
19/08/25 15:00:52,2910.483,703710,SHK0000001,2154,2152,790,4095,4095,4095,0,0,0,0,0,0,0
19/08/25 15:00:53,2911.498,703710,SHK0000001,2150,2156,789,4095,4095,4095,0,0,0,0,0,0,0
19/08/25 15:00:54,2912.484,703710,SHK0000001,2149,2151,791,4095,4095,4095,0,0,0,0,0,0,0
19/08/25 15:00:55,2913.497,703710,SHK0000001,2154,2151,791,4095,4095,4095,0,0,0,0,0,0,0
19/08/25 15:00:56,2914.481,703710,SHK0000001,2153,2155,789,4095,4095,4095,0,0,0,0,0,0,0
19/08/25 15:00:57,2915.496,703710,SHK0000001,2151,2160,791,4095,4095,4095,0,0,0,0,0,0,0
19/08/25 15:00:58,2916.485,703710,SHK0000001,2155,2153,790,4095,4095,4095,0,0,0,0,0,0,0
19/08/25 15:00:59,2917.492,703710,SHK0000001,2159,2160,790,4095,4095,4095,0,0,0,0,0,0,0
19/08/25 15:01:00,2918.481,703710,SHK0000001,2158,2154,790,4095,4095,4095,0,0,0,0,0,0,0
19/08/25 15:01:01,2919.493,703710,SHK0000001,2158,2159,790,4095,4095,4095,0,0,0,0,0,0,0
19/08/25 15:01:02,2920.487,703710,SHK0000001,2158,2161,790,4095,4095,4095,0,0,0,0,0,0,0
19/08/25 15:01:03,2921.493,703710,SHK0000001,2160,2156,792,4095,4095,4095,0,0,0,0,0,0,0
19/08/25 15:01:04,2922.491,703710,SHK0000001,2154,2150,790,4095,4095,4095,0,0,0,0,0,0,0
19/08/25 15:01:05,2923.49,703710,SHK0000001,2161,2161,791,4095,4095,4095,0,0,0,0,0,0,0
19/08/25 15:01:06,2924.487,703710,SHK0000001,2155,2158,792,4095,4095,4095,0,0,0,0,0,0,0
19/08/25 15:01:07,2925.492,703710,SHK0000001,2157,2155,790,4095,4095,4095,0,0,0,0,0,0,0
19/08/25 15:01:08,2926.481,703710,SHK0000001,2155,2155,792,4095,4095,4095,0,0,0,0,0,0,0
19/08/25 15:01:09,2927.497,703710,SHK0000001,2153,2162,792,4095,4095,4095,0,0,0,0,0,0,0
19/08/25 15:01:10,2928.483,703710,SHK0000001,2159,2157,790,4095,4095,4095,0,0,0,0,0,0,0
19/08/25 15:01:11,2929.497,703710,SHK0000001,2160,2158,793,4095,4095,4095,0,0,0,0,0,0,0
19/08/25 15:01:12,2930.487,703710,SHK0000001,2164,2159,792,4095,4095,4095,0,0,0,0,0,0,0
19/08/25 15:01:13,2931.492,703710,SHK0000001,2157,2162,791,4095,4095,4095,0,0,0,0,0,0,0
19/08/25 15:01:14,2932.489,703710,SHK0000001,2163,2160,793,4095,4095,4095,0,0,0,0,0,0,0
19/08/25 15:01:15,2933.492,703710,SHK0000001,2157,2164,792,4095,4095,4095,0,0,0,0,0,0,0
19/08/25 15:01:16,2934.484,703710,SHK0000001,2159,2160,792,4095,4095,4095,0,0,0,0,0,0,0
19/08/25 15:01:17,2935.494,703710,SHK0000001,2167,2161,794,4095,4095,4095,0,0,0,0,0,0,0
19/08/25 15:01:18,2936.486,703710,SHK0000001,2163,2164,792,4095,4095,4095,0,0,0,0,0,0,0
19/08/25 15:01:19,2937.495,703710,SHK0000001,2166,2164,793,4095,4095,4095,0,0,0,0,0,0,0
19/08/25 15:01:20,2938.486,703710,SHK0000001,2166,2160,794,4095,4095,4095,0,0,0,0,0,0,0
19/08/25 15:01:21,2939.497,703710,SHK0000001,2160,2165,793,4095,4095,4095,0,0,0,0,0,0,0
19/08/25 15:01:22,2940.481,703710,SHK0000001,2163,2164,794,4095,4095,4095,0,0,0,0,0,0,0
19/08/25 15:01:23,2941.497,703710,SHK0000001,2159,2164,793,4095,4095,4095,0,0,0,0,0,0,0
19/08/25 15:01:24,2942.49,703710,SHK0000001,2168,2166,792,4095,4095,4095,0,0,0,0,0,0,0
19/08/25 15:01:25,2943.499,703710,SHK0000001,2165,2163,795,4095,4095,4095,0,0,0,0,0,0,0
19/08/25 15:01:26,2944.489,703710,SHK0000001,2164,2171,794,4095,4095,4095,0,0,0,0,0,0,0
19/08/25 15:01:27,2945.493,703710,SHK0000001,2160,2167,793,4095,4095,4095,0,0,0,0,0,0,0
19/08/25 15:01:28,2946.484,703710,SHK0000001,2166,2165,795,4095,4095,4095,0,0,0,0,0,0,0
19/08/25 15:01:29,2947.496,703710,SHK0000001,2162,2167,794,4095,4095,4095,0,0,0,0,0,0,0
19/08/25 15:01:30,2948.486,703710,SHK0000001,2162,2163,793,4095,4095,4095,0,0,0,0,0,0,0
19/08/25 15:01:31,2949.496,703710,SHK0000001,2164,2167,796,4095,4095,4095,0,0,0,0,0,0,0
19/08/25 15:01:32,2950.484,703710,SHK0000001,2166,2168,794,4095,4095,4095,0,0,0,0,0,0,0
19/08/25 15:01:33,2951.499,703710,SHK0000001,2174,2164,793,4095,4095,4095,0,0,0,0,0,0,0
19/08/25 15:01:34,2952.49,703710,SHK0000001,2170,2169,796,4095,4095,4095,0,0,0,0,0,0,0
19/08/25 15:01:35,2953.498,703710,SHK0000001,2171,2164,794,4095,4095,4095,0,0,0,0,0,0,0
19/08/25 15:01:36,2954.487,703710,SHK0000001,2163,2161,795,4095,4095,4095,0,0,0,0,0,0,0
19/08/25 15:01:37,2955.492,703710,SHK0000001,2166,2171,796,4095,4095,4095,0,0,0,0,0,0,0
19/08/25 15:01:38,2956.482,703710,SHK0000001,2166,2166,794,4095,4095,4095,0,0,0,0,0,0,0
19/08/25 15:01:39,2957.494,703710,SHK0000001,2169,2174,795,4095,4095,4095,0,0,0,0,0,0,0
19/08/25 15:01:40,2958.487,703710,SHK0000001,2166,2167,796,4095,4095,4095,0,0,0,0,0,0,0
19/08/25 15:01:41,2959.493,703710,SHK0000001,2164,2170,795,4095,4095,4095,0,0,0,0,0,0,0
19/08/25 15:01:42,2960.487,703710,SHK0000001,2168,2168,797,4095,4095,4095,0,0,0,0,0,0,0
19/08/25 15:01:43,2961.497,703710,SHK0000001,2182,2173,797,4095,4095,4095,0,0,0,0,0,0,0
19/08/25 15:01:44,2962.487,703710,SHK0000001,2172,2172,796,4095,4095,4095,0,0,0,0,0,0,0
19/08/25 15:01:45,2963.497,703710,SHK0000001,2171,2171,797,4095,4095,4095,0,0,0,0,0,0,0
19/08/25 15:01:46,2964.484,703710,SHK0000001,2170,2171,797,4095,4095,4095,0,0,0,0,0,0,0
19/08/25 15:01:47,2965.494,703710,SHK0000001,2168,2174,797,4095,4095,4095,0,0,0,0,0,0,0
19/08/25 15:01:48,2966.486,703710,SHK0000001,2171,2169,797,4095,4095,4095,0,0,0,0,0,0,0
19/08/25 15:01:49,2967.491,703710,SHK0000001,2174,2167,797,4095,4095,4095,0,0,0,0,0,0,0
19/08/25 15:01:50,2968.481,703710,SHK0000001,2168,2167,798,4095,4095,4095,0,0,0,0,0,0,0
19/08/25 15:01:51,2969.497,703710,SHK0000001,2172,2172,798,4095,4095,4095,0,0,0,0,0,0,0
19/08/25 15:01:52,2970.487,703710,SHK0000001,2175,2176,797,4095,4095,4095,0,0,0,0,0,0,0
19/08/25 15:01:53,2971.493,703710,SHK0000001,2172,2173,798,4095,4095,4095,0,0,0,0,0,0,0
19/08/25 15:01:54,2972.482,703710,SHK0000001,2174,2171,799,4095,4095,4095,0,0,0,0,0,0,0
19/08/25 15:01:55,2973.49,703710,SHK0000001,2174,2171,797,4095,4095,4095,0,0,0,0,0,0,0
19/08/25 15:01:56,2974.49,703710,SHK0000001,2172,2176,799,4095,4095,4095,0,0,0,0,0,0,0
19/08/25 15:01:57,2975.493,703710,SHK0000001,2169,2176,799,4095,4095,4095,0,0,0,0,0,0,0
19/08/25 15:01:58,2976.482,703710,SHK0000001,2180,2173,798,4095,4095,4095,0,0,0,0,0,0,0
19/08/25 15:01:59,2977.495,703710,SHK0000001,2177,2173,800,4095,4095,4095,0,0,0,0,0,0,0
19/08/25 15:02:00,2978.483,703710,SHK0000001,2177,2178,798,4095,4095,4095,0,0,0,0,0,0,0
19/08/25 15:02:01,2979.496,703710,SHK0000001,2181,2179,798,4095,4095,4095,0,0,0,0,0,0,0
19/08/25 15:02:02,2980.491,703710,SHK0000001,2180,2178,801,4095,4095,4095,0,0,0,0,0,0,0
19/08/25 15:02:03,2981.498,703710,SHK0000001,2181,2173,800,4095,4095,4095,0,0,0,0,0,0,0
19/08/25 15:02:04,2982.485,703710,SHK0000001,2180,2177,799,4095,4095,4095,0,0,0,0,0,0,0
19/08/25 15:02:05,2983.498,703710,SHK0000001,2173,2181,801,4095,4095,4095,0,0,0,0,0,0,0
19/08/25 15:02:06,2984.483,703710,SHK0000001,2177,2177,800,4095,4095,4095,0,0,0,0,0,0,0
19/08/25 15:02:07,2985.491,703710,SHK0000001,2181,2182,800,4095,4095,4095,0,0,0,0,0,0,0
19/08/25 15:02:08,2986.486,703710,SHK0000001,2177,2179,801,4095,4095,4095,0,0,0,0,0,0,0
19/08/25 15:02:09,2987.495,703710,SHK0000001,2189,2185,800,4095,4095,4095,0,0,0,0,0,0,0
19/08/25 15:02:10,2988.491,703710,SHK0000001,2180,2176,802,4095,4095,4095,0,0,0,0,0,0,0
19/08/25 15:02:11,2989.49,703710,SHK0000001,2174,2180,802,4095,4095,4095,0,0,0,0,0,0,0
19/08/25 15:02:12,2990.491,703710,SHK0000001,2179,2177,800,4095,4095,4095,0,0,0,0,0,0,0
19/08/25 15:02:13,2991.493,703710,SHK0000001,2181,2180,803,4095,4095,4095,0,0,0,0,0,0,0
19/08/25 15:02:14,2992.486,703710,SHK0000001,2184,2179,802,4095,4095,4095,0,0,0,0,0,0,0
19/08/25 15:02:15,2993.492,703710,SHK0000001,2176,2187,801,4095,4095,4095,0,0,0,0,0,0,0
19/08/25 15:02:16,2994.48,703710,SHK0000001,2193,2181,803,4095,4095,4095,0,0,0,0,0,0,0
19/08/25 15:02:17,2995.495,703710,SHK0000001,2181,2178,802,4095,4095,4095,0,0,0,0,0,0,0
19/08/25 15:02:18,2996.482,703710,SHK0000001,2179,2181,803,4095,4095,4095,0,0,0,0,0,0,0
19/08/25 15:02:19,2997.491,703710,SHK0000001,2180,2180,804,4095,4095,4095,0,0,0,0,0,0,0
19/08/25 15:02:20,2998.487,703710,SHK0000001,2183,2178,803,4095,4095,4095,0,0,0,0,0,0,0
19/08/25 15:02:21,2999.495,703710,SHK0000001,2186,2182,803,4095,4095,4095,0,0,0,0,0,0,0
19/08/25 15:02:22,3000.49,703710,SHK0000001,2184,2183,804,4095,4095,4095,0,0,0,0,0,0,0
19/08/25 15:02:23,3001.499,703710,SHK0000001,2187,2190,803,4095,4095,4095,0,0,0,0,0,0,0
19/08/25 15:02:24,3002.487,703710,SHK0000001,2183,2182,804,4095,4095,4095,0,0,0,0,0,0,0
19/08/25 15:02:25,3003.489,703710,SHK0000001,2186,2193,805,4095,4095,4095,0,0,0,0,0,0,0
19/08/25 15:02:26,3004.487,703710,SHK0000001,2192,2186,804,4095,4095,4095,0,0,0,0,0,0,0
19/08/25 15:02:27,3005.489,703710,SHK0000001,2185,2185,805,4095,4095,4095,0,0,0,0,0,0,0
19/08/25 15:02:28,3006.49,703710,SHK0000001,2185,2181,805,4095,4095,4095,0,0,0,0,0,0,0
19/08/25 15:02:29,3007.495,703710,SHK0000001,2187,2189,804,4095,4095,4095,0,0,0,0,0,0,0
19/08/25 15:02:30,3008.48,703710,SHK0000001,2186,2187,806,4095,4095,4095,0,0,0,0,0,0,0
19/08/25 15:02:31,3009.494,703710,SHK0000001,2189,2188,806,4095,4095,4095,0,0,0,0,0,0,0
19/08/25 15:02:32,3010.486,703710,SHK0000001,2192,2186,804,4095,4095,4095,0,0,0,0,0,0,0
19/08/25 15:02:33,3011.491,703710,SHK0000001,2188,2188,806,4095,4095,4095,0,0,0,0,0,0,0
19/08/25 15:02:34,3012.49,703710,SHK0000001,2192,2191,805,4095,4095,4095,0,0,0,0,0,0,0
19/08/25 15:02:35,3013.498,703710,SHK0000001,2194,2189,805,4095,4095,4095,0,0,0,0,0,0,0
19/08/25 15:02:36,3014.486,703710,SHK0000001,2193,2193,807,4095,4095,4095,0,0,0,0,0,0,0
19/08/25 15:02:37,3015.492,703710,SHK0000001,2189,2194,806,4095,4095,4095,0,0,0,0,0,0,0
19/08/25 15:02:38,3016.486,703710,SHK0000001,2194,2190,806,4095,4095,4095,0,0,0,0,0,0,0
19/08/25 15:02:39,3017.489,703710,SHK0000001,2194,2194,808,4095,4095,4095,0,0,0,0,0,0,0
19/08/25 15:02:40,3018.48,703710,SHK0000001,2193,2193,806,4095,4095,4095,0,0,0,0,0,0,0
19/08/25 15:02:41,3019.498,703710,SHK0000001,2192,2197,808,4095,4095,4095,0,0,0,0,0,0,0
19/08/25 15:02:42,3020.485,703710,SHK0000001,2194,2189,808,4095,4095,4095,0,0,0,0,0,0,0
19/08/25 15:02:43,3021.495,703710,SHK0000001,2194,2196,806,4095,4095,4095,0,0,0,0,0,0,0
19/08/25 15:02:44,3022.483,703710,SHK0000001,2191,2190,808,4095,4095,4095,0,0,0,0,0,0,0
19/08/25 15:02:45,3023.498,703710,SHK0000001,2195,2200,808,4095,4095,4095,0,0,0,0,0,0,0
19/08/25 15:02:46,3024.489,703710,SHK0000001,2198,2193,808,4095,4095,4095,0,0,0,0,0,0,0
19/08/25 15:02:47,3025.498,703710,SHK0000001,2198,2195,809,4095,4095,4095,0,0,0,0,0,0,0
19/08/25 15:02:48,3026.482,703710,SHK0000001,2193,2195,808,4095,4095,4095,0,0,0,0,0,0,0
19/08/25 15:02:49,3027.498,703710,SHK0000001,2197,2199,808,4095,4095,4095,0,0,0,0,0,0,0
19/08/25 15:02:50,3028.485,703710,SHK0000001,2201,2192,809,4095,4095,4095,0,0,0,0,0,0,0
19/08/25 15:02:51,3029.499,703710,SHK0000001,2199,2197,808,4095,4095,4095,0,0,0,0,0,0,0
19/08/25 15:02:52,3030.489,703710,SHK0000001,2192,2199,809,4095,4095,4095,0,0,0,0,0,0,0
19/08/25 15:02:53,3031.491,703710,SHK0000001,2196,2196,810,4095,4095,4095,0,0,0,0,0,0,0
19/08/25 15:02:54,3032.481,703710,SHK0000001,2202,2198,809,4095,4095,4095,0,0,0,0,0,0,0
19/08/25 15:02:55,3033.493,703710,SHK0000001,2201,2200,810,4095,4095,4095,0,0,0,0,0,0,0
19/08/25 15:02:56,3034.482,703710,SHK0000001,2194,2198,810,4095,4095,4095,0,0,0,0,0,0,0
19/08/25 15:02:57,3035.497,703710,SHK0000001,2196,2203,809,4095,4095,4095,0,0,0,0,0,0,0
19/08/25 15:02:58,3036.482,703710,SHK0000001,2195,2204,811,4095,4095,4095,0,0,0,0,0,0,0
19/08/25 15:02:59,3037.489,703710,SHK0000001,2201,2203,811,4095,4095,4095,0,0,0,0,0,0,0
19/08/25 15:03:00,3038.482,703710,SHK0000001,2199,2199,810,4095,4095,4095,0,0,0,0,0,0,0
19/08/25 15:03:01,3039.493,703710,SHK0000001,2193,2206,812,4095,4095,4095,0,0,0,0,0,0,0
19/08/25 15:03:02,3040.489,703710,SHK0000001,2204,2197,811,4095,4095,4095,0,0,0,0,0,0,0
19/08/25 15:03:03,3041.496,703710,SHK0000001,2203,2209,810,4095,4095,4095,0,0,0,0,0,0,0
19/08/25 15:03:04,3042.484,703710,SHK0000001,2204,2202,812,4095,4095,4095,0,0,0,0,0,0,0
19/08/25 15:03:05,3043.494,703710,SHK0000001,2200,2200,811,4095,4095,4095,0,0,0,0,0,0,0
19/08/25 15:03:06,3044.483,703710,SHK0000001,2207,2200,811,4095,4095,4095,0,0,0,0,0,0,0
19/08/25 15:03:07,3045.494,703710,SHK0000001,2194,2201,812,4095,4095,4095,0,0,0,0,0,0,0
19/08/25 15:03:08,3046.488,703710,SHK0000001,2204,2205,811,4095,4095,4095,0,0,0,0,0,0,0
19/08/25 15:03:09,3047.489,703710,SHK0000001,2203,2203,814,4095,4095,4095,0,0,0,0,0,0,0
19/08/25 15:03:10,3048.487,703710,SHK0000001,2201,2206,814,4095,4095,4095,0,0,0,0,0,0,0
19/08/25 15:03:11,3049.49,703710,SHK0000001,2204,2208,813,4095,4095,4095,0,0,0,0,0,0,0
19/08/25 15:03:12,3050.481,703710,SHK0000001,2210,2203,814,4095,4095,4095,0,0,0,0,0,0,0
19/08/25 15:03:13,3051.489,703710,SHK0000001,2211,2198,814,4095,4095,4095,0,0,0,0,0,0,0
19/08/25 15:03:14,3052.487,703710,SHK0000001,2208,2200,813,4095,4095,4095,0,0,0,0,0,0,0
19/08/25 15:03:15,3053.49,703710,SHK0000001,2199,2207,815,4095,4095,4095,0,0,0,0,0,0,0
19/08/25 15:03:16,3054.482,703710,SHK0000001,2201,2205,814,4095,4095,4095,0,0,0,0,0,0,0
19/08/25 15:03:17,3055.49,703710,SHK0000001,2201,2207,814,4095,4095,4095,0,0,0,0,0,0,0
19/08/25 15:03:18,3056.482,703710,SHK0000001,2204,2214,816,4095,4095,4095,0,0,0,0,0,0,0
19/08/25 15:03:19,3057.493,703710,SHK0000001,2207,2205,814,4095,4095,4095,0,0,0,0,0,0,0
19/08/25 15:03:20,3058.485,703710,SHK0000001,2208,2214,815,4095,4095,4095,0,0,0,0,0,0,0
19/08/25 15:03:21,3059.493,703710,SHK0000001,2208,2217,816,4095,4095,4095,0,0,0,0,0,0,0
19/08/25 15:03:22,3060.482,703710,SHK0000001,2208,2205,815,4095,4095,4095,0,0,0,0,0,0,0
19/08/25 15:03:23,3061.498,703710,SHK0000001,2208,2210,815,4095,4095,4095,0,0,0,0,0,0,0
19/08/25 15:03:24,3062.487,703710,SHK0000001,2209,2213,816,4095,4095,4095,0,0,0,0,0,0,0
19/08/25 15:03:25,3063.498,703710,SHK0000001,2216,2211,815,4095,4095,4095,0,0,0,0,0,0,0
19/08/25 15:03:26,3064.486,703710,SHK0000001,2210,2209,816,4095,4095,4095,0,0,0,0,0,0,0
19/08/25 15:03:27,3065.494,703710,SHK0000001,2209,2210,817,4095,4095,4095,0,0,0,0,0,0,0
19/08/25 15:03:28,3066.484,703710,SHK0000001,2217,2211,816,4095,4095,4095,0,0,0,0,0,0,0
19/08/25 15:03:29,3067.498,703710,SHK0000001,2210,2207,818,4095,4095,4095,0,0,0,0,0,0,0
19/08/25 15:03:30,3068.483,703710,SHK0000001,2218,2216,817,4095,4095,4095,0,0,0,0,0,0,0
19/08/25 15:03:31,3069.494,703710,SHK0000001,2217,2213,816,4095,4095,4095,0,0,0,0,0,0,0
19/08/25 15:03:32,3070.486,703710,SHK0000001,2210,2216,819,4095,4095,4095,0,0,0,0,0,0,0
19/08/25 15:03:33,3071.489,703710,SHK0000001,2212,2215,817,4095,4095,4095,0,0,0,0,0,0,0
19/08/25 15:03:34,3072.481,703710,SHK0000001,2208,2213,817,4095,4095,4095,0,0,0,0,0,0,0
19/08/25 15:03:35,3073.489,703710,SHK0000001,2213,2221,820,4095,4095,4095,0,0,0,0,0,0,0
19/08/25 15:03:36,3074.483,703710,SHK0000001,2213,2214,819,4095,4095,4095,0,0,0,0,0,0,0
19/08/25 15:03:37,3075.494,703710,SHK0000001,2212,2212,818,4095,4095,4095,0,0,0,0,0,0,0
19/08/25 15:03:38,3076.484,703710,SHK0000001,2213,2217,820,4095,4095,4095,0,0,0,0,0,0,0
19/08/25 15:03:39,3077.496,703710,SHK0000001,2219,2215,818,4095,4095,4095,0,0,0,0,0,0,0
19/08/25 15:03:40,3078.483,703710,SHK0000001,2215,2221,820,4095,4095,4095,0,0,0,0,0,0,0
19/08/25 15:03:41,3079.498,703710,SHK0000001,2212,2220,820,4095,4095,4095,0,0,0,0,0,0,0
19/08/25 15:03:42,3080.485,703710,SHK0000001,2222,2216,819,4095,4095,4095,0,0,0,0,0,0,0
19/08/25 15:03:43,3081.496,703710,SHK0000001,2218,2222,820,4095,4095,4095,0,0,0,0,0,0,0
19/08/25 15:03:44,3082.484,703710,SHK0000001,2219,2217,820,4095,4095,4095,0,0,0,0,0,0,0
19/08/25 15:03:45,3083.488,703710,SHK0000001,2220,2216,819,4095,4095,4095,0,0,0,0,0,0,0
19/08/25 15:03:46,3084.486,703710,SHK0000001,2215,2218,822,4095,4095,4095,0,0,0,0,0,0,0
19/08/25 15:03:47,3085.49,703710,SHK0000001,2223,2214,821,4095,4095,4095,0,0,0,0,0,0,0
19/08/25 15:03:48,3086.491,703710,SHK0000001,2222,2220,821,4095,4095,4095,0,0,0,0,0,0,0
19/08/25 15:03:49,3087.495,703710,SHK0000001,2222,2224,823,4095,4095,4095,0,0,0,0,0,0,0
19/08/25 15:03:50,3088.487,703710,SHK0000001,2218,2222,821,4095,4095,4095,0,0,0,0,0,0,0
19/08/25 15:03:51,3089.497,703710,SHK0000001,2226,2224,822,4095,4095,4095,0,0,0,0,0,0,0
19/08/25 15:03:52,3090.484,703710,SHK0000001,2220,2225,823,4095,4095,4095,0,0,0,0,0,0,0
19/08/25 15:03:53,3091.498,703710,SHK0000001,2227,2221,823,4095,4095,4095,0,0,0,0,0,0,0
19/08/25 15:03:54,3092.485,703710,SHK0000001,2227,2224,823,4095,4095,4095,0,0,0,0,0,0,0
19/08/25 15:03:55,3093.489,703710,SHK0000001,2223,2220,824,4095,4095,4095,0,0,0,0,0,0,0
19/08/25 15:03:56,3094.484,703710,SHK0000001,2230,2222,822,4095,4095,4095,0,0,0,0,0,0,0
19/08/25 15:03:57,3095.495,703710,SHK0000001,2226,2227,825,4095,4095,4095,0,0,0,0,0,0,0
19/08/25 15:03:58,3096.483,703710,SHK0000001,2224,2229,825,4095,4095,4095,0,0,0,0,0,0,0
19/08/25 15:03:59,3097.488,703710,SHK0000001,2227,2227,823,4095,4095,4095,0,0,0,0,0,0,0
19/08/25 15:04:00,3098.485,703710,SHK0000001,2222,2229,825,4095,4095,4095,0,0,0,0,0,0,0
19/08/25 15:04:01,3099.493,703710,SHK0000001,2222,2232,824,4095,4095,4095,0,0,0,0,0,0,0
19/08/25 15:04:02,3100.486,703710,SHK0000001,2229,2224,823,4095,4095,4095,0,0,0,0,0,0,0
19/08/25 15:04:03,3101.491,703710,SHK0000001,2228,2228,826,4095,4095,4095,0,0,0,0,0,0,0
19/08/25 15:04:04,3102.483,703710,SHK0000001,2233,2237,825,4095,4095,4095,0,0,0,0,0,0,0
19/08/25 15:04:05,3103.488,703710,SHK0000001,2223,2229,825,4095,4095,4095,0,0,0,0,0,0,0
19/08/25 15:04:06,3104.485,703710,SHK0000001,2224,2232,827,4095,4095,4095,0,0,0,0,0,0,0
19/08/25 15:04:07,3105.498,703710,SHK0000001,2229,2228,825,4095,4095,4095,0,0,0,0,0,0,0
19/08/25 15:04:08,3106.488,703710,SHK0000001,2229,2226,826,4095,4095,4095,0,0,0,0,0,0,0
19/08/25 15:04:09,3107.498,703710,SHK0000001,2235,2227,827,4095,4095,4095,0,0,0,0,0,0,0
19/08/25 15:04:10,3108.487,703710,SHK0000001,2228,2227,826,4095,4095,4095,0,0,0,0,0,0,0
19/08/25 15:04:11,3109.495,703710,SHK0000001,2237,2228,827,4095,4095,4095,0,0,0,0,0,0,0
19/08/25 15:04:12,3110.487,703710,SHK0000001,2233,2228,828,4095,4095,4095,0,0,0,0,0,0,0
19/08/25 15:04:13,3111.498,703710,SHK0000001,2235,2234,827,4095,4095,4095,0,0,0,0,0,0,0
19/08/25 15:04:14,3112.488,703710,SHK0000001,2231,2233,828,4095,4095,4095,0,0,0,0,0,0,0
19/08/25 15:04:15,3113.499,703710,SHK0000001,2232,2232,829,4095,4095,4095,0,0,0,0,0,0,0
19/08/25 15:04:16,3114.487,703710,SHK0000001,2236,2234,827,4095,4095,4095,0,0,0,0,0,0,0
19/08/25 15:04:17,3115.494,703710,SHK0000001,2230,2232,829,4095,4095,4095,0,0,0,0,0,0,0
19/08/25 15:04:18,3116.488,703710,SHK0000001,2237,2238,829,4095,4095,4095,0,0,0,0,0,0,0
19/08/25 15:04:19,3117.496,703710,SHK0000001,2240,2235,828,4095,4095,4095,0,0,0,0,0,0,0
19/08/25 15:04:20,3118.49,703710,SHK0000001,2235,2240,831,4095,4095,4095,0,0,0,0,0,0,0
19/08/25 15:04:21,3119.493,703710,SHK0000001,2237,2240,828,4095,4095,4095,0,0,0,0,0,0,0
19/08/25 15:04:22,3120.489,703710,SHK0000001,2233,2236,829,4095,4095,4095,0,0,0,0,0,0,0
19/08/25 15:04:23,3121.493,703710,SHK0000001,2237,2239,830,4095,4095,4095,0,0,0,0,0,0,0
19/08/25 15:04:24,3122.484,703710,SHK0000001,2236,2230,829,4095,4095,4095,0,0,0,0,0,0,0
19/08/25 15:04:25,3123.492,703710,SHK0000001,2232,2232,830,4095,4095,4095,0,0,0,0,0,0,0
19/08/25 15:04:26,3124.49,703710,SHK0000001,2238,2237,831,4095,4095,4095,0,0,0,0,0,0,0
19/08/25 15:04:27,3125.495,703710,SHK0000001,2239,2239,830,4095,4095,4095,0,0,0,0,0,0,0
19/08/25 15:04:28,3126.488,703710,SHK0000001,2238,2236,832,4095,4095,4095,0,0,0,0,0,0,0
19/08/25 15:04:29,3127.498,703710,SHK0000001,2241,2243,832,4095,4095,4095,0,0,0,0,0,0,0
19/08/25 15:04:30,3128.485,703710,SHK0000001,2239,2244,830,4095,4095,4095,0,0,0,0,0,0,0
19/08/25 15:04:31,3129.494,703710,SHK0000001,2243,2241,832,4095,4095,4095,0,0,0,0,0,0,0
19/08/25 15:04:32,3130.487,703710,SHK0000001,2246,2234,832,4095,4095,4095,0,0,0,0,0,0,0
19/08/25 15:04:33,3131.488,703710,SHK0000001,2239,2240,831,4095,4095,4095,0,0,0,0,0,0,0
19/08/25 15:04:34,3132.489,703710,SHK0000001,2235,2240,834,4095,4095,4095,0,0,0,0,0,0,0
19/08/25 15:04:35,3133.488,703710,SHK0000001,2246,2245,831,4095,4095,4095,0,0,0,0,0,0,0
19/08/25 15:04:36,3134.483,703710,SHK0000001,2244,2240,832,4095,4095,4095,0,0,0,0,0,0,0
19/08/25 15:04:37,3135.489,703710,SHK0000001,2244,2239,834,4095,4095,4095,0,0,0,0,0,0,0
19/08/25 15:04:38,3136.488,703710,SHK0000001,2242,2246,832,4095,4095,4095,0,0,0,0,0,0,0
19/08/25 15:04:39,3137.491,703710,SHK0000001,2244,2241,835,4095,4095,4095,0,0,0,0,0,0,0
19/08/25 15:04:40,3138.488,703710,SHK0000001,2240,2243,835,4095,4095,4095,0,0,0,0,0,0,0
19/08/25 15:04:41,3139.493,703710,SHK0000001,2240,2246,833,4095,4095,4095,0,0,0,0,0,0,0
19/08/25 15:04:42,3140.481,703710,SHK0000001,2246,2242,835,4095,4095,4095,0,0,0,0,0,0,0
19/08/25 15:04:43,3141.493,703710,SHK0000001,2248,2251,835,4095,4095,4095,0,0,0,0,0,0,0
19/08/25 15:04:44,3142.481,703710,SHK0000001,2244,2246,834,4095,4095,4095,0,0,0,0,0,0,0
19/08/25 15:04:45,3143.497,703710,SHK0000001,2246,2249,837,4095,4095,4095,0,0,0,0,0,0,0
19/08/25 15:04:46,3144.481,703710,SHK0000001,2245,2250,836,4095,4095,4095,0,0,0,0,0,0,0
19/08/25 15:04:47,3145.493,703710,SHK0000001,2243,2252,835,4095,4095,4095,0,0,0,0,0,0,0
19/08/25 15:04:48,3146.481,703710,SHK0000001,2251,2253,837,4095,4095,4095,0,0,0,0,0,0,0
19/08/25 15:04:49,3147.491,703710,SHK0000001,2251,2247,835,4095,4095,4095,0,0,0,0,0,0,0
19/08/25 15:04:50,3148.487,703710,SHK0000001,2243,2250,836,4095,4095,4095,0,0,0,0,0,0,0
19/08/25 15:04:51,3149.491,703710,SHK0000001,2249,2250,838,4095,4095,4095,0,0,0,0,0,0,0
19/08/25 15:04:52,3150.49,703710,SHK0000001,2251,2249,837,4095,4095,4095,0,0,0,0,0,0,0
19/08/25 15:04:53,3151.491,703710,SHK0000001,2248,2249,838,4095,4095,4095,0,0,0,0,0,0,0
19/08/25 15:04:54,3152.481,703710,SHK0000001,2250,2257,839,4095,4095,4095,0,0,0,0,0,0,0
19/08/25 15:04:55,3153.492,703710,SHK0000001,2251,2254,836,4095,4095,4095,0,0,0,0,0,0,0
19/08/25 15:04:56,3154.49,703710,SHK0000001,2249,2249,838,4095,4095,4095,0,0,0,0,0,0,0
19/08/25 15:04:57,3155.497,703710,SHK0000001,2249,2258,840,4095,4095,4095,0,0,0,0,0,0,0
19/08/25 15:04:58,3156.481,703710,SHK0000001,2252,2249,838,4095,4095,4095,0,0,0,0,0,0,0
19/08/25 15:04:59,3157.496,703710,SHK0000001,2252,2251,840,4095,4095,4095,0,0,0,0,0,0,0
19/08/25 15:05:00,3158.484,703710,SHK0000001,2256,2254,838,4095,4095,4095,0,0,0,0,0,0,0
19/08/25 15:05:01,3159.497,703710,SHK0000001,2253,2255,837,4095,4095,4095,0,0,0,0,0,0,0
19/08/25 15:05:02,3160.481,703710,SHK0000001,2253,2253,841,4095,4095,4095,0,0,0,0,0,0,0
19/08/25 15:05:03,3161.49,703710,SHK0000001,2257,2251,840,4095,4095,4095,0,0,0,0,0,0,0
19/08/25 15:05:04,3162.486,703710,SHK0000001,2260,2262,839,4095,4095,4095,0,0,0,0,0,0,0
19/08/25 15:05:05,3163.493,703710,SHK0000001,2256,2257,841,4095,4095,4095,0,0,0,0,0,0,0
19/08/25 15:05:06,3164.483,703710,SHK0000001,2255,2258,840,4095,4095,4095,0,0,0,0,0,0,0
19/08/25 15:05:07,3165.495,703710,SHK0000001,2256,2255,840,4095,4095,4095,0,0,0,0,0,0,0
19/08/25 15:05:08,3166.486,703710,SHK0000001,2257,2257,842,4095,4095,4095,0,0,0,0,0,0,0
19/08/25 15:05:09,3167.492,703710,SHK0000001,2254,2254,841,4095,4095,4095,0,0,0,0,0,0,0
19/08/25 15:05:10,3168.484,703710,SHK0000001,2254,2257,841,4095,4095,4095,0,0,0,0,0,0,0
19/08/25 15:05:11,3169.496,703710,SHK0000001,2257,2260,843,4095,4095,4095,0,0,0,0,0,0,0
19/08/25 15:05:12,3170.482,703710,SHK0000001,2250,2257,841,4095,4095,4095,0,0,0,0,0,0,0
19/08/25 15:05:13,3171.494,703710,SHK0000001,2260,2257,843,4095,4095,4095,0,0,0,0,0,0,0
19/08/25 15:05:14,3172.482,703710,SHK0000001,2258,2256,843,4095,4095,4095,0,0,0,0,0,0,0
19/08/25 15:05:15,3173.491,703710,SHK0000001,2264,2263,841,4095,4095,4095,0,0,0,0,0,0,0
19/08/25 15:05:16,3174.48,703710,SHK0000001,2266,2260,844,4095,4095,4095,0,0,0,0,0,0,0
19/08/25 15:05:17,3175.49,703710,SHK0000001,2257,2261,843,4095,4095,4095,0,0,0,0,0,0,0
19/08/25 15:05:18,3176.486,703710,SHK0000001,2258,2259,842,4095,4095,4095,0,0,0,0,0,0,0
19/08/25 15:05:19,3177.495,703710,SHK0000001,2266,2266,845,4095,4095,4095,0,0,0,0,0,0,0
19/08/25 15:05:20,3178.489,703710,SHK0000001,2265,2266,843,4095,4095,4095,0,0,0,0,0,0,0
19/08/25 15:05:21,3179.494,703710,SHK0000001,2261,2264,844,4095,4095,4095,0,0,0,0,0,0,0
19/08/25 15:05:22,3180.487,703710,SHK0000001,2259,2265,845,4095,4095,4095,0,0,0,0,0,0,0
19/08/25 15:05:23,3181.49,703710,SHK0000001,2262,2265,843,4095,4095,4095,0,0,0,0,0,0,0
19/08/25 15:05:24,3182.481,703710,SHK0000001,2262,2255,844,4095,4095,4095,0,0,0,0,0,0,0
19/08/25 15:05:25,3183.496,703710,SHK0000001,2264,2264,847,4095,4095,4095,0,0,0,0,0,0,0
19/08/25 15:05:26,3184.487,703710,SHK0000001,2263,2263,845,4095,4095,4095,0,0,0,0,0,0,0
19/08/25 15:05:27,3185.491,703710,SHK0000001,2260,2259,846,4095,4095,4095,0,0,0,0,0,0,0
19/08/25 15:05:28,3186.48,703710,SHK0000001,2257,2270,846,4095,4095,4095,0,0,0,0,0,0,0
19/08/25 15:05:29,3187.497,703710,SHK0000001,2262,2260,845,4095,4095,4095,0,0,0,0,0,0,0
19/08/25 15:05:30,3188.48,703710,SHK0000001,2266,2266,847,4095,4095,4095,0,0,0,0,0,0,0
19/08/25 15:05:31,3189.498,703710,SHK0000001,2268,2264,847,4095,4095,4095,0,0,0,0,0,0,0
19/08/25 15:05:32,3190.48,703710,SHK0000001,2266,2267,846,4095,4095,4095,0,0,0,0,0,0,0
19/08/25 15:05:33,3191.49,703710,SHK0000001,2268,2256,848,4095,4095,4095,0,0,0,0,0,0,0
19/08/25 15:05:34,3192.488,703710,SHK0000001,2269,2266,847,4095,4095,4095,0,0,0,0,0,0,0
19/08/25 15:05:35,3193.492,703710,SHK0000001,2264,2264,847,4095,4095,4095,0,0,0,0,0,0,0
19/08/25 15:05:36,3194.487,703710,SHK0000001,2267,2264,849,4095,4095,4095,0,0,0,0,0,0,0
19/08/25 15:05:37,3195.488,703710,SHK0000001,2259,2272,848,4095,4095,4095,0,0,0,0,0,0,0
19/08/25 15:05:38,3196.482,703710,SHK0000001,2270,2265,848,4095,4095,4095,0,0,0,0,0,0,0
19/08/25 15:05:39,3197.488,703710,SHK0000001,2271,2265,850,4095,4095,4095,0,0,0,0,0,0,0
19/08/25 15:05:40,3198.49,703710,SHK0000001,2265,2278,848,4095,4095,4095,0,0,0,0,0,0,0
19/08/25 15:05:41,3199.489,703710,SHK0000001,2272,2268,850,4095,4095,4095,0,0,0,0,0,0,0
19/08/25 15:05:42,3200.489,703710,SHK0000001,2264,2268,851,4095,4095,4095,0,0,0,0,0,0,0
19/08/25 15:05:43,3201.496,703710,SHK0000001,2270,2273,849,4095,4095,4095,0,0,0,0,0,0,0
19/08/25 15:05:44,3202.489,703710,SHK0000001,2265,2264,851,4095,4095,4095,0,0,0,0,0,0,0
19/08/25 15:05:45,3203.495,703710,SHK0000001,2266,2267,851,4095,4095,4095,0,0,0,0,0,0,0
19/08/25 15:05:46,3204.486,703710,SHK0000001,2276,2272,849,4095,4095,4095,0,0,0,0,0,0,0
19/08/25 15:05:47,3205.492,703710,SHK0000001,2263,2271,852,4095,4095,4095,0,0,0,0,0,0,0
19/08/25 15:05:48,3206.491,703710,SHK0000001,2271,2269,851,4095,4095,4095,0,0,0,0,0,0,0
19/08/25 15:05:49,3207.497,703710,SHK0000001,2271,2270,850,4095,4095,4095,0,0,0,0,0,0,0
19/08/25 15:05:50,3208.48,703710,SHK0000001,2271,2270,852,4095,4095,4095,0,0,0,0,0,0,0
19/08/25 15:05:51,3209.49,703710,SHK0000001,2271,2268,851,4095,4095,4095,0,0,0,0,0,0,0
19/08/25 15:05:52,3210.487,703710,SHK0000001,2268,2268,851,4095,4095,4095,0,0,0,0,0,0,0
19/08/25 15:05:53,3211.489,703710,SHK0000001,2268,2275,852,4095,4095,4095,0,0,0,0,0,0,0
19/08/25 15:05:54,3212.485,703710,SHK0000001,2274,2275,852,4095,4095,4095,0,0,0,0,0,0,0
19/08/25 15:05:55,3213.493,703710,SHK0000001,2270,2272,853,4095,4095,4095,0,0,0,0,0,0,0
19/08/25 15:05:56,3214.485,703710,SHK0000001,2279,2269,854,4095,4095,4095,0,0,0,0,0,0,0
19/08/25 15:05:57,3215.489,703710,SHK0000001,2284,2276,852,4095,4095,4095,0,0,0,0,0,0,0
19/08/25 15:05:58,3216.489,703710,SHK0000001,2274,2276,854,4095,4095,4095,0,0,0,0,0,0,0
19/08/25 15:05:59,3217.495,703710,SHK0000001,2271,2266,854,4095,4095,4095,0,0,0,0,0,0,0
19/08/25 15:06:00,3218.487,703710,SHK0000001,2274,2276,853,4095,4095,4095,0,0,0,0,0,0,0
19/08/25 15:06:01,3219.492,703710,SHK0000001,2283,2282,855,4095,4095,4095,0,0,0,0,0,0,0
19/08/25 15:06:02,3220.481,703710,SHK0000001,2277,2274,854,4095,4095,4095,0,0,0,0,0,0,0
19/08/25 15:06:03,3221.491,703710,SHK0000001,2277,2278,854,4095,4095,4095,0,0,0,0,0,0,0
19/08/25 15:06:04,3222.489,703710,SHK0000001,2279,2284,856,4095,4095,4095,0,0,0,0,0,0,0
19/08/25 15:06:05,3223.489,703710,SHK0000001,2278,2277,855,4095,4095,4095,0,0,0,0,0,0,0
19/08/25 15:06:06,3224.487,703710,SHK0000001,2277,2279,855,4095,4095,4095,0,0,0,0,0,0,0
19/08/25 15:06:07,3225.498,703710,SHK0000001,2276,2272,857,4095,4095,4095,0,0,0,0,0,0,0
19/08/25 15:06:08,3226.481,703710,SHK0000001,2277,2275,855,4095,4095,4095,0,0,0,0,0,0,0
19/08/25 15:06:09,3227.49,703710,SHK0000001,2278,2275,856,4095,4095,4095,0,0,0,0,0,0,0
19/08/25 15:06:10,3228.489,703710,SHK0000001,2277,2283,857,4095,4095,4095,0,0,0,0,0,0,0
19/08/25 15:06:11,3229.494,703710,SHK0000001,2276,2277,855,4095,4095,4095,0,0,0,0,0,0,0
19/08/25 15:06:12,3230.486,703710,SHK0000001,2280,2282,858,4095,4095,4095,0,0,0,0,0,0,0
19/08/25 15:06:13,3231.496,703710,SHK0000001,2279,2275,858,4095,4095,4095,0,0,0,0,0,0,0
19/08/25 15:06:14,3232.49,703710,SHK0000001,2278,2277,856,4095,4095,4095,0,0,0,0,0,0,0
19/08/25 15:06:15,3233.494,703710,SHK0000001,2283,2282,858,4095,4095,4095,0,0,0,0,0,0,0
19/08/25 15:06:16,3234.482,703710,SHK0000001,2280,2285,858,4095,4095,4095,0,0,0,0,0,0,0
19/08/25 15:06:17,3235.494,703710,SHK0000001,2283,2282,857,4095,4095,4095,0,0,0,0,0,0,0
19/08/25 15:06:18,3236.49,703710,SHK0000001,2279,2282,860,4095,4095,4095,0,0,0,0,0,0,0
19/08/25 15:06:19,3237.498,703710,SHK0000001,2279,2283,858,4095,4095,4095,0,0,0,0,0,0,0
19/08/25 15:06:20,3238.482,703710,SHK0000001,2278,2280,858,4095,4095,4095,0,0,0,0,0,0,0
19/08/25 15:06:21,3239.489,703710,SHK0000001,2284,2288,860,4095,4095,4095,0,0,0,0,0,0,0
19/08/25 15:06:22,3240.482,703710,SHK0000001,2287,2285,859,4095,4095,4095,0,0,0,0,0,0,0
19/08/25 15:06:23,3241.491,703710,SHK0000001,2277,2284,859,4095,4095,4095,0,0,0,0,0,0,0
19/08/25 15:06:24,3242.484,703710,SHK0000001,2283,2282,861,4095,4095,4095,0,0,0,0,0,0,0
19/08/25 15:06:25,3243.495,703710,SHK0000001,2288,2284,859,4095,4095,4095,0,0,0,0,0,0,0
19/08/25 15:06:26,3244.487,703710,SHK0000001,2286,2281,860,4095,4095,4095,0,0,0,0,0,0,0
19/08/25 15:06:27,3245.494,703710,SHK0000001,2282,2284,861,4095,4095,4095,0,0,0,0,0,0,0
19/08/25 15:06:28,3246.49,703710,SHK0000001,2289,2289,859,4095,4095,4095,0,0,0,0,0,0,0
19/08/25 15:06:29,3247.498,703710,SHK0000001,2287,2285,862,4095,4095,4095,0,0,0,0,0,0,0
19/08/25 15:06:30,3248.489,703710,SHK0000001,2284,2287,861,4095,4095,4095,0,0,0,0,0,0,0
19/08/25 15:06:31,3249.493,703710,SHK0000001,2290,2290,860,4095,4095,4095,0,0,0,0,0,0,0
19/08/25 15:06:32,3250.486,703710,SHK0000001,2290,2281,862,4095,4095,4095,0,0,0,0,0,0,0
19/08/25 15:06:33,3251.492,703710,SHK0000001,2288,2286,862,4095,4095,4095,0,0,0,0,0,0,0
19/08/25 15:06:34,3252.481,703710,SHK0000001,2298,2293,861,4095,4095,4095,0,0,0,0,0,0,0
19/08/25 15:06:35,3253.489,703710,SHK0000001,2289,2282,863,4095,4095,4095,0,0,0,0,0,0,0
19/08/25 15:06:36,3254.482,703710,SHK0000001,2283,2289,862,4095,4095,4095,0,0,0,0,0,0,0
19/08/25 15:06:37,3255.489,703710,SHK0000001,2288,2287,862,4095,4095,4095,0,0,0,0,0,0,0
19/08/25 15:06:38,3256.483,703710,SHK0000001,2284,2286,863,4095,4095,4095,0,0,0,0,0,0,0
19/08/25 15:06:39,3257.49,703710,SHK0000001,2288,2290,862,4095,4095,4095,0,0,0,0,0,0,0
19/08/25 15:06:40,3258.485,703710,SHK0000001,2295,2289,863,4095,4095,4095,0,0,0,0,0,0,0
19/08/25 15:06:41,3259.495,703710,SHK0000001,2295,2285,865,4095,4095,4095,0,0,0,0,0,0,0
19/08/25 15:06:42,3260.49,703710,SHK0000001,2290,2288,862,4095,4095,4095,0,0,0,0,0,0,0
19/08/25 15:06:43,3261.494,703710,SHK0000001,2297,2287,864,4095,4095,4095,0,0,0,0,0,0,0
19/08/25 15:06:44,3262.485,703710,SHK0000001,2294,2295,864,4095,4095,4095,0,0,0,0,0,0,0
19/08/25 15:06:45,3263.497,703710,SHK0000001,2289,2300,862,4095,4095,4095,0,0,0,0,0,0,0
19/08/25 15:06:46,3264.48,703710,SHK0000001,2290,2288,865,4095,4095,4095,0,0,0,0,0,0,0
19/08/25 15:06:47,3265.495,703710,SHK0000001,2291,2293,864,4095,4095,4095,0,0,0,0,0,0,0
19/08/25 15:06:48,3266.483,703710,SHK0000001,2297,2296,864,4095,4095,4095,0,0,0,0,0,0,0
19/08/25 15:06:49,3267.493,703710,SHK0000001,2292,2289,866,4095,4095,4095,0,0,0,0,0,0,0
19/08/25 15:06:50,3268.488,703710,SHK0000001,2298,2292,864,4095,4095,4095,0,0,0,0,0,0,0
19/08/25 15:06:51,3269.489,703710,SHK0000001,2293,2292,865,4095,4095,4095,0,0,0,0,0,0,0
19/08/25 15:06:52,3270.488,703710,SHK0000001,2296,2292,867,4095,4095,4095,0,0,0,0,0,0,0
19/08/25 15:06:53,3271.497,703710,SHK0000001,2296,2300,865,4095,4095,4095,0,0,0,0,0,0,0
19/08/25 15:06:54,3272.489,703710,SHK0000001,2294,2299,866,4095,4095,4095,0,0,0,0,0,0,0
19/08/25 15:06:55,3273.489,703710,SHK0000001,2297,2295,867,4095,4095,4095,0,0,0,0,0,0,0
19/08/25 15:06:56,3274.482,703710,SHK0000001,2290,2297,865,4095,4095,4095,0,0,0,0,0,0,0
19/08/25 15:06:57,3275.491,703710,SHK0000001,2293,2297,867,4095,4095,4095,0,0,0,0,0,0,0
19/08/25 15:06:58,3276.482,703710,SHK0000001,2295,2294,868,4095,4095,4095,0,0,0,0,0,0,0
19/08/25 15:06:59,3277.489,703710,SHK0000001,2296,2296,866,4095,4095,4095,0,0,0,0,0,0,0
19/08/25 15:07:00,3278.482,703710,SHK0000001,2298,2292,868,4095,4095,4095,0,0,0,0,0,0,0
19/08/25 15:07:01,3279.49,703710,SHK0000001,2294,2295,868,4095,4095,4095,0,0,0,0,0,0,0
19/08/25 15:07:02,3280.482,703710,SHK0000001,2293,2299,867,4095,4095,4095,0,0,0,0,0,0,0
19/08/25 15:07:03,3281.499,703710,SHK0000001,2298,2300,870,4095,4095,4095,0,0,0,0,0,0,0
19/08/25 15:07:04,3282.486,703710,SHK0000001,2300,2297,868,4095,4095,4095,0,0,0,0,0,0,0
19/08/25 15:07:05,3283.496,703710,SHK0000001,2296,2301,868,4095,4095,4095,0,0,0,0,0,0,0
19/08/25 15:07:06,3284.49,703710,SHK0000001,2297,2297,870,4095,4095,4095,0,0,0,0,0,0,0
19/08/25 15:07:07,3285.489,703710,SHK0000001,2300,2297,868,4095,4095,4095,0,0,0,0,0,0,0
19/08/25 15:07:08,3286.487,703710,SHK0000001,2296,2296,868,4095,4095,4095,0,0,0,0,0,0,0
19/08/25 15:07:09,3287.489,703710,SHK0000001,2301,2302,871,4095,4095,4095,0,0,0,0,0,0,0
19/08/25 15:07:10,3288.49,703710,SHK0000001,2298,2302,868,4095,4095,4095,0,0,0,0,0,0,0
19/08/25 15:07:11,3289.498,703710,SHK0000001,2302,2303,871,4095,4095,4095,0,0,0,0,0,0,0
19/08/25 15:07:12,3290.482,703710,SHK0000001,2305,2306,871,4095,4095,4095,0,0,0,0,0,0,0
19/08/25 15:07:13,3291.492,703710,SHK0000001,2305,2305,870,4095,4095,4095,0,0,0,0,0,0,0
19/08/25 15:07:14,3292.487,703710,SHK0000001,2301,2306,871,4095,4095,4095,0,0,0,0,0,0,0
19/08/25 15:07:15,3293.495,703710,SHK0000001,2305,2297,870,4095,4095,4095,0,0,0,0,0,0,0
19/08/25 15:07:16,3294.483,703710,SHK0000001,2300,2298,870,4095,4095,4095,0,0,0,0,0,0,0
19/08/25 15:07:17,3295.495,703710,SHK0000001,2300,2300,872,4095,4095,4095,0,0,0,0,0,0,0
19/08/25 15:07:18,3296.485,703710,SHK0000001,2306,2301,872,4095,4095,4095,0,0,0,0,0,0,0
19/08/25 15:07:19,3297.496,703710,SHK0000001,2308,2306,871,4095,4095,4095,0,0,0,0,0,0,0
19/08/25 15:07:20,3298.487,703710,SHK0000001,2299,2307,873,4095,4095,4095,0,0,0,0,0,0,0
19/08/25 15:07:21,3299.497,703710,SHK0000001,2297,2305,871,4095,4095,4095,0,0,0,0,0,0,0
19/08/25 15:07:22,3300.483,703710,SHK0000001,2312,2312,871,4095,4095,4095,0,0,0,0,0,0,0
19/08/25 15:07:23,3301.492,703710,SHK0000001,2307,2307,873,4095,4095,4095,0,0,0,0,0,0,0
19/08/25 15:07:24,3302.49,703710,SHK0000001,2306,2307,871,4095,4095,4095,0,0,0,0,0,0,0
19/08/25 15:07:25,3303.498,703710,SHK0000001,2308,2308,872,4095,4095,4095,0,0,0,0,0,0,0
19/08/25 15:07:26,3304.489,703710,SHK0000001,2306,2302,874,4095,4095,4095,0,0,0,0,0,0,0
19/08/25 15:07:27,3305.488,703710,SHK0000001,2307,2308,871,4095,4095,4095,0,0,0,0,0,0,0
19/08/25 15:07:28,3306.489,703710,SHK0000001,2303,2303,873,4095,4095,4095,0,0,0,0,0,0,0
19/08/25 15:07:29,3307.495,703710,SHK0000001,2307,2308,875,4095,4095,4095,0,0,0,0,0,0,0
19/08/25 15:07:30,3308.489,703710,SHK0000001,2309,2304,873,4095,4095,4095,0,0,0,0,0,0,0
19/08/25 15:07:31,3309.493,703710,SHK0000001,2307,2303,875,4095,4095,4095,0,0,0,0,0,0,0
19/08/25 15:07:32,3310.481,703710,SHK0000001,2309,2307,875,4095,4095,4095,0,0,0,0,0,0,0
19/08/25 15:07:33,3311.497,703710,SHK0000001,2311,2308,873,4095,4095,4095,0,0,0,0,0,0,0
19/08/25 15:07:34,3312.486,703710,SHK0000001,2312,2309,876,4095,4095,4095,0,0,0,0,0,0,0
19/08/25 15:07:35,3313.494,703710,SHK0000001,2309,2308,874,4095,4095,4095,0,0,0,0,0,0,0
19/08/25 15:07:36,3314.48,703710,SHK0000001,2313,2308,873,4095,4095,4095,0,0,0,0,0,0,0
19/08/25 15:07:37,3315.493,703710,SHK0000001,2306,2309,877,4095,4095,4095,0,0,0,0,0,0,0
19/08/25 15:07:38,3316.486,703710,SHK0000001,2311,2310,874,4095,4095,4095,0,0,0,0,0,0,0
19/08/25 15:07:39,3317.493,703710,SHK0000001,2313,2315,875,4095,4095,4095,0,0,0,0,0,0,0
19/08/25 15:07:40,3318.487,703710,SHK0000001,2310,2306,877,4095,4095,4095,0,0,0,0,0,0,0
19/08/25 15:07:41,3319.497,703710,SHK0000001,2318,2318,875,4095,4095,4095,0,0,0,0,0,0,0
19/08/25 15:07:42,3320.488,703710,SHK0000001,2313,2309,876,4095,4095,4095,0,0,0,0,0,0,0
19/08/25 15:07:43,3321.491,703710,SHK0000001,2319,2311,877,4095,4095,4095,0,0,0,0,0,0,0
19/08/25 15:07:44,3322.482,703710,SHK0000001,2309,2315,875,4095,4095,4095,0,0,0,0,0,0,0
19/08/25 15:07:45,3323.493,703710,SHK0000001,2312,2316,878,4095,4095,4095,0,0,0,0,0,0,0
19/08/25 15:07:46,3324.488,703710,SHK0000001,2314,2314,877,4095,4095,4095,0,0,0,0,0,0,0
19/08/25 15:07:47,3325.488,703710,SHK0000001,2313,2318,877,4095,4095,4095,0,0,0,0,0,0,0
19/08/25 15:07:48,3326.491,703710,SHK0000001,2315,2319,879,4095,4095,4095,0,0,0,0,0,0,0
19/08/25 15:07:49,3327.491,703710,SHK0000001,2316,2317,879,4095,4095,4095,0,0,0,0,0,0,0
19/08/25 15:07:50,3328.489,703710,SHK0000001,2320,2317,877,4095,4095,4095,0,0,0,0,0,0,0
19/08/25 15:07:51,3329.495,703710,SHK0000001,2314,2316,880,4095,4095,4095,0,0,0,0,0,0,0
19/08/25 15:07:52,3330.485,703710,SHK0000001,2316,2319,878,4095,4095,4095,0,0,0,0,0,0,0
19/08/25 15:07:53,3331.497,703710,SHK0000001,2312,2318,879,4095,4095,4095,0,0,0,0,0,0,0
19/08/25 15:07:54,3332.488,703710,SHK0000001,2316,2314,880,4095,4095,4095,0,0,0,0,0,0,0
19/08/25 15:07:55,3333.489,703710,SHK0000001,2312,2316,878,4095,4095,4095,0,0,0,0,0,0,0
19/08/25 15:07:56,3334.487,703710,SHK0000001,2314,2320,879,4095,4095,4095,0,0,0,0,0,0,0
19/08/25 15:07:57,3335.496,703710,SHK0000001,2313,2314,880,4095,4095,4095,0,0,0,0,0,0,0
19/08/25 15:07:58,3336.487,703710,SHK0000001,2316,2312,878,4095,4095,4095,0,0,0,0,0,0,0
19/08/25 15:07:59,3337.494,703710,SHK0000001,2318,2316,881,4095,4095,4095,0,0,0,0,0,0,0
19/08/25 15:08:00,3338.489,703710,SHK0000001,2308,2317,879,4095,4095,4095,0,0,0,0,0,0,0
19/08/25 15:08:01,3339.497,703710,SHK0000001,2320,2318,878,4095,4095,4095,0,0,0,0,0,0,0
19/08/25 15:08:02,3340.482,703710,SHK0000001,2320,2316,883,4095,4095,4095,0,0,0,0,0,0,0
19/08/25 15:08:03,3341.493,703710,SHK0000001,2319,2318,880,4095,4095,4095,0,0,0,0,0,0,0
19/08/25 15:08:04,3342.489,703710,SHK0000001,2316,2321,880,4095,4095,4095,0,0,0,0,0,0,0
19/08/25 15:08:05,3343.492,703710,SHK0000001,2320,2320,882,4095,4095,4095,0,0,0,0,0,0,0
19/08/25 15:08:06,3344.486,703710,SHK0000001,2318,2322,881,4095,4095,4095,0,0,0,0,0,0,0
19/08/25 15:08:07,3345.49,703710,SHK0000001,2316,2320,880,4095,4095,4095,0,0,0,0,0,0,0
19/08/25 15:08:08,3346.485,703710,SHK0000001,2321,2321,882,4095,4095,4095,0,0,0,0,0,0,0
19/08/25 15:08:09,3347.491,703710,SHK0000001,2321,2318,881,4095,4095,4095,0,0,0,0,0,0,0
19/08/25 15:08:10,3348.488,703710,SHK0000001,2317,2323,882,4095,4095,4095,0,0,0,0,0,0,0
19/08/25 15:08:11,3349.495,703710,SHK0000001,2321,2313,883,4095,4095,4095,0,0,0,0,0,0,0
19/08/25 15:08:12,3350.482,703710,SHK0000001,2320,2316,881,4095,4095,4095,0,0,0,0,0,0,0
19/08/25 15:08:13,3351.489,703710,SHK0000001,2313,2322,883,4095,4095,4095,0,0,0,0,0,0,0
19/08/25 15:08:14,3352.484,703710,SHK0000001,2316,2326,884,4095,4095,4095,0,0,0,0,0,0,0
19/08/25 15:08:15,3353.496,703710,SHK0000001,2323,2323,881,4095,4095,4095,0,0,0,0,0,0,0
19/08/25 15:08:16,3354.485,703710,SHK0000001,2323,2323,883,4095,4095,4095,0,0,0,0,0,0,0
19/08/25 15:08:17,3355.49,703710,SHK0000001,2318,2320,884,4095,4095,4095,0,0,0,0,0,0,0
19/08/25 15:08:18,3356.489,703710,SHK0000001,2325,2317,882,4095,4095,4095,0,0,0,0,0,0,0
19/08/25 15:08:19,3357.494,703710,SHK0000001,2325,2328,885,4095,4095,4095,0,0,0,0,0,0,0
19/08/25 15:08:20,3358.486,703710,SHK0000001,2324,2323,883,4095,4095,4095,0,0,0,0,0,0,0
19/08/25 15:08:21,3359.491,703710,SHK0000001,2322,2324,883,4095,4095,4095,0,0,0,0,0,0,0
19/08/25 15:08:22,3360.487,703710,SHK0000001,2326,2321,885,4095,4095,4095,0,0,0,0,0,0,0
19/08/25 15:08:23,3361.489,703710,SHK0000001,2325,2322,884,4095,4095,4095,0,0,0,0,0,0,0
19/08/25 15:08:24,3362.48,703710,SHK0000001,2325,2325,886,4095,4095,4095,0,0,0,0,0,0,0
19/08/25 15:08:25,3363.488,703710,SHK0000001,2324,2321,885,4095,4095,4095,0,0,0,0,0,0,0
19/08/25 15:08:26,3364.485,703710,SHK0000001,2319,2331,884,4095,4095,4095,0,0,0,0,0,0,0
19/08/25 15:08:27,3365.488,703710,SHK0000001,2327,2323,884,4095,4095,4095,0,0,0,0,0,0,0
19/08/25 15:08:28,3366.483,703710,SHK0000001,2323,2327,886,4095,4095,4095,0,0,0,0,0,0,0
19/08/25 15:08:29,3367.495,703710,SHK0000001,2320,2323,884,4095,4095,4095,0,0,0,0,0,0,0
19/08/25 15:08:30,3368.486,703710,SHK0000001,2317,2328,886,4095,4095,4095,0,0,0,0,0,0,0
19/08/25 15:08:31,3369.495,703710,SHK0000001,2320,2323,886,4095,4095,4095,0,0,0,0,0,0,0
19/08/25 15:08:32,3370.483,703710,SHK0000001,2318,2326,884,4095,4095,4095,0,0,0,0,0,0,0
19/08/25 15:08:33,3371.496,703710,SHK0000001,2328,2326,887,4095,4095,4095,0,0,0,0,0,0,0
19/08/25 15:08:34,3372.484,703710,SHK0000001,2326,2333,886,4095,4095,4095,0,0,0,0,0,0,0
19/08/25 15:08:35,3373.493,703710,SHK0000001,2325,2328,884,4095,4095,4095,0,0,0,0,0,0,0
19/08/25 15:08:36,3374.487,703710,SHK0000001,2326,2322,888,4095,4095,4095,0,0,0,0,0,0,0
19/08/25 15:08:37,3375.493,703710,SHK0000001,2332,2326,885,4095,4095,4095,0,0,0,0,0,0,0
19/08/25 15:08:38,3376.484,703710,SHK0000001,2328,2327,885,4095,4095,4095,0,0,0,0,0,0,0
19/08/25 15:08:39,3377.491,703710,SHK0000001,2323,2324,886,4095,4095,4095,0,0,0,0,0,0,0
19/08/25 15:08:40,3378.49,703710,SHK0000001,2322,2326,886,4095,4095,4095,0,0,0,0,0,0,0
19/08/25 15:08:41,3379.488,703710,SHK0000001,2326,2330,886,4095,4095,4095,0,0,0,0,0,0,0
19/08/25 15:08:42,3380.485,703710,SHK0000001,2327,2329,888,4095,4095,4095,0,0,0,0,0,0,0
19/08/25 15:08:43,3381.495,703710,SHK0000001,2328,2328,885,4095,4095,4095,0,0,0,0,0,0,0
19/08/25 15:08:44,3382.484,703710,SHK0000001,2323,2322,887,4095,4095,4095,0,0,0,0,0,0,0
19/08/25 15:08:45,3383.497,703710,SHK0000001,2329,2330,887,4095,4095,4095,0,0,0,0,0,0,0
19/08/25 15:08:46,3384.48,703710,SHK0000001,2322,2326,886,4095,4095,4095,0,0,0,0,0,0,0
19/08/25 15:08:47,3385.498,703710,SHK0000001,2329,2328,888,4095,4095,4095,0,0,0,0,0,0,0
19/08/25 15:08:48,3386.481,703710,SHK0000001,2329,2335,887,4095,4095,4095,0,0,0,0,0,0,0
19/08/25 15:08:49,3387.491,703710,SHK0000001,2329,2321,886,4095,4095,4095,0,0,0,0,0,0,0
19/08/25 15:08:50,3388.486,703710,SHK0000001,2324,2330,888,4095,4095,4095,0,0,0,0,0,0,0
19/08/25 15:08:51,3389.497,703710,SHK0000001,2328,2325,887,4095,4095,4095,0,0,0,0,0,0,0
19/08/25 15:08:52,3390.483,703710,SHK0000001,2334,2331,887,4095,4095,4095,0,0,0,0,0,0,0
19/08/25 15:08:53,3391.489,703710,SHK0000001,2331,2326,890,4095,4095,4095,0,0,0,0,0,0,0
19/08/25 15:08:54,3392.48,703710,SHK0000001,2329,2327,888,4095,4095,4095,0,0,0,0,0,0,0
19/08/25 15:08:55,3393.496,703710,SHK0000001,2329,2331,888,4095,4095,4095,0,0,0,0,0,0,0
19/08/25 15:08:56,3394.487,703710,SHK0000001,2326,2326,890,4095,4095,4095,0,0,0,0,0,0,0
19/08/25 15:08:57,3395.49,703710,SHK0000001,2330,2329,888,4095,4095,4095,0,0,0,0,0,0,0
19/08/25 15:08:58,3396.489,703710,SHK0000001,2330,2330,889,4095,4095,4095,0,0,0,0,0,0,0
19/08/25 15:08:59,3397.497,703710,SHK0000001,2331,2326,890,4095,4095,4095,0,0,0,0,0,0,0
19/08/25 15:09:00,3398.483,703710,SHK0000001,2333,2330,888,4095,4095,4095,0,0,0,0,0,0,0
19/08/25 15:09:01,3399.494,703710,SHK0000001,2328,2328,891,4095,4095,4095,0,0,0,0,0,0,0
19/08/25 15:09:02,3400.48,703710,SHK0000001,2335,2326,890,4095,4095,4095,0,0,0,0,0,0,0
19/08/25 15:09:03,3401.493,703710,SHK0000001,2327,2328,889,4095,4095,4095,0,0,0,0,0,0,0
19/08/25 15:09:04,3402.482,703710,SHK0000001,2329,2336,891,4095,4095,4095,0,0,0,0,0,0,0
19/08/25 15:09:05,3403.489,703710,SHK0000001,2330,2335,890,4095,4095,4095,0,0,0,0,0,0,0
19/08/25 15:09:06,3404.49,703710,SHK0000001,2328,2328,889,4095,4095,4095,0,0,0,0,0,0,0
19/08/25 15:09:07,3405.491,703710,SHK0000001,2332,2337,892,4095,4095,4095,0,0,0,0,0,0,0
19/08/25 15:09:08,3406.489,703710,SHK0000001,2330,2327,889,4095,4095,4095,0,0,0,0,0,0,0
19/08/25 15:09:09,3407.497,703710,SHK0000001,2332,2332,890,4095,4095,4095,0,0,0,0,0,0,0
19/08/25 15:09:10,3408.49,703710,SHK0000001,2332,2335,891,4095,4095,4095,0,0,0,0,0,0,0
19/08/25 15:09:11,3409.488,703710,SHK0000001,2331,2327,890,4095,4095,4095,0,0,0,0,0,0,0
19/08/25 15:09:12,3410.479,703710,SHK0000001,2330,2334,890,4095,4095,4095,0,0,0,0,0,0,0
19/08/25 15:09:13,3411.488,703710,SHK0000001,2328,2329,892,4095,4095,4095,0,0,0,0,0,0,0
19/08/25 15:09:14,3412.48,703710,SHK0000001,2327,2331,890,4095,4095,4095,0,0,0,0,0,0,0
19/08/25 15:09:15,3413.489,703710,SHK0000001,2330,2326,892,4095,4095,4095,0,0,0,0,0,0,0
19/08/25 15:09:16,3414.489,703710,SHK0000001,2324,2331,891,4095,4095,4095,0,0,0,0,0,0,0
19/08/25 15:09:17,3415.489,703710,SHK0000001,2333,2330,891,4095,4095,4095,0,0,0,0,0,0,0
19/08/25 15:09:18,3416.486,703710,SHK0000001,2331,2326,893,4095,4095,4095,0,0,0,0,0,0,0
19/08/25 15:09:19,3417.489,703710,SHK0000001,2331,2331,891,4095,4095,4095,0,0,0,0,0,0,0
19/08/25 15:09:20,3418.48,703710,SHK0000001,2330,2330,889,4095,4095,4095,0,0,0,0,0,0,0
19/08/25 15:09:21,3419.493,703710,SHK0000001,2330,2332,892,4095,4095,4095,0,0,0,0,0,0,0
19/08/25 15:09:22,3420.482,703710,SHK0000001,2333,2328,891,4095,4095,4095,0,0,0,0,0,0,0
19/08/25 15:09:23,3421.488,703710,SHK0000001,2331,2329,891,4095,4095,4095,0,0,0,0,0,0,0
19/08/25 15:09:24,3422.488,703710,SHK0000001,2330,2332,893,4095,4095,4095,0,0,0,0,0,0,0
19/08/25 15:09:25,3423.488,703710,SHK0000001,2329,2334,891,4095,4095,4095,0,0,0,0,0,0,0
19/08/25 15:09:26,3424.482,703710,SHK0000001,2332,2330,892,4095,4095,4095,0,0,0,0,0,0,0
19/08/25 15:09:27,3425.492,703710,SHK0000001,2334,2332,893,4095,4095,4095,0,0,0,0,0,0,0
19/08/25 15:09:28,3426.483,703710,SHK0000001,2341,2333,890,4095,4095,4095,0,0,0,0,0,0,0
19/08/25 15:09:29,3427.497,703710,SHK0000001,2330,2333,892,4095,4095,4095,0,0,0,0,0,0,0
19/08/25 15:09:30,3428.48,703710,SHK0000001,2331,2337,892,4095,4095,4095,0,0,0,0,0,0,0
19/08/25 15:09:31,3429.489,703710,SHK0000001,2330,2335,890,4095,4095,4095,0,0,0,0,0,0,0
19/08/25 15:09:32,3430.481,703710,SHK0000001,2332,2329,893,4095,4095,4095,0,0,0,0,0,0,0
19/08/25 15:09:33,3431.488,703710,SHK0000001,2329,2337,892,4095,4095,4095,0,0,0,0,0,0,0
19/08/25 15:09:34,3432.488,703710,SHK0000001,2333,2330,891,4095,4095,4095,0,0,0,0,0,0,0
19/08/25 15:09:35,3433.496,703710,SHK0000001,2336,2328,893,4095,4095,4095,0,0,0,0,0,0,0
19/08/25 15:09:36,3434.486,703710,SHK0000001,2336,2337,891,4095,4095,4095,0,0,0,0,0,0,0
19/08/25 15:09:37,3435.492,703710,SHK0000001,2333,2330,891,4095,4095,4095,0,0,0,0,0,0,0
19/08/25 15:09:38,3436.488,703710,SHK0000001,2336,2338,893,4095,4095,4095,0,0,0,0,0,0,0
19/08/25 15:09:39,3437.496,703710,SHK0000001,2331,2338,891,4095,4095,4095,0,0,0,0,0,0,0
19/08/25 15:09:40,3438.48,703710,SHK0000001,2335,2332,892,4095,4095,4095,0,0,0,0,0,0,0
19/08/25 15:09:41,3439.495,703710,SHK0000001,2329,2334,894,4095,4095,4095,0,0,0,0,0,0,0
19/08/25 15:09:42,3440.484,703710,SHK0000001,2332,2329,891,4095,4095,4095,0,0,0,0,0,0,0
19/08/25 15:09:43,3441.488,703710,SHK0000001,2335,2326,892,4095,4095,4095,0,0,0,0,0,0,0
19/08/25 15:09:44,3442.486,703710,SHK0000001,2341,2330,893,4095,4095,4095,0,0,0,0,0,0,0
19/08/25 15:09:45,3443.488,703710,SHK0000001,2333,2337,892,4095,4095,4095,0,0,0,0,0,0,0
19/08/25 15:09:46,3444.488,703710,SHK0000001,2334,2335,893,4095,4095,4095,0,0,0,0,0,0,0
19/08/25 15:09:47,3445.49,703710,SHK0000001,2338,2334,894,4095,4095,4095,0,0,0,0,0,0,0
19/08/25 15:09:48,3446.484,703710,SHK0000001,2330,2325,891,4095,4095,4095,0,0,0,0,0,0,0
19/08/25 15:09:49,3447.497,703710,SHK0000001,2332,2339,894,4095,4095,4095,0,0,0,0,0,0,0
19/08/25 15:09:50,3448.48,703710,SHK0000001,2328,2335,893,4095,4095,4095,0,0,0,0,0,0,0
19/08/25 15:09:51,3449.492,703710,SHK0000001,2332,2329,891,4095,4095,4095,0,0,0,0,0,0,0
19/08/25 15:09:52,3450.48,703710,SHK0000001,2339,2333,894,4095,4095,4095,0,0,0,0,0,0,0
19/08/25 15:09:53,3451.489,703710,SHK0000001,2334,2336,892,4095,4095,4095,0,0,0,0,0,0,0
19/08/25 15:09:54,3452.48,703710,SHK0000001,2338,2326,892,4095,4095,4095,0,0,0,0,0,0,0
19/08/25 15:09:55,3453.496,703710,SHK0000001,2333,2329,894,4095,4095,4095,0,0,0,0,0,0,0
19/08/25 15:09:56,3454.48,703710,SHK0000001,2330,2339,892,4095,4095,4095,0,0,0,0,0,0,0
19/08/25 15:09:57,3455.493,703710,SHK0000001,2335,2337,893,4095,4095,4095,0,0,0,0,0,0,0
19/08/25 15:09:58,3456.482,703710,SHK0000001,2338,2335,894,4095,4095,4095,0,0,0,0,0,0,0
19/08/25 15:09:59,3457.494,703710,SHK0000001,2335,2333,892,4095,4095,4095,0,0,0,0,0,0,0
19/08/25 15:10:00,3458.486,703710,SHK0000001,2333,2337,894,4095,4095,4095,0,0,0,0,0,0,0
19/08/25 15:10:01,3459.496,703710,SHK0000001,2337,2331,894,4095,4095,4095,0,0,0,0,0,0,0
19/08/25 15:10:02,3460.487,703710,SHK0000001,2335,2334,892,4095,4095,4095,0,0,0,0,0,0,0
19/08/25 15:10:03,3461.491,703710,SHK0000001,2331,2334,896,4095,4095,4095,0,0,0,0,0,0,0
19/08/25 15:10:04,3462.489,703710,SHK0000001,2331,2333,894,4095,4095,4095,0,0,0,0,0,0,0
19/08/25 15:10:05,3463.492,703710,SHK0000001,2334,2339,893,4095,4095,4095,0,0,0,0,0,0,0
19/08/25 15:10:06,3464.488,703710,SHK0000001,2334,2335,895,4095,4095,4095,0,0,0,0,0,0,0
19/08/25 15:10:07,3465.489,703710,SHK0000001,2333,2338,893,4095,4095,4095,0,0,0,0,0,0,0
19/08/25 15:10:08,3466.486,703710,SHK0000001,2338,2332,893,4095,4095,4095,0,0,0,0,0,0,0
19/08/25 15:10:09,3467.493,703710,SHK0000001,2332,2336,895,4095,4095,4095,0,0,0,0,0,0,0
19/08/25 15:10:10,3468.481,703710,SHK0000001,2333,2333,893,4095,4095,4095,0,0,0,0,0,0,0
19/08/25 15:10:11,3469.498,703710,SHK0000001,2334,2333,894,4095,4095,4095,0,0,0,0,0,0,0
19/08/25 15:10:12,3470.485,703710,SHK0000001,2332,2333,895,4095,4095,4095,0,0,0,0,0,0,0
19/08/25 15:10:13,3471.491,703710,SHK0000001,2333,2333,893,4095,4095,4095,0,0,0,0,0,0,0
19/08/25 15:10:14,3472.487,703710,SHK0000001,2333,2331,894,4095,4095,4095,0,0,0,0,0,0,0
19/08/25 15:10:15,3473.491,703710,SHK0000001,2328,2334,894,4095,4095,4095,0,0,0,0,0,0,0
19/08/25 15:10:16,3474.488,703710,SHK0000001,2333,2334,892,4095,4095,4095,0,0,0,0,0,0,0
19/08/25 15:10:17,3475.492,703710,SHK0000001,2335,2335,895,4095,4095,4095,0,0,0,0,0,0,0
19/08/25 15:10:18,3476.479,703710,SHK0000001,2334,2336,894,4095,4095,4095,0,0,0,0,0,0,0
19/08/25 15:10:19,3477.496,703710,SHK0000001,2334,2332,892,4095,4095,4095,0,0,0,0,0,0,0
19/08/25 15:10:20,3478.479,703710,SHK0000001,2329,2336,894,4095,4095,4095,0,0,0,0,0,0,0
19/08/25 15:10:21,3479.49,703710,SHK0000001,2340,2335,893,4095,4095,4095,0,0,0,0,0,0,0
19/08/25 15:10:22,3480.489,703710,SHK0000001,2334,2332,892,4095,4095,4095,0,0,0,0,0,0,0
19/08/25 15:10:23,3481.493,703710,SHK0000001,2333,2339,895,4095,4095,4095,0,0,0,0,0,0,0
19/08/25 15:10:24,3482.488,703710,SHK0000001,2335,2335,892,4095,4095,4095,0,0,0,0,0,0,0
19/08/25 15:10:25,3483.487,703710,SHK0000001,2336,2336,892,4095,4095,4095,0,0,0,0,0,0,0
19/08/25 15:10:26,3484.483,703710,SHK0000001,2339,2329,895,4095,4095,4095,0,0,0,0,0,0,0
19/08/25 15:10:27,3485.488,703710,SHK0000001,2334,2338,893,4095,4095,4095,0,0,0,0,0,0,0
19/08/25 15:10:28,3486.484,703710,SHK0000001,2337,2338,894,4095,4095,4095,0,0,0,0,0,0,0
19/08/25 15:10:29,3487.492,703710,SHK0000001,2335,2335,895,4095,4095,4095,0,0,0,0,0,0,0
19/08/25 15:10:30,3488.484,703710,SHK0000001,2337,2333,893,4095,4095,4095,0,0,0,0,0,0,0
19/08/25 15:10:31,3489.489,703710,SHK0000001,2334,2335,894,4095,4095,4095,0,0,0,0,0,0,0
19/08/25 15:10:32,3490.479,703710,SHK0000001,2332,2332,895,4095,4095,4095,0,0,0,0,0,0,0
19/08/25 15:10:33,3491.49,703710,SHK0000001,2336,2334,893,4095,4095,4095,0,0,0,0,0,0,0
19/08/25 15:10:34,3492.487,703710,SHK0000001,2335,2340,894,4095,4095,4095,0,0,0,0,0,0,0
19/08/25 15:10:35,3493.492,703710,SHK0000001,2327,2335,894,4095,4095,4095,0,0,0,0,0,0,0
19/08/25 15:10:36,3494.485,703710,SHK0000001,2328,2338,893,4095,4095,4095,0,0,0,0,0,0,0
19/08/25 15:10:37,3495.492,703710,SHK0000001,2335,2333,895,4095,4095,4095,0,0,0,0,0,0,0
19/08/25 15:10:38,3496.488,703710,SHK0000001,2336,2331,894,4095,4095,4095,0,0,0,0,0,0,0
19/08/25 15:10:39,3497.489,703710,SHK0000001,2337,2331,893,4095,4095,4095,0,0,0,0,0,0,0
19/08/25 15:10:40,3498.49,703710,SHK0000001,2331,2335,895,4095,4095,4095,0,0,0,0,0,0,0
19/08/25 15:10:41,3499.489,703710,SHK0000001,2334,2324,893,4095,4095,4095,0,0,0,0,0,0,0
19/08/25 15:10:42,3500.485,703710,SHK0000001,2335,2333,893,4095,4095,4095,0,0,0,0,0,0,0
19/08/25 15:10:43,3501.491,703710,SHK0000001,2334,2339,895,4095,4095,4095,0,0,0,0,0,0,0
19/08/25 15:10:44,3502.485,703710,SHK0000001,2335,2338,893,4095,4095,4095,0,0,0,0,0,0,0
19/08/25 15:10:45,3503.496,703710,SHK0000001,2336,2330,894,4095,4095,4095,0,0,0,0,0,0,0
19/08/25 15:10:46,3504.479,703710,SHK0000001,2334,2332,894,4095,4095,4095,0,0,0,0,0,0,0
19/08/25 15:10:47,3505.491,703710,SHK0000001,2337,2335,891,4095,4095,4095,0,0,0,0,0,0,0
19/08/25 15:10:48,3506.487,703710,SHK0000001,2334,2331,894,4095,4095,4095,0,0,0,0,0,0,0
19/08/25 15:10:49,3507.496,703710,SHK0000001,2333,2331,894,4095,4095,4095,0,0,0,0,0,0,0
19/08/25 15:10:50,3508.484,703710,SHK0000001,2333,2333,892,4095,4095,4095,0,0,0,0,0,0,0
19/08/25 15:10:51,3509.488,703710,SHK0000001,2334,2332,895,4095,4095,4095,0,0,0,0,0,0,0
19/08/25 15:10:52,3510.481,703710,SHK0000001,2334,2333,894,4095,4095,4095,0,0,0,0,0,0,0
19/08/25 15:10:53,3511.491,703710,SHK0000001,2331,2336,893,4095,4095,4095,0,0,0,0,0,0,0
19/08/25 15:10:54,3512.485,703710,SHK0000001,2334,2333,895,4095,4095,4095,0,0,0,0,0,0,0
19/08/25 15:10:55,3513.493,703710,SHK0000001,2335,2336,893,4095,4095,4095,0,0,0,0,0,0,0
19/08/25 15:10:56,3514.483,703710,SHK0000001,2329,2341,894,4095,4095,4095,0,0,0,0,0,0,0
19/08/25 15:10:57,3515.496,703710,SHK0000001,2334,2333,894,4095,4095,4095,0,0,0,0,0,0,0
19/08/25 15:10:58,3516.489,703710,SHK0000001,2333,2335,893,4095,4095,4095,0,0,0,0,0,0,0
19/08/25 15:10:59,3517.492,703710,SHK0000001,2335,2332,895,4095,4095,4095,0,0,0,0,0,0,0
19/08/25 15:11:00,3518.484,703710,SHK0000001,2335,2335,894,4095,4095,4095,0,0,0,0,0,0,0
19/08/25 15:11:01,3519.49,703710,SHK0000001,2331,2327,892,4095,4095,4095,0,0,0,0,0,0,0
19/08/25 15:11:02,3520.486,703710,SHK0000001,2332,2333,894,4095,4095,4095,0,0,0,0,0,0,0
19/08/25 15:11:03,3521.491,703710,SHK0000001,2333,2328,894,4095,4095,4095,0,0,0,0,0,0,0
19/08/25 15:11:04,3522.487,703710,SHK0000001,2335,2332,892,4095,4095,4095,0,0,0,0,0,0,0
19/08/25 15:11:05,3523.491,703710,SHK0000001,2330,2336,895,4095,4095,4095,0,0,0,0,0,0,0
19/08/25 15:11:06,3524.488,703710,SHK0000001,2329,2332,894,4095,4095,4095,0,0,0,0,0,0,0
19/08/25 15:11:07,3525.49,703710,SHK0000001,2334,2338,893,4095,4095,4095,0,0,0,0,0,0,0
19/08/25 15:11:08,3526.484,703710,SHK0000001,2331,2331,895,4095,4095,4095,0,0,0,0,0,0,0
19/08/25 15:11:09,3527.496,703710,SHK0000001,2332,2337,893,4095,4095,4095,0,0,0,0,0,0,0
19/08/25 15:11:10,3528.481,703710,SHK0000001,2332,2337,892,4095,4095,4095,0,0,0,0,0,0,0
19/08/25 15:11:11,3529.491,703710,SHK0000001,2335,2331,894,4095,4095,4095,0,0,0,0,0,0,0
19/08/25 15:11:12,3530.483,703710,SHK0000001,2331,2331,892,4095,4095,4095,0,0,0,0,0,0,0
19/08/25 15:11:13,3531.491,703710,SHK0000001,2330,2331,892,4095,4095,4095,0,0,0,0,0,0,0
19/08/25 15:11:14,3532.481,703710,SHK0000001,2335,2326,895,4095,4095,4095,0,0,0,0,0,0,0
19/08/25 15:11:15,3533.491,703710,SHK0000001,2336,2330,892,4095,4095,4095,0,0,0,0,0,0,0
19/08/25 15:11:16,3534.487,703710,SHK0000001,2327,2334,894,4095,4095,4095,0,0,0,0,0,0,0
19/08/25 15:11:17,3535.489,703710,SHK0000001,2329,2330,893,4095,4095,4095,0,0,0,0,0,0,0
19/08/25 15:11:18,3536.483,703710,SHK0000001,2336,2332,892,4095,4095,4095,0,0,0,0,0,0,0
19/08/25 15:11:19,3537.488,703710,SHK0000001,2333,2332,894,4095,4095,4095,0,0,0,0,0,0,0
19/08/25 15:11:20,3538.482,703710,SHK0000001,2331,2335,892,4095,4095,4095,0,0,0,0,0,0,0
19/08/25 15:11:21,3539.494,703710,SHK0000001,2331,2330,892,4095,4095,4095,0,0,0,0,0,0,0
19/08/25 15:11:22,3540.488,703710,SHK0000001,2333,2331,894,4095,4095,4095,0,0,0,0,0,0,0
19/08/25 15:11:23,3541.495,703710,SHK0000001,2327,2330,893,4095,4095,4095,0,0,0,0,0,0,0
19/08/25 15:11:24,3542.487,703710,SHK0000001,2332,2329,893,4095,4095,4095,0,0,0,0,0,0,0
19/08/25 15:11:25,3543.493,703710,SHK0000001,2333,2334,894,4095,4095,4095,0,0,0,0,0,0,0
19/08/25 15:11:26,3544.48,703710,SHK0000001,2332,2337,892,4095,4095,4095,0,0,0,0,0,0,0
19/08/25 15:11:27,3545.495,703710,SHK0000001,2332,2334,892,4095,4095,4095,0,0,0,0,0,0,0
