Timestamp,Time,Time_gen,SN,V_radshort,V_radtotal,V_housing,VTC2,V_diode,V_probe,PumpStatus,SetPower,Power,Reflected-power,power_flag,antenna_cooling_flag,switch_cooling_flag
28/07/25 15:22:46,1668.006,703710,SHK0000001,2343,2323,915,4095,4095,4095,0,0,0,0,0,0,0
28/07/25 15:22:48,1669.275,703710,SHK0000001,2346,2325,913,4095,4095,4095,0,0,0,0,0,0,0
28/07/25 15:22:49,1670.552,703710,SHK0000001,2342,2325,914,4095,4095,4095,0,0,0,0,0,0,0
28/07/25 15:22:50,1671.824,703710,SHK0000001,2341,2319,914,4095,4095,4095,0,0,0,0,0,0,0
28/07/25 15:22:51,1673.104,703710,SHK0000001,2347,2316,912,4095,4095,4095,0,0,0,0,0,0,0
28/07/25 15:22:53,1674.371,703710,SHK0000001,2343,2320,915,4095,4095,4095,0,0,0,0,0,0,0
28/07/25 15:22:54,1675.653,703710,SHK0000001,2337,2318,912,4095,4095,4095,0,0,0,0,0,0,0
28/07/25 15:22:55,1676.928,703710,SHK0000001,2338,2325,914,4095,4095,4095,0,0,0,0,0,0,0
28/07/25 15:22:57,1678.196,703710,SHK0000001,2344,2320,912,4095,4095,4095,0,0,0,0,0,0,0
28/07/25 15:22:58,1679.475,703710,SHK0000001,2339,2317,913,4095,4095,4095,0,0,0,0,0,0,0
28/07/25 15:22:59,1680.754,703710,SHK0000001,2340,2325,913,4095,4095,4095,0,0,0,0,0,0,0
28/07/25 15:23:00,1682.034,703710,SHK0000001,2340,2315,912,4095,4095,4095,0,0,0,0,0,0,0
28/07/25 15:23:02,1683.305,703710,SHK0000001,2341,2324,914,4095,4095,4095,0,0,0,0,0,0,0
28/07/25 15:23:03,1684.576,703710,SHK0000001,2342,2322,910,4095,4095,4095,0,0,0,0,0,0,0
28/07/25 15:23:04,1685.85,703710,SHK0000001,2342,2322,913,4095,4095,4095,0,0,0,0,0,0,0
28/07/25 15:23:05,1687.125,703710,SHK0000001,2337,2318,911,4095,4095,4095,0,0,0,0,0,0,0
28/07/25 15:23:07,1688.408,703710,SHK0000001,2338,2318,911,4095,4095,4095,0,0,0,0,0,0,0
28/07/25 15:23:08,1689.67,703710,SHK0000001,2341,2319,911,4095,4095,4095,0,0,0,0,0,0,0
28/07/25 15:23:09,1690.957,703710,SHK0000001,2337,2314,910,4095,4095,4095,0,0,0,0,0,0,0
28/07/25 15:23:11,1692.23,703710,SHK0000001,2335,2319,912,4095,4095,4095,0,0,0,0,0,0,0
28/07/25 15:23:12,1693.501,703710,SHK0000001,2341,2314,909,4095,4095,4095,0,0,0,0,0,0,0
28/07/25 15:23:13,1694.774,703710,SHK0000001,2343,2317,912,4095,4095,4095,0,0,0,0,0,0,0
28/07/25 15:23:14,1696.058,703710,SHK0000001,2338,2312,910,4095,4095,4095,0,0,0,0,0,0,0
28/07/25 15:23:16,1697.324,703710,SHK0000001,2336,2315,910,4095,4095,4095,0,0,0,0,0,0,0
28/07/25 15:23:17,1698.599,703710,SHK0000001,2335,2314,910,4095,4095,4095,0,0,0,0,0,0,0
28/07/25 15:23:18,1699.877,703710,SHK0000001,2338,2321,909,4095,4095,4095,0,0,0,0,0,0,0
28/07/25 15:23:20,1701.152,703710,SHK0000001,2343,2318,910,4095,4095,4095,0,0,0,0,0,0,0
28/07/25 15:23:21,1702.424,703710,SHK0000001,2335,2312,907,4095,4095,4095,0,0,0,0,0,0,0
28/07/25 15:23:22,1703.708,703710,SHK0000001,2344,2321,909,4095,4095,4095,0,0,0,0,0,0,0
28/07/25 15:23:23,1704.971,703710,SHK0000001,2338,2308,907,4095,4095,4095,0,0,0,0,0,0,0
28/07/25 15:23:25,1706.251,703710,SHK0000001,2337,2319,909,4095,4095,4095,0,0,0,0,0,0,0
28/07/25 15:23:26,1707.523,703710,SHK0000001,2331,2318,907,4095,4095,4095,0,0,0,0,0,0,0
28/07/25 15:23:27,1708.803,703710,SHK0000001,2339,2306,908,4095,4095,4095,0,0,0,0,0,0,0
28/07/25 15:23:28,1710.076,703710,SHK0000001,2334,2317,907,4095,4095,4095,0,0,0,0,0,0,0
28/07/25 15:23:30,1711.354,703710,SHK0000001,2341,2306,906,4095,4095,4095,0,0,0,0,0,0,0
28/07/25 15:23:31,1712.625,703710,SHK0000001,2337,2312,908,4095,4095,4095,0,0,0,0,0,0,0
28/07/25 15:23:32,1713.902,703710,SHK0000001,2342,2309,905,4095,4095,4095,0,0,0,0,0,0,0
28/07/25 15:23:34,1715.181,703710,SHK0000001,2330,2316,908,4095,4095,4095,0,0,0,0,0,0,0
28/07/25 15:23:35,1716.45,703710,SHK0000001,2332,2304,905,4095,4095,4095,0,0,0,0,0,0,0
28/07/25 15:23:36,1717.724,703710,SHK0000001,2330,2314,907,4095,4095,4095,0,0,0,0,0,0,0
28/07/25 15:23:37,1719.004,703710,SHK0000001,2337,2310,906,4095,4095,4095,0,0,0,0,0,0,0
28/07/25 15:23:39,1720.276,703710,SHK0000001,2337,2319,905,4095,4095,4095,0,0,0,0,0,0,0
28/07/25 15:23:40,1721.554,703710,SHK0000001,2334,2315,906,4095,4095,4095,0,0,0,0,0,0,0
28/07/25 15:23:41,1722.828,703710,SHK0000001,2333,2308,905,4095,4095,4095,0,0,0,0,0,0,0
28/07/25 15:23:42,1724.106,703710,SHK0000001,2333,2315,906,4095,4095,4095,0,0,0,0,0,0,0
28/07/25 15:23:44,1725.374,703710,SHK0000001,2335,2305,903,4095,4095,4095,0,0,0,0,0,0,0
28/07/25 15:23:45,1726.655,703710,SHK0000001,2332,2302,905,4095,4095,4095,0,0,0,0,0,0,0
28/07/25 15:23:46,1727.931,703710,SHK0000001,2334,2305,905,4095,4095,4095,0,0,0,0,0,0,0
28/07/25 15:23:48,1729.197,703710,SHK0000001,2331,2308,904,4095,4095,4095,0,0,0,0,0,0,0
28/07/25 15:23:49,1730.483,703710,SHK0000001,2331,2313,906,4095,4095,4095,0,0,0,0,0,0,0
28/07/25 15:23:50,1731.745,703710,SHK0000001,2339,2305,903,4095,4095,4095,0,0,0,0,0,0,0
28/07/25 15:23:51,1733.024,703710,SHK0000001,2330,2316,905,4095,4095,4095,0,0,0,0,0,0,0
28/07/25 15:23:53,1734.294,703710,SHK0000001,2325,2304,903,4095,4095,4095,0,0,0,0,0,0,0
28/07/25 15:23:54,1735.578,703710,SHK0000001,2331,2310,904,4095,4095,4095,0,0,0,0,0,0,0
28/07/25 15:23:55,1736.853,703710,SHK0000001,2334,2310,904,4095,4095,4095,0,0,0,0,0,0,0
28/07/25 15:23:56,1738.13,703710,SHK0000001,2330,2307,902,4095,4095,4095,0,0,0,0,0,0,0
28/07/25 15:23:58,1739.397,703710,SHK0000001,2330,2313,904,4095,4095,4095,0,0,0,0,0,0,0
28/07/25 15:23:59,1740.683,703710,SHK0000001,2333,2309,901,4095,4095,4095,0,0,0,0,0,0,0
28/07/25 15:24:00,1741.951,703710,SHK0000001,2329,2305,903,4095,4095,4095,0,0,0,0,0,0,0
28/07/25 15:24:02,1743.224,703710,SHK0000001,2327,2304,902,4095,4095,4095,0,0,0,0,0,0,0
28/07/25 15:24:03,1744.503,703710,SHK0000001,2333,2314,902,4095,4095,4095,0,0,0,0,0,0,0
28/07/25 15:24:04,1745.774,703710,SHK0000001,2331,2302,903,4095,4095,4095,0,0,0,0,0,0,0
28/07/25 15:24:05,1747.047,703710,SHK0000001,2328,2304,901,4095,4095,4095,0,0,0,0,0,0,0
28/07/25 15:24:07,1748.334,703710,SHK0000001,2329,2310,903,4095,4095,4095,0,0,0,0,0,0,0
28/07/25 15:24:08,1749.602,703710,SHK0000001,2329,2305,900,4095,4095,4095,0,0,0,0,0,0,0
28/07/25 15:24:09,1750.882,703710,SHK0000001,2325,2306,902,4095,4095,4095,0,0,0,0,0,0,0
28/07/25 15:24:11,1752.158,703710,SHK0000001,2331,2306,901,4095,4095,4095,0,0,0,0,0,0,0
28/07/25 15:24:12,1753.428,703710,SHK0000001,2319,2310,901,4095,4095,4095,0,0,0,0,0,0,0
28/07/25 15:24:13,1754.704,703710,SHK0000001,2323,2305,902,4095,4095,4095,0,0,0,0,0,0,0
28/07/25 15:24:14,1755.978,703710,SHK0000001,2326,2305,899,4095,4095,4095,0,0,0,0,0,0,0
28/07/25 15:24:16,1757.25,703710,SHK0000001,2325,2299,902,4095,4095,4095,0,0,0,0,0,0,0
28/07/25 15:24:17,1758.532,703710,SHK0000001,2323,2306,899,4095,4095,4095,0,0,0,0,0,0,0
28/07/25 15:24:18,1759.802,703710,SHK0000001,2324,2308,900,4095,4095,4095,0,0,0,0,0,0,0
28/07/25 15:24:19,1761.083,703710,SHK0000001,2326,2303,900,4095,4095,4095,0,0,0,0,0,0,0
28/07/25 15:24:21,1762.356,703710,SHK0000001,2323,2300,900,4095,4095,4095,0,0,0,0,0,0,0
28/07/25 15:24:22,1763.633,703710,SHK0000001,2332,2305,900,4095,4095,4095,0,0,0,0,0,0,0
28/07/25 15:24:23,1764.906,703710,SHK0000001,2323,2306,898,4095,4095,4095,0,0,0,0,0,0,0
28/07/25 15:24:25,1766.184,703710,SHK0000001,2323,2305,900,4095,4095,4095,0,0,0,0,0,0,0
28/07/25 15:24:26,1767.451,703710,SHK0000001,2321,2303,898,4095,4095,4095,0,0,0,0,0,0,0
28/07/25 15:24:27,1768.728,703710,SHK0000001,2322,2300,900,4095,4095,4095,0,0,0,0,0,0,0
28/07/25 15:24:28,1769.999,703710,SHK0000001,2323,2304,899,4095,4095,4095,0,0,0,0,0,0,0
28/07/25 15:24:30,1771.275,703710,SHK0000001,2323,2307,898,4095,4095,4095,0,0,0,0,0,0,0
28/07/25 15:24:31,1772.557,703710,SHK0000001,2322,2301,900,4095,4095,4095,0,0,0,0,0,0,0
28/07/25 15:24:32,1773.832,703710,SHK0000001,2326,2301,897,4095,4095,4095,0,0,0,0,0,0,0
28/07/25 15:24:33,1775.111,703710,SHK0000001,2320,2305,900,4095,4095,4095,0,0,0,0,0,0,0
28/07/25 15:24:35,1776.379,703710,SHK0000001,2319,2303,898,4095,4095,4095,0,0,0,0,0,0,0
28/07/25 15:24:36,1777.652,703710,SHK0000001,2321,2299,899,4095,4095,4095,0,0,0,0,0,0,0
28/07/25 15:24:37,1778.931,703710,SHK0000001,2324,2301,898,4095,4095,4095,0,0,0,0,0,0,0
28/07/25 15:24:39,1780.206,703710,SHK0000001,2318,2296,897,4095,4095,4095,0,0,0,0,0,0,0
28/07/25 15:24:40,1781.478,703710,SHK0000001,2318,2298,899,4095,4095,4095,0,0,0,0,0,0,0
28/07/25 15:24:41,1782.752,703710,SHK0000001,2327,2302,896,4095,4095,4095,0,0,0,0,0,0,0
28/07/25 15:24:42,1784.026,703710,SHK0000001,2321,2304,898,4095,4095,4095,0,0,0,0,0,0,0
28/07/25 15:24:44,1785.304,703710,SHK0000001,2317,2302,897,4095,4095,4095,0,0,0,0,0,0,0
28/07/25 15:24:45,1786.574,703710,SHK0000001,2326,2301,897,4095,4095,4095,0,0,0,0,0,0,0
28/07/25 15:24:46,1787.847,703710,SHK0000001,2318,2302,898,4095,4095,4095,0,0,0,0,0,0,0
28/07/25 15:24:47,1789.144,703710,SHK0000001,2318,2298,896,4095,4095,4095,0,0,0,0,0,0,0
28/07/25 15:24:49,1790.437,703710,SHK0000001,2327,2299,898,4095,4095,4095,0,0,0,0,0,0,0
28/07/25 15:24:50,1791.676,703710,SHK0000001,2322,2300,895,4095,4095,4095,0,0,0,0,0,0,0
28/07/25 15:24:51,1792.95,703710,SHK0000001,2328,2303,897,4095,4095,4095,0,0,0,0,0,0,0
28/07/25 15:24:53,1794.229,703710,SHK0000001,2322,2293,895,4095,4095,4095,0,0,0,0,0,0,0
28/07/25 15:24:54,1795.505,703710,SHK0000001,2318,2296,896,4095,4095,4095,0,0,0,0,0,0,0
28/07/25 15:24:55,1796.777,703710,SHK0000001,2317,2299,896,4095,4095,4095,0,0,0,0,0,0,0
28/07/25 15:24:56,1798.06,703710,SHK0000001,2321,2295,894,4095,4095,4095,0,0,0,0,0,0,0
28/07/25 15:24:58,1799.33,703710,SHK0000001,2318,2299,897,4095,4095,4095,0,0,0,0,0,0,0
28/07/25 15:24:59,1800.603,703710,SHK0000001,2320,2293,894,4095,4095,4095,0,0,0,0,0,0,0
28/07/25 15:25:00,1801.881,703710,SHK0000001,2317,2297,896,4095,4095,4095,0,0,0,0,0,0,0
28/07/25 15:25:02,1803.209,703710,SHK0000001,2319,2292,894,4095,4095,4095,0,0,0,0,0,0,0
28/07/25 15:25:03,1804.43,703710,SHK0000001,2319,2304,894,4095,4095,4095,0,0,0,0,0,0,0
28/07/25 15:25:04,1805.706,703710,SHK0000001,2313,2295,895,4095,4095,4095,0,0,0,0,0,0,0
28/07/25 15:25:05,1806.984,703710,SHK0000001,2320,2293,893,4095,4095,4095,0,0,0,0,0,0,0
28/07/25 15:25:07,1808.254,703710,SHK0000001,2311,2298,896,4095,4095,4095,0,0,0,0,0,0,0
28/07/25 15:25:08,1809.526,703710,SHK0000001,2314,2298,893,4095,4095,4095,0,0,0,0,0,0,0
28/07/25 15:25:09,1810.798,703710,SHK0000001,2318,2299,895,4095,4095,4095,0,0,0,0,0,0,0
28/07/25 15:25:10,1812.083,703710,SHK0000001,2318,2295,894,4095,4095,4095,0,0,0,0,0,0,0
28/07/25 15:25:12,1813.352,703710,SHK0000001,2316,2286,894,4095,4095,4095,0,0,0,0,0,0,0
28/07/25 15:25:13,1814.633,703710,SHK0000001,2311,2301,895,4095,4095,4095,0,0,0,0,0,0,0
28/07/25 15:25:14,1815.91,703710,SHK0000001,2317,2295,892,4095,4095,4095,0,0,0,0,0,0,0
28/07/25 15:25:16,1817.175,703710,SHK0000001,2319,2290,894,4095,4095,4095,0,0,0,0,0,0,0
28/07/25 15:25:17,1818.454,703710,SHK0000001,2317,2296,891,4095,4095,4095,0,0,0,0,0,0,0
28/07/25 15:25:18,1819.731,703710,SHK0000001,2323,2300,893,4095,4095,4095,0,0,0,0,0,0,0
28/07/25 15:25:19,1821.002,703710,SHK0000001,2315,2293,892,4095,4095,4095,0,0,0,0,0,0,0
28/07/25 15:25:21,1822.277,703710,SHK0000001,2318,2295,893,4095,4095,4095,0,0,0,0,0,0,0
28/07/25 15:25:22,1823.546,703710,SHK0000001,2312,2300,893,4095,4095,4095,0,0,0,0,0,0,0
28/07/25 15:25:23,1824.828,703710,SHK0000001,2312,2295,891,4095,4095,4095,0,0,0,0,0,0,0
28/07/25 15:25:24,1826.094,703710,SHK0000001,2316,2290,893,4095,4095,4095,0,0,0,0,0,0,0
28/07/25 15:25:26,1827.382,703710,SHK0000001,2313,2298,891,4095,4095,4095,0,0,0,0,0,0,0
28/07/25 15:25:27,1828.656,703710,SHK0000001,2314,2291,892,4095,4095,4095,0,0,0,0,0,0,0
28/07/25 15:25:28,1829.931,703710,SHK0000001,2315,2295,891,4095,4095,4095,0,0,0,0,0,0,0
28/07/25 15:25:30,1831.203,703710,SHK0000001,2312,2288,891,4095,4095,4095,0,0,0,0,0,0,0
28/07/25 15:25:31,1832.478,703710,SHK0000001,2315,2294,892,4095,4095,4095,0,0,0,0,0,0,0
28/07/25 15:25:32,1833.753,703710,SHK0000001,2312,2288,890,4095,4095,4095,0,0,0,0,0,0,0
28/07/25 15:25:33,1835.019,703710,SHK0000001,2308,2295,892,4095,4095,4095,0,0,0,0,0,0,0
28/07/25 15:25:35,1836.296,703710,SHK0000001,2308,2294,889,4095,4095,4095,0,0,0,0,0,0,0
28/07/25 15:25:36,1837.579,703710,SHK0000001,2315,2299,891,4095,4095,4095,0,0,0,0,0,0,0
28/07/25 15:25:37,1838.861,703710,SHK0000001,2311,2293,890,4095,4095,4095,0,0,0,0,0,0,0
28/07/25 15:25:38,1840.131,703710,SHK0000001,2308,2288,890,4095,4095,4095,0,0,0,0,0,0,0
28/07/25 15:25:40,1841.411,703710,SHK0000001,2303,2292,891,4095,4095,4095,0,0,0,0,0,0,0
28/07/25 15:25:41,1842.679,703710,SHK0000001,2313,2286,889,4095,4095,4095,0,0,0,0,0,0,0
28/07/25 15:25:42,1843.953,703710,SHK0000001,2308,2287,891,4095,4095,4095,0,0,0,0,0,0,0
28/07/25 15:25:44,1845.235,703710,SHK0000001,2309,2285,888,4095,4095,4095,0,0,0,0,0,0,0
28/07/25 15:25:45,1846.5,703710,SHK0000001,2310,2290,890,4095,4095,4095,0,0,0,0,0,0,0
28/07/25 15:25:46,1847.775,703710,SHK0000001,2313,2291,889,4095,4095,4095,0,0,0,0,0,0,0
28/07/25 15:25:47,1849.052,703710,SHK0000001,2307,2296,890,4095,4095,4095,0,0,0,0,0,0,0
28/07/25 15:25:49,1850.322,703710,SHK0000001,2314,2295,889,4095,4095,4095,0,0,0,0,0,0,0
28/07/25 15:25:50,1851.606,703710,SHK0000001,2307,2298,888,4095,4095,4095,0,0,0,0,0,0,0
28/07/25 15:25:51,1852.88,703710,SHK0000001,2316,2292,888,4095,4095,4095,0,0,0,0,0,0,0
28/07/25 15:25:53,1854.157,703710,SHK0000001,2309,2288,887,4095,4095,4095,0,0,0,0,0,0,0
28/07/25 15:25:54,1855.429,703710,SHK0000001,2315,2294,889,4095,4095,4095,0,0,0,0,0,0,0
28/07/25 15:25:55,1856.701,703710,SHK0000001,2311,2283,887,4095,4095,4095,0,0,0,0,0,0,0
28/07/25 15:25:56,1857.988,703710,SHK0000001,2314,2290,889,4095,4095,4095,0,0,0,0,0,0,0
28/07/25 15:25:58,1859.253,703710,SHK0000001,2304,2290,887,4095,4095,4095,0,0,0,0,0,0,0
28/07/25 15:25:59,1860.53,703710,SHK0000001,2310,2287,889,4095,4095,4095,0,0,0,0,0,0,0
28/07/25 15:26:00,1861.81,703710,SHK0000001,2308,2290,887,4095,4095,4095,0,0,0,0,0,0,0
28/07/25 15:26:01,1863.078,703710,SHK0000001,2305,2281,887,4095,4095,4095,0,0,0,0,0,0,0
28/07/25 15:26:03,1864.355,703710,SHK0000001,2309,2290,889,4095,4095,4095,0,0,0,0,0,0,0
28/07/25 15:26:04,1865.636,703710,SHK0000001,2313,2284,886,4095,4095,4095,0,0,0,0,0,0,0
28/07/25 15:26:05,1866.909,703710,SHK0000001,2308,2289,888,4095,4095,4095,0,0,0,0,0,0,0
28/07/25 15:26:07,1868.179,703710,SHK0000001,2308,2288,886,4095,4095,4095,0,0,0,0,0,0,0
28/07/25 15:26:08,1869.464,703710,SHK0000001,2307,2291,888,4095,4095,4095,0,0,0,0,0,0,0
28/07/25 15:26:09,1870.728,703710,SHK0000001,2309,2287,887,4095,4095,4095,0,0,0,0,0,0,0
28/07/25 15:26:10,1872.004,703710,SHK0000001,2308,2282,886,4095,4095,4095,0,0,0,0,0,0,0
28/07/25 15:26:12,1873.28,703710,SHK0000001,2301,2291,887,4095,4095,4095,0,0,0,0,0,0,0
28/07/25 15:26:13,1874.566,703710,SHK0000001,2307,2282,885,4095,4095,4095,0,0,0,0,0,0,0
28/07/25 15:26:14,1875.836,703710,SHK0000001,2307,2283,887,4095,4095,4095,0,0,0,0,0,0,0
28/07/25 15:26:15,1877.116,703710,SHK0000001,2306,2291,884,4095,4095,4095,0,0,0,0,0,0,0
28/07/25 15:26:17,1878.389,703710,SHK0000001,2305,2288,886,4095,4095,4095,0,0,0,0,0,0,0
28/07/25 15:26:18,1879.664,703710,SHK0000001,2297,2288,885,4095,4095,4095,0,0,0,0,0,0,0
28/07/25 15:26:19,1880.931,703710,SHK0000001,2300,2279,885,4095,4095,4095,0,0,0,0,0,0,0
28/07/25 15:26:21,1882.213,703710,SHK0000001,2308,2286,886,4095,4095,4095,0,0,0,0,0,0,0
28/07/25 15:26:22,1883.483,703710,SHK0000001,2312,2281,884,4095,4095,4095,0,0,0,0,0,0,0
28/07/25 15:26:23,1884.857,703710,SHK0000001,2300,2288,886,4095,4095,4095,0,0,0,0,0,0,0
28/07/25 15:26:24,1886.041,703710,SHK0000001,2302,2281,883,4095,4095,4095,0,0,0,0,0,0,0
28/07/25 15:26:26,1887.314,703710,SHK0000001,2301,2285,885,4095,4095,4095,0,0,0,0,0,0,0
28/07/25 15:26:27,1888.581,703710,SHK0000001,2300,2285,882,4095,4095,4095,0,0,0,0,0,0,0
28/07/25 15:26:28,1889.862,703710,SHK0000001,2303,2288,884,4095,4095,4095,0,0,0,0,0,0,0
28/07/25 15:26:29,1891.136,703710,SHK0000001,2297,2285,883,4095,4095,4095,0,0,0,0,0,0,0
28/07/25 15:26:31,1892.45,703710,SHK0000001,2299,2280,882,4095,4095,4095,0,0,0,0,0,0,0
28/07/25 15:26:32,1893.679,703710,SHK0000001,2301,2283,885,4095,4095,4095,0,0,0,0,0,0,0
28/07/25 15:26:33,1894.957,703710,SHK0000001,2304,2279,882,4095,4095,4095,0,0,0,0,0,0,0
28/07/25 15:26:35,1896.227,703710,SHK0000001,2300,2290,884,4095,4095,4095,0,0,0,0,0,0,0
28/07/25 15:26:36,1897.509,703710,SHK0000001,2302,2279,883,4095,4095,4095,0,0,0,0,0,0,0
28/07/25 15:26:37,1898.78,703710,SHK0000001,2302,2287,884,4095,4095,4095,0,0,0,0,0,0,0
28/07/25 15:26:38,1900.054,703710,SHK0000001,2304,2282,884,4095,4095,4095,0,0,0,0,0,0,0
28/07/25 15:26:40,1901.327,703710,SHK0000001,2294,2281,881,4095,4095,4095,0,0,0,0,0,0,0
28/07/25 15:26:41,1902.608,703710,SHK0000001,2296,2280,884,4095,4095,4095,0,0,0,0,0,0,0
28/07/25 15:26:42,1903.879,703710,SHK0000001,2301,2283,881,4095,4095,4095,0,0,0,0,0,0,0
28/07/25 15:26:44,1905.156,703710,SHK0000001,2298,2281,884,4095,4095,4095,0,0,0,0,0,0,0
28/07/25 15:26:45,1906.431,703710,SHK0000001,2303,2276,882,4095,4095,4095,0,0,0,0,0,0,0
28/07/25 15:26:46,1907.706,703710,SHK0000001,2297,2278,883,4095,4095,4095,0,0,0,0,0,0,0
28/07/25 15:26:47,1908.983,703710,SHK0000001,2303,2285,881,4095,4095,4095,0,0,0,0,0,0,0
28/07/25 15:26:49,1910.256,703710,SHK0000001,2302,2285,882,4095,4095,4095,0,0,0,0,0,0,0
28/07/25 15:26:50,1911.534,703710,SHK0000001,2295,2279,882,4095,4095,4095,0,0,0,0,0,0,0
28/07/25 15:26:51,1912.811,703710,SHK0000001,2301,2275,881,4095,4095,4095,0,0,0,0,0,0,0
28/07/25 15:26:52,1914.081,703710,SHK0000001,2295,2283,882,4095,4095,4095,0,0,0,0,0,0,0
28/07/25 15:26:54,1915.36,703710,SHK0000001,2292,2275,880,4095,4095,4095,0,0,0,0,0,0,0
28/07/25 15:26:55,1916.629,703710,SHK0000001,2293,2280,882,4095,4095,4095,0,0,0,0,0,0,0
28/07/25 15:26:56,1917.908,703710,SHK0000001,2297,2280,880,4095,4095,4095,0,0,0,0,0,0,0
28/07/25 15:26:58,1919.184,703710,SHK0000001,2294,2284,881,4095,4095,4095,0,0,0,0,0,0,0
28/07/25 15:26:59,1920.453,703710,SHK0000001,2297,2279,881,4095,4095,4095,0,0,0,0,0,0,0
28/07/25 15:27:00,1921.732,703710,SHK0000001,2302,2277,880,4095,4095,4095,0,0,0,0,0,0,0
28/07/25 15:27:01,1923.011,703710,SHK0000001,2299,2280,881,4095,4095,4095,0,0,0,0,0,0,0
28/07/25 15:27:03,1924.288,703710,SHK0000001,2295,2277,879,4095,4095,4095,0,0,0,0,0,0,0
28/07/25 15:27:04,1925.559,703710,SHK0000001,2296,2282,881,4095,4095,4095,0,0,0,0,0,0,0
28/07/25 15:27:05,1926.83,703710,SHK0000001,2291,2276,879,4095,4095,4095,0,0,0,0,0,0,0
28/07/25 15:27:06,1928.105,703710,SHK0000001,2295,2286,880,4095,4095,4095,0,0,0,0,0,0,0
28/07/25 15:27:08,1929.386,703710,SHK0000001,2296,2278,880,4095,4095,4095,0,0,0,0,0,0,0
28/07/25 15:27:09,1930.657,703710,SHK0000001,2303,2281,879,4095,4095,4095,0,0,0,0,0,0,0
28/07/25 15:27:10,1931.929,703710,SHK0000001,2294,2276,881,4095,4095,4095,0,0,0,0,0,0,0
28/07/25 15:27:12,1933.21,703710,SHK0000001,2290,2274,879,4095,4095,4095,0,0,0,0,0,0,0
28/07/25 15:27:13,1934.482,703710,SHK0000001,2300,2278,880,4095,4095,4095,0,0,0,0,0,0,0
28/07/25 15:27:14,1935.754,703710,SHK0000001,2296,2277,878,4095,4095,4095,0,0,0,0,0,0,0
28/07/25 15:27:15,1937.036,703710,SHK0000001,2293,2282,879,4095,4095,4095,0,0,0,0,0,0,0
28/07/25 15:27:17,1938.309,703710,SHK0000001,2287,2278,879,4095,4095,4095,0,0,0,0,0,0,0
28/07/25 15:27:18,1939.583,703710,SHK0000001,2299,2270,878,4095,4095,4095,0,0,0,0,0,0,0
28/07/25 15:27:19,1940.865,703710,SHK0000001,2298,2274,879,4095,4095,4095,0,0,0,0,0,0,0
28/07/25 15:27:20,1942.134,703710,SHK0000001,2295,2276,877,4095,4095,4095,0,0,0,0,0,0,0
28/07/25 15:27:22,1943.405,703710,SHK0000001,2291,2276,880,4095,4095,4095,0,0,0,0,0,0,0
28/07/25 15:27:23,1944.683,703710,SHK0000001,2292,2273,877,4095,4095,4095,0,0,0,0,0,0,0
28/07/25 15:27:24,1945.965,703710,SHK0000001,2291,2271,878,4095,4095,4095,0,0,0,0,0,0,0
28/07/25 15:27:26,1947.235,703710,SHK0000001,2294,2270,878,4095,4095,4095,0,0,0,0,0,0,0
28/07/25 15:27:27,1948.514,703710,SHK0000001,2292,2275,878,4095,4095,4095,0,0,0,0,0,0,0
28/07/25 15:27:28,1949.781,703710,SHK0000001,2290,2275,878,4095,4095,4095,0,0,0,0,0,0,0
28/07/25 15:27:29,1951.056,703710,SHK0000001,2288,2268,878,4095,4095,4095,0,0,0,0,0,0,0
28/07/25 15:27:31,1952.332,703710,SHK0000001,2288,2268,877,4095,4095,4095,0,0,0,0,0,0,0
28/07/25 15:27:32,1953.605,703710,SHK0000001,2291,2274,876,4095,4095,4095,0,0,0,0,0,0,0
28/07/25 15:27:33,1954.886,703710,SHK0000001,2298,2271,878,4095,4095,4095,0,0,0,0,0,0,0
28/07/25 15:27:35,1956.157,703710,SHK0000001,2289,2271,875,4095,4095,4095,0,0,0,0,0,0,0
28/07/25 15:27:36,1957.439,703710,SHK0000001,2295,2273,878,4095,4095,4095,0,0,0,0,0,0,0
28/07/25 15:27:37,1958.71,703710,SHK0000001,2289,2276,876,4095,4095,4095,0,0,0,0,0,0,0
28/07/25 15:27:38,1959.979,703710,SHK0000001,2289,2271,877,4095,4095,4095,0,0,0,0,0,0,0
28/07/25 15:27:40,1961.261,703710,SHK0000001,2293,2273,877,4095,4095,4095,0,0,0,0,0,0,0
28/07/25 15:27:41,1962.53,703710,SHK0000001,2299,2266,876,4095,4095,4095,0,0,0,0,0,0,0
28/07/25 15:27:42,1963.808,703710,SHK0000001,2291,2274,878,4095,4095,4095,0,0,0,0,0,0,0
28/07/25 15:27:43,1965.088,703710,SHK0000001,2286,2271,875,4095,4095,4095,0,0,0,0,0,0,0
28/07/25 15:27:45,1966.363,703710,SHK0000001,2283,2272,876,4095,4095,4095,0,0,0,0,0,0,0
28/07/25 15:27:46,1967.634,703710,SHK0000001,2293,2271,874,4095,4095,4095,0,0,0,0,0,0,0
28/07/25 15:27:47,1968.905,703710,SHK0000001,2291,2282,876,4095,4095,4095,0,0,0,0,0,0,0
28/07/25 15:27:49,1970.186,703710,SHK0000001,2287,2273,876,4095,4095,4095,0,0,0,0,0,0,0
28/07/25 15:27:50,1971.458,703710,SHK0000001,2290,2273,876,4095,4095,4095,0,0,0,0,0,0,0
28/07/25 15:27:51,1972.738,703710,SHK0000001,2292,2278,875,4095,4095,4095,0,0,0,0,0,0,0
28/07/25 15:27:52,1974.011,703710,SHK0000001,2290,2266,875,4095,4095,4095,0,0,0,0,0,0,0
28/07/25 15:27:54,1975.279,703710,SHK0000001,2291,2274,876,4095,4095,4095,0,0,0,0,0,0,0
28/07/25 15:27:55,1976.565,703710,SHK0000001,2291,2275,874,4095,4095,4095,0,0,0,0,0,0,0
28/07/25 15:27:56,1977.835,703710,SHK0000001,2292,2266,876,4095,4095,4095,0,0,0,0,0,0,0
28/07/25 15:27:57,1979.104,703710,SHK0000001,2286,2269,874,4095,4095,4095,0,0,0,0,0,0,0
28/07/25 15:27:59,1980.39,703710,SHK0000001,2287,2270,876,4095,4095,4095,0,0,0,0,0,0,0
28/07/25 15:28:00,1981.656,703710,SHK0000001,2290,2274,875,4095,4095,4095,0,0,0,0,0,0,0
28/07/25 15:28:01,1982.93,703710,SHK0000001,2287,2270,874,4095,4095,4095,0,0,0,0,0,0,0
28/07/25 15:28:03,1984.214,703710,SHK0000001,2288,2273,875,4095,4095,4095,0,0,0,0,0,0,0
28/07/25 15:28:04,1985.487,703710,SHK0000001,2287,2269,873,4095,4095,4095,0,0,0,0,0,0,0
28/07/25 15:28:05,1986.761,703710,SHK0000001,2288,2275,874,4095,4095,4095,0,0,0,0,0,0,0
28/07/25 15:28:06,1988.032,703710,SHK0000001,2290,2268,873,4095,4095,4095,0,0,0,0,0,0,0
28/07/25 15:28:08,1989.309,703710,SHK0000001,2293,2268,874,4095,4095,4095,0,0,0,0,0,0,0
28/07/25 15:28:09,1990.58,703710,SHK0000001,2284,2267,873,4095,4095,4095,0,0,0,0,0,0,0
28/07/25 15:28:10,1991.861,703710,SHK0000001,2284,2263,873,4095,4095,4095,0,0,0,0,0,0,0
28/07/25 15:28:11,1993.133,703710,SHK0000001,2289,2266,874,4095,4095,4095,0,0,0,0,0,0,0
28/07/25 15:28:13,1994.412,703710,SHK0000001,2288,2262,872,4095,4095,4095,0,0,0,0,0,0,0
28/07/25 15:28:14,1995.682,703710,SHK0000001,2286,2268,874,4095,4095,4095,0,0,0,0,0,0,0
28/07/25 15:28:15,1996.961,703710,SHK0000001,2287,2265,872,4095,4095,4095,0,0,0,0,0,0,0
28/07/25 15:28:17,1998.24,703710,SHK0000001,2284,2265,874,4095,4095,4095,0,0,0,0,0,0,0
28/07/25 15:28:18,1999.509,703710,SHK0000001,2288,2260,873,4095,4095,4095,0,0,0,0,0,0,0
28/07/25 15:28:19,2000.784,703710,SHK0000001,2281,2277,872,4095,4095,4095,0,0,0,0,0,0,0
28/07/25 15:28:20,2002.058,703710,SHK0000001,2288,2272,872,4095,4095,4095,0,0,0,0,0,0,0
28/07/25 15:28:22,2003.34,703710,SHK0000001,2285,2266,871,4095,4095,4095,0,0,0,0,0,0,0
28/07/25 15:28:23,2004.605,703710,SHK0000001,2283,2265,873,4095,4095,4095,0,0,0,0,0,0,0
28/07/25 15:28:24,2005.886,703710,SHK0000001,2289,2268,871,4095,4095,4095,0,0,0,0,0,0,0
28/07/25 15:28:26,2007.156,703710,SHK0000001,2284,2266,873,4095,4095,4095,0,0,0,0,0,0,0
28/07/25 15:28:27,2008.433,703710,SHK0000001,2283,2273,872,4095,4095,4095,0,0,0,0,0,0,0
28/07/25 15:28:28,2009.715,703710,SHK0000001,2280,2267,871,4095,4095,4095,0,0,0,0,0,0,0
28/07/25 15:28:29,2010.985,703710,SHK0000001,2285,2264,872,4095,4095,4095,0,0,0,0,0,0,0
28/07/25 15:28:31,2012.273,703710,SHK0000001,2286,2261,870,4095,4095,4095,0,0,0,0,0,0,0
28/07/25 15:28:32,2013.533,703710,SHK0000001,2286,2269,872,4095,4095,4095,0,0,0,0,0,0,0
28/07/25 15:28:33,2014.808,703710,SHK0000001,2285,2263,870,4095,4095,4095,0,0,0,0,0,0,0
28/07/25 15:28:34,2016.081,703710,SHK0000001,2288,2273,872,4095,4095,4095,0,0,0,0,0,0,0
28/07/25 15:28:36,2017.36,703710,SHK0000001,2283,2265,871,4095,4095,4095,0,0,0,0,0,0,0
28/07/25 15:28:37,2018.628,703710,SHK0000001,2278,2258,870,4095,4095,4095,0,0,0,0,0,0,0
28/07/25 15:28:38,2019.907,703710,SHK0000001,2285,2270,872,4095,4095,4095,0,0,0,0,0,0,0
28/07/25 15:28:40,2021.185,703710,SHK0000001,2283,2260,869,4095,4095,4095,0,0,0,0,0,0,0
28/07/25 15:28:41,2022.464,703710,SHK0000001,2281,2272,871,4095,4095,4095,0,0,0,0,0,0,0
28/07/25 15:28:42,2023.731,703710,SHK0000001,2281,2268,869,4095,4095,4095,0,0,0,0,0,0,0
28/07/25 15:28:43,2025.011,703710,SHK0000001,2278,2267,870,4095,4095,4095,0,0,0,0,0,0,0
28/07/25 15:28:45,2026.29,703710,SHK0000001,2280,2261,870,4095,4095,4095,0,0,0,0,0,0,0
28/07/25 15:28:46,2027.559,703710,SHK0000001,2288,2262,869,4095,4095,4095,0,0,0,0,0,0,0
28/07/25 15:28:47,2028.827,703710,SHK0000001,2280,2267,871,4095,4095,4095,0,0,0,0,0,0,0
28/07/25 15:28:48,2030.107,703710,SHK0000001,2284,2266,868,4095,4095,4095,0,0,0,0,0,0,0
28/07/25 15:28:50,2031.381,703710,SHK0000001,2279,2268,871,4095,4095,4095,0,0,0,0,0,0,0
28/07/25 15:28:51,2032.663,703710,SHK0000001,2285,2260,869,4095,4095,4095,0,0,0,0,0,0,0
28/07/25 15:28:52,2033.933,703710,SHK0000001,2278,2263,869,4095,4095,4095,0,0,0,0,0,0,0
28/07/25 15:28:54,2035.213,703710,SHK0000001,2276,2262,870,4095,4095,4095,0,0,0,0,0,0,0
28/07/25 15:28:55,2036.484,703710,SHK0000001,2279,2260,868,4095,4095,4095,0,0,0,0,0,0,0
28/07/25 15:28:56,2037.757,703710,SHK0000001,2273,2262,869,4095,4095,4095,0,0,0,0,0,0,0
28/07/25 15:28:57,2039.032,703710,SHK0000001,2282,2258,868,4095,4095,4095,0,0,0,0,0,0,0
28/07/25 15:28:59,2040.304,703710,SHK0000001,2279,2269,870,4095,4095,4095,0,0,0,0,0,0,0
28/07/25 15:29:00,2041.584,703710,SHK0000001,2274,2259,867,4095,4095,4095,0,0,0,0,0,0,0
28/07/25 15:29:01,2042.859,703710,SHK0000001,2284,2265,870,4095,4095,4095,0,0,0,0,0,0,0
28/07/25 15:29:02,2044.136,703710,SHK0000001,2275,2260,868,4095,4095,4095,0,0,0,0,0,0,0
28/07/25 15:29:04,2045.404,703710,SHK0000001,2278,2266,869,4095,4095,4095,0,0,0,0,0,0,0
28/07/25 15:29:05,2046.689,703710,SHK0000001,2280,2257,868,4095,4095,4095,0,0,0,0,0,0,0
28/07/25 15:29:06,2047.967,703710,SHK0000001,2280,2260,867,4095,4095,4095,0,0,0,0,0,0,0
28/07/25 15:29:08,2049.234,703710,SHK0000001,2279,2263,869,4095,4095,4095,0,0,0,0,0,0,0
28/07/25 15:29:09,2050.505,703710,SHK0000001,2273,2259,866,4095,4095,4095,0,0,0,0,0,0,0
28/07/25 15:29:10,2051.787,703710,SHK0000001,2276,2261,868,4095,4095,4095,0,0,0,0,0,0,0
28/07/25 15:29:11,2053.062,703710,SHK0000001,2278,2258,866,4095,4095,4095,0,0,0,0,0,0,0
28/07/25 15:29:13,2054.33,703710,SHK0000001,2273,2260,868,4095,4095,4095,0,0,0,0,0,0,0
28/07/25 15:29:14,2055.612,703710,SHK0000001,2280,2256,867,4095,4095,4095,0,0,0,0,0,0,0
28/07/25 15:29:15,2056.882,703710,SHK0000001,2276,2260,867,4095,4095,4095,0,0,0,0,0,0,0
28/07/25 15:29:17,2058.157,703710,SHK0000001,2276,2259,868,4095,4095,4095,0,0,0,0,0,0,0
28/07/25 15:29:18,2059.441,703710,SHK0000001,2279,2259,866,4095,4095,4095,0,0,0,0,0,0,0
28/07/25 15:29:19,2060.708,703710,SHK0000001,2278,2261,867,4095,4095,4095,0,0,0,0,0,0,0
28/07/25 15:29:20,2061.988,703710,SHK0000001,2275,2259,865,4095,4095,4095,0,0,0,0,0,0,0
28/07/25 15:29:22,2063.267,703710,SHK0000001,2282,2270,867,4095,4095,4095,0,0,0,0,0,0,0
28/07/25 15:29:23,2064.536,703710,SHK0000001,2280,2259,866,4095,4095,4095,0,0,0,0,0,0,0
28/07/25 15:29:24,2065.81,703710,SHK0000001,2279,2253,866,4095,4095,4095,0,0,0,0,0,0,0
28/07/25 15:29:25,2067.081,703710,SHK0000001,2277,2259,867,4095,4095,4095,0,0,0,0,0,0,0
28/07/25 15:29:27,2068.365,703710,SHK0000001,2274,2253,865,4095,4095,4095,0,0,0,0,0,0,0
28/07/25 15:29:28,2069.633,703710,SHK0000001,2276,2259,867,4095,4095,4095,0,0,0,0,0,0,0
28/07/25 15:29:29,2070.915,703710,SHK0000001,2278,2259,864,4095,4095,4095,0,0,0,0,0,0,0
28/07/25 15:29:31,2072.187,703710,SHK0000001,2274,2257,866,4095,4095,4095,0,0,0,0,0,0,0
28/07/25 15:29:32,2073.465,703710,SHK0000001,2273,2255,865,4095,4095,4095,0,0,0,0,0,0,0
28/07/25 15:29:33,2074.736,703710,SHK0000001,2274,2256,865,4095,4095,4095,0,0,0,0,0,0,0
28/07/25 15:29:34,2076.015,703710,SHK0000001,2274,2259,866,4095,4095,4095,0,0,0,0,0,0,0
28/07/25 15:29:36,2077.287,703710,SHK0000001,2275,2254,863,4095,4095,4095,0,0,0,0,0,0,0
28/07/25 15:29:37,2078.554,703710,SHK0000001,2270,2260,866,4095,4095,4095,0,0,0,0,0,0,0
28/07/25 15:29:38,2079.833,703710,SHK0000001,2277,2249,863,4095,4095,4095,0,0,0,0,0,0,0
28/07/25 15:29:39,2081.117,703710,SHK0000001,2268,2257,865,4095,4095,4095,0,0,0,0,0,0,0
28/07/25 15:29:41,2082.388,703710,SHK0000001,2269,2257,863,4095,4095,4095,0,0,0,0,0,0,0
28/07/25 15:29:42,2083.654,703710,SHK0000001,2268,2259,864,4095,4095,4095,0,0,0,0,0,0,0
28/07/25 15:29:43,2084.934,703710,SHK0000001,2278,2259,864,4095,4095,4095,0,0,0,0,0,0,0
28/07/25 15:29:45,2086.214,703710,SHK0000001,2278,2254,863,4095,4095,4095,0,0,0,0,0,0,0
28/07/25 15:29:46,2087.484,703710,SHK0000001,2266,2253,864,4095,4095,4095,0,0,0,0,0,0,0
28/07/25 15:29:47,2088.762,703710,SHK0000001,2269,2252,862,4095,4095,4095,0,0,0,0,0,0,0
28/07/25 15:29:48,2090.033,703710,SHK0000001,2274,2255,864,4095,4095,4095,0,0,0,0,0,0,0
28/07/25 15:29:50,2091.314,703710,SHK0000001,2272,2260,862,4095,4095,4095,0,0,0,0,0,0,0
28/07/25 15:29:51,2092.584,703710,SHK0000001,2269,2255,864,4095,4095,4095,0,0,0,0,0,0,0
28/07/25 15:29:52,2093.865,703710,SHK0000001,2275,2249,864,4095,4095,4095,0,0,0,0,0,0,0
28/07/25 15:29:53,2095.131,703710,SHK0000001,2271,2250,862,4095,4095,4095,0,0,0,0,0,0,0
28/07/25 15:29:55,2096.413,703710,SHK0000001,2276,2252,864,4095,4095,4095,0,0,0,0,0,0,0
28/07/25 15:29:56,2097.692,703710,SHK0000001,2264,2258,862,4095,4095,4095,0,0,0,0,0,0,0
28/07/25 15:29:57,2098.963,703710,SHK0000001,2276,2256,864,4095,4095,4095,0,0,0,0,0,0,0
28/07/25 15:29:59,2100.232,703710,SHK0000001,2270,2255,862,4095,4095,4095,0,0,0,0,0,0,0
28/07/25 15:30:00,2101.509,703710,SHK0000001,2273,2250,863,4095,4095,4095,0,0,0,0,0,0,0
28/07/25 15:30:01,2102.789,703710,SHK0000001,2274,2252,862,4095,4095,4095,0,0,0,0,0,0,0
28/07/25 15:30:02,2104.064,703710,SHK0000001,2272,2252,862,4095,4095,4095,0,0,0,0,0,0,0
28/07/25 15:30:04,2105.342,703710,SHK0000001,2271,2254,864,4095,4095,4095,0,0,0,0,0,0,0
28/07/25 15:30:05,2106.61,703710,SHK0000001,2271,2247,861,4095,4095,4095,0,0,0,0,0,0,0
28/07/25 15:30:06,2107.891,703710,SHK0000001,2272,2249,863,4095,4095,4095,0,0,0,0,0,0,0
28/07/25 15:30:08,2109.161,703710,SHK0000001,2269,2256,860,4095,4095,4095,0,0,0,0,0,0,0
28/07/25 15:30:09,2110.432,703710,SHK0000001,2266,2257,861,4095,4095,4095,0,0,0,0,0,0,0
28/07/25 15:30:10,2111.715,703710,SHK0000001,2271,2249,861,4095,4095,4095,0,0,0,0,0,0,0
28/07/25 15:30:11,2112.993,703710,SHK0000001,2265,2248,861,4095,4095,4095,0,0,0,0,0,0,0
28/07/25 15:30:13,2114.263,703710,SHK0000001,2270,2255,862,4095,4095,4095,0,0,0,0,0,0,0
28/07/25 15:30:14,2115.537,703710,SHK0000001,2266,2255,860,4095,4095,4095,0,0,0,0,0,0,0
28/07/25 15:30:15,2116.815,703710,SHK0000001,2275,2251,862,4095,4095,4095,0,0,0,0,0,0,0
28/07/25 15:30:16,2118.086,703710,SHK0000001,2264,2248,861,4095,4095,4095,0,0,0,0,0,0,0
28/07/25 15:30:18,2119.368,703710,SHK0000001,2269,2248,860,4095,4095,4095,0,0,0,0,0,0,0
28/07/25 15:30:19,2120.642,703710,SHK0000001,2267,2258,862,4095,4095,4095,0,0,0,0,0,0,0
28/07/25 15:30:20,2121.917,703710,SHK0000001,2265,2251,859,4095,4095,4095,0,0,0,0,0,0,0
28/07/25 15:30:22,2123.181,703710,SHK0000001,2267,2255,861,4095,4095,4095,0,0,0,0,0,0,0
28/07/25 15:30:23,2124.464,703710,SHK0000001,2268,2250,860,4095,4095,4095,0,0,0,0,0,0,0
28/07/25 15:30:24,2125.74,703710,SHK0000001,2266,2248,860,4095,4095,4095,0,0,0,0,0,0,0
28/07/25 15:30:25,2127.01,703710,SHK0000001,2270,2249,861,4095,4095,4095,0,0,0,0,0,0,0
28/07/25 15:30:27,2128.285,703710,SHK0000001,2267,2254,859,4095,4095,4095,0,0,0,0,0,0,0
28/07/25 15:30:28,2129.56,703710,SHK0000001,2271,2249,861,4095,4095,4095,0,0,0,0,0,0,0
28/07/25 15:30:29,2130.84,703710,SHK0000001,2268,2249,858,4095,4095,4095,0,0,0,0,0,0,0
28/07/25 15:30:30,2132.118,703710,SHK0000001,2263,2247,860,4095,4095,4095,0,0,0,0,0,0,0
28/07/25 15:30:32,2133.39,703710,SHK0000001,2264,2253,859,4095,4095,4095,0,0,0,0,0,0,0
28/07/25 15:30:33,2134.664,703710,SHK0000001,2270,2246,859,4095,4095,4095,0,0,0,0,0,0,0
28/07/25 15:30:34,2135.939,703710,SHK0000001,2259,2256,860,4095,4095,4095,0,0,0,0,0,0,0
28/07/25 15:30:36,2137.211,703710,SHK0000001,2267,2244,859,4095,4095,4095,0,0,0,0,0,0,0
28/07/25 15:30:37,2138.487,703710,SHK0000001,2270,2250,860,4095,4095,4095,0,0,0,0,0,0,0
28/07/25 15:30:38,2139.765,703710,SHK0000001,2263,2243,858,4095,4095,4095,0,0,0,0,0,0,0
28/07/25 15:30:39,2141.035,703710,SHK0000001,2271,2254,859,4095,4095,4095,0,0,0,0,0,0,0
28/07/25 15:30:41,2142.312,703710,SHK0000001,2262,2250,859,4095,4095,4095,0,0,0,0,0,0,0
28/07/25 15:30:42,2143.588,703710,SHK0000001,2267,2245,858,4095,4095,4095,0,0,0,0,0,0,0
28/07/25 15:30:43,2144.87,703710,SHK0000001,2264,2255,859,4095,4095,4095,0,0,0,0,0,0,0
28/07/25 15:30:44,2146.143,703710,SHK0000001,2268,2245,857,4095,4095,4095,0,0,0,0,0,0,0
28/07/25 15:30:46,2147.417,703710,SHK0000001,2261,2249,859,4095,4095,4095,0,0,0,0,0,0,0
28/07/25 15:30:47,2148.687,703710,SHK0000001,2269,2250,858,4095,4095,4095,0,0,0,0,0,0,0
28/07/25 15:30:48,2149.96,703710,SHK0000001,2267,2251,858,4095,4095,4095,0,0,0,0,0,0,0
28/07/25 15:30:50,2151.244,703710,SHK0000001,2266,2242,858,4095,4095,4095,0,0,0,0,0,0,0
28/07/25 15:30:51,2152.513,703710,SHK0000001,2268,2241,858,4095,4095,4095,0,0,0,0,0,0,0
28/07/25 15:30:52,2153.79,703710,SHK0000001,2269,2250,859,4095,4095,4095,0,0,0,0,0,0,0
28/07/25 15:30:53,2155.065,703710,SHK0000001,2259,2243,856,4095,4095,4095,0,0,0,0,0,0,0
28/07/25 15:30:55,2156.336,703710,SHK0000001,2261,2253,859,4095,4095,4095,0,0,0,0,0,0,0
28/07/25 15:30:56,2157.614,703710,SHK0000001,2264,2236,856,4095,4095,4095,0,0,0,0,0,0,0
28/07/25 15:30:57,2158.888,703710,SHK0000001,2262,2250,858,4095,4095,4095,0,0,0,0,0,0,0
28/07/25 15:30:59,2160.164,703710,SHK0000001,2267,2243,856,4095,4095,4095,0,0,0,0,0,0,0
28/07/25 15:31:00,2161.442,703710,SHK0000001,2259,2238,856,4095,4095,4095,0,0,0,0,0,0,0
28/07/25 15:31:01,2162.719,703710,SHK0000001,2260,2246,856,4095,4095,4095,0,0,0,0,0,0,0
28/07/25 15:31:02,2163.989,703710,SHK0000001,2261,2240,855,4095,4095,4095,0,0,0,0,0,0,0
28/07/25 15:31:04,2165.254,703710,SHK0000001,2256,2244,858,4095,4095,4095,0,0,0,0,0,0,0
28/07/25 15:31:05,2166.539,703710,SHK0000001,2256,2242,855,4095,4095,4095,0,0,0,0,0,0,0
28/07/25 15:31:06,2167.813,703710,SHK0000001,2255,2247,857,4095,4095,4095,0,0,0,0,0,0,0
28/07/25 15:31:07,2169.085,703710,SHK0000001,2265,2240,855,4095,4095,4095,0,0,0,0,0,0,0
28/07/25 15:31:09,2170.364,703710,SHK0000001,2260,2244,855,4095,4095,4095,0,0,0,0,0,0,0
28/07/25 15:31:10,2171.646,703710,SHK0000001,2260,2248,856,4095,4095,4095,0,0,0,0,0,0,0
28/07/25 15:31:11,2172.916,703710,SHK0000001,2257,2233,854,4095,4095,4095,0,0,0,0,0,0,0
28/07/25 15:31:13,2174.189,703710,SHK0000001,2257,2245,856,4095,4095,4095,0,0,0,0,0,0,0
28/07/25 15:31:14,2175.469,703710,SHK0000001,2264,2249,854,4095,4095,4095,0,0,0,0,0,0,0
28/07/25 15:31:15,2176.741,703710,SHK0000001,2257,2247,856,4095,4095,4095,0,0,0,0,0,0,0
28/07/25 15:31:16,2178.014,703710,SHK0000001,2261,2245,854,4095,4095,4095,0,0,0,0,0,0,0
28/07/25 15:31:18,2179.292,703710,SHK0000001,2259,2249,856,4095,4095,4095,0,0,0,0,0,0,0
28/07/25 15:31:19,2180.564,703710,SHK0000001,2260,2235,855,4095,4095,4095,0,0,0,0,0,0,0
28/07/25 15:31:20,2181.835,703710,SHK0000001,2261,2242,855,4095,4095,4095,0,0,0,0,0,0,0
28/07/25 15:31:21,2183.118,703710,SHK0000001,2258,2240,855,4095,4095,4095,0,0,0,0,0,0,0
28/07/25 15:31:23,2184.389,703710,SHK0000001,2261,2237,854,4095,4095,4095,0,0,0,0,0,0,0
28/07/25 15:31:24,2185.664,703710,SHK0000001,2260,2245,855,4095,4095,4095,0,0,0,0,0,0,0
28/07/25 15:31:25,2186.944,703710,SHK0000001,2260,2245,854,4095,4095,4095,0,0,0,0,0,0,0
28/07/25 15:31:27,2188.216,703710,SHK0000001,2253,2242,855,4095,4095,4095,0,0,0,0,0,0,0
28/07/25 15:31:28,2189.488,703710,SHK0000001,2262,2241,854,4095,4095,4095,0,0,0,0,0,0,0
28/07/25 15:31:29,2190.765,703710,SHK0000001,2257,2241,853,4095,4095,4095,0,0,0,0,0,0,0
28/07/25 15:31:30,2192.038,703710,SHK0000001,2255,2245,854,4095,4095,4095,0,0,0,0,0,0,0
28/07/25 15:31:32,2193.316,703710,SHK0000001,2254,2240,854,4095,4095,4095,0,0,0,0,0,0,0
28/07/25 15:31:33,2194.591,703710,SHK0000001,2251,2249,855,4095,4095,4095,0,0,0,0,0,0,0
28/07/25 15:31:34,2195.863,703710,SHK0000001,2259,2245,853,4095,4095,4095,0,0,0,0,0,0,0
28/07/25 15:31:35,2197.143,703710,SHK0000001,2260,2246,855,4095,4095,4095,0,0,0,0,0,0,0
28/07/25 15:31:37,2198.418,703710,SHK0000001,2257,2245,853,4095,4095,4095,0,0,0,0,0,0,0
28/07/25 15:31:38,2199.689,703710,SHK0000001,2254,2236,855,4095,4095,4095,0,0,0,0,0,0,0
28/07/25 15:31:39,2200.97,703710,SHK0000001,2255,2242,853,4095,4095,4095,0,0,0,0,0,0,0
28/07/25 15:31:41,2202.244,703710,SHK0000001,2257,2239,853,4095,4095,4095,0,0,0,0,0,0,0
28/07/25 15:31:42,2203.513,703710,SHK0000001,2260,2241,854,4095,4095,4095,0,0,0,0,0,0,0
28/07/25 15:31:43,2204.791,703710,SHK0000001,2254,2240,852,4095,4095,4095,0,0,0,0,0,0,0
28/07/25 15:31:44,2206.068,703710,SHK0000001,2257,2235,855,4095,4095,4095,0,0,0,0,0,0,0
28/07/25 15:31:46,2207.341,703710,SHK0000001,2254,2239,852,4095,4095,4095,0,0,0,0,0,0,0
28/07/25 15:31:47,2208.62,703710,SHK0000001,2253,2240,853,4095,4095,4095,0,0,0,0,0,0,0
28/07/25 15:31:48,2209.891,703710,SHK0000001,2250,2240,852,4095,4095,4095,0,0,0,0,0,0,0
28/07/25 15:31:50,2211.163,703710,SHK0000001,2259,2237,852,4095,4095,4095,0,0,0,0,0,0,0
28/07/25 15:31:51,2212.444,703710,SHK0000001,2250,2243,853,4095,4095,4095,0,0,0,0,0,0,0
28/07/25 15:31:52,2213.707,703710,SHK0000001,2254,2230,851,4095,4095,4095,0,0,0,0,0,0,0
28/07/25 15:31:53,2214.988,703710,SHK0000001,2258,2237,854,4095,4095,4095,0,0,0,0,0,0,0
28/07/25 15:31:55,2216.254,703710,SHK0000001,2246,2241,851,4095,4095,4095,0,0,0,0,0,0,0
28/07/25 15:31:56,2217.538,703710,SHK0000001,2252,2246,853,4095,4095,4095,0,0,0,0,0,0,0
28/07/25 15:31:57,2218.82,703710,SHK0000001,2255,2240,852,4095,4095,4095,0,0,0,0,0,0,0
28/07/25 15:31:58,2220.088,703710,SHK0000001,2259,2238,852,4095,4095,4095,0,0,0,0,0,0,0
28/07/25 15:32:00,2221.367,703710,SHK0000001,2249,2231,852,4095,4095,4095,0,0,0,0,0,0,0
28/07/25 15:32:01,2222.647,703710,SHK0000001,2250,2238,851,4095,4095,4095,0,0,0,0,0,0,0
28/07/25 15:32:02,2223.916,703710,SHK0000001,2253,2237,852,4095,4095,4095,0,0,0,0,0,0,0
28/07/25 15:32:04,2225.191,703710,SHK0000001,2245,2241,851,4095,4095,4095,0,0,0,0,0,0,0
28/07/25 15:32:05,2226.457,703710,SHK0000001,2253,2241,852,4095,4095,4095,0,0,0,0,0,0,0
28/07/25 15:32:06,2227.74,703710,SHK0000001,2253,2236,851,4095,4095,4095,0,0,0,0,0,0,0
28/07/25 15:32:07,2229.014,703710,SHK0000001,2250,2236,851,4095,4095,4095,0,0,0,0,0,0,0
28/07/25 15:32:09,2230.294,703710,SHK0000001,2255,2238,852,4095,4095,4095,0,0,0,0,0,0,0
28/07/25 15:32:10,2231.569,703710,SHK0000001,2256,2237,850,4095,4095,4095,0,0,0,0,0,0,0
28/07/25 15:32:11,2232.841,703710,SHK0000001,2253,2238,852,4095,4095,4095,0,0,0,0,0,0,0
28/07/25 15:32:12,2234.117,703710,SHK0000001,2248,2235,850,4095,4095,4095,0,0,0,0,0,0,0
28/07/25 15:32:14,2235.388,703710,SHK0000001,2246,2238,850,4095,4095,4095,0,0,0,0,0,0,0
28/07/25 15:32:15,2236.672,703710,SHK0000001,2256,2236,851,4095,4095,4095,0,0,0,0,0,0,0
28/07/25 15:32:16,2237.941,703710,SHK0000001,2252,2236,849,4095,4095,4095,0,0,0,0,0,0,0
28/07/25 15:32:18,2239.219,703710,SHK0000001,2250,2238,852,4095,4095,4095,0,0,0,0,0,0,0
28/07/25 15:32:19,2240.493,703710,SHK0000001,2256,2238,849,4095,4095,4095,0,0,0,0,0,0,0
28/07/25 15:32:20,2241.763,703710,SHK0000001,2249,2233,850,4095,4095,4095,0,0,0,0,0,0,0
28/07/25 15:32:21,2243.045,703710,SHK0000001,2252,2245,848,4095,4095,4095,0,0,0,0,0,0,0
28/07/25 15:32:23,2244.314,703710,SHK0000001,2254,2230,850,4095,4095,4095,0,0,0,0,0,0,0
28/07/25 15:32:24,2245.587,703710,SHK0000001,2253,2236,849,4095,4095,4095,0,0,0,0,0,0,0
28/07/25 15:32:25,2246.871,703710,SHK0000001,2244,2231,849,4095,4095,4095,0,0,0,0,0,0,0
28/07/25 15:32:26,2248.145,703710,SHK0000001,2249,2238,851,4095,4095,4095,0,0,0,0,0,0,0
28/07/25 15:32:28,2249.414,703710,SHK0000001,2250,2234,848,4095,4095,4095,0,0,0,0,0,0,0
28/07/25 15:32:29,2250.691,703710,SHK0000001,2246,2236,851,4095,4095,4095,0,0,0,0,0,0,0
28/07/25 15:32:30,2251.965,703710,SHK0000001,2249,2240,849,4095,4095,4095,0,0,0,0,0,0,0
28/07/25 15:32:32,2253.244,703710,SHK0000001,2243,2235,849,4095,4095,4095,0,0,0,0,0,0,0
28/07/25 15:32:33,2254.514,703710,SHK0000001,2249,2239,850,4095,4095,4095,0,0,0,0,0,0,0
28/07/25 15:32:34,2255.794,703710,SHK0000001,2253,2231,848,4095,4095,4095,0,0,0,0,0,0,0
28/07/25 15:32:35,2257.064,703710,SHK0000001,2250,2235,849,4095,4095,4095,0,0,0,0,0,0,0
28/07/25 15:32:37,2258.337,703710,SHK0000001,2242,2234,848,4095,4095,4095,0,0,0,0,0,0,0
28/07/25 15:32:38,2259.614,703710,SHK0000001,2248,2236,849,4095,4095,4095,0,0,0,0,0,0,0
28/07/25 15:32:39,2260.896,703710,SHK0000001,2246,2234,848,4095,4095,4095,0,0,0,0,0,0,0
28/07/25 15:32:41,2262.172,703710,SHK0000001,2251,2233,848,4095,4095,4095,0,0,0,0,0,0,0
28/07/25 15:32:42,2263.448,703710,SHK0000001,2245,2235,849,4095,4095,4095,0,0,0,0,0,0,0
28/07/25 15:32:43,2264.71,703710,SHK0000001,2253,2224,847,4095,4095,4095,0,0,0,0,0,0,0
28/07/25 15:32:44,2265.989,703710,SHK0000001,2248,2230,849,4095,4095,4095,0,0,0,0,0,0,0
28/07/25 15:32:46,2267.273,703710,SHK0000001,2246,2230,846,4095,4095,4095,0,0,0,0,0,0,0
28/07/25 15:32:47,2268.545,703710,SHK0000001,2251,2232,848,4095,4095,4095,0,0,0,0,0,0,0
28/07/25 15:32:48,2269.811,703710,SHK0000001,2247,2231,847,4095,4095,4095,0,0,0,0,0,0,0
28/07/25 15:32:49,2271.087,703710,SHK0000001,2247,2228,847,4095,4095,4095,0,0,0,0,0,0,0
28/07/25 15:32:51,2272.368,703710,SHK0000001,2247,2229,849,4095,4095,4095,0,0,0,0,0,0,0
28/07/25 15:32:52,2273.637,703710,SHK0000001,2244,2232,846,4095,4095,4095,0,0,0,0,0,0,0
28/07/25 15:32:53,2274.916,703710,SHK0000001,2243,2234,849,4095,4095,4095,0,0,0,0,0,0,0
28/07/25 15:32:55,2276.183,703710,SHK0000001,2244,2231,847,4095,4095,4095,0,0,0,0,0,0,0
28/07/25 15:32:56,2277.471,703710,SHK0000001,2253,2236,848,4095,4095,4095,0,0,0,0,0,0,0
28/07/25 15:32:57,2278.742,703710,SHK0000001,2251,2228,847,4095,4095,4095,0,0,0,0,0,0,0
28/07/25 15:32:58,2280.013,703710,SHK0000001,2242,2230,847,4095,4095,4095,0,0,0,0,0,0,0
28/07/25 15:33:00,2281.288,703710,SHK0000001,2240,2229,848,4095,4095,4095,0,0,0,0,0,0,0
28/07/25 15:33:01,2282.572,703710,SHK0000001,2247,2227,846,4095,4095,4095,0,0,0,0,0,0,0
28/07/25 15:33:02,2283.84,703710,SHK0000001,2253,2234,847,4095,4095,4095,0,0,0,0,0,0,0
28/07/25 15:33:03,2285.115,703710,SHK0000001,2247,2236,846,4095,4095,4095,0,0,0,0,0,0,0
28/07/25 15:33:05,2286.388,703710,SHK0000001,2241,2235,848,4095,4095,4095,0,0,0,0,0,0,0
28/07/25 15:33:06,2287.667,703710,SHK0000001,2245,2227,847,4095,4095,4095,0,0,0,0,0,0,0
28/07/25 15:33:07,2288.944,703710,SHK0000001,2246,2226,846,4095,4095,4095,0,0,0,0,0,0,0
28/07/25 15:33:09,2290.214,703710,SHK0000001,2242,2229,848,4095,4095,4095,0,0,0,0,0,0,0
28/07/25 15:33:10,2291.498,703710,SHK0000001,2243,2225,845,4095,4095,4095,0,0,0,0,0,0,0
28/07/25 15:33:11,2292.767,703710,SHK0000001,2242,2238,848,4095,4095,4095,0,0,0,0,0,0,0
28/07/25 15:33:12,2294.044,703710,SHK0000001,2248,2232,845,4095,4095,4095,0,0,0,0,0,0,0
28/07/25 15:33:14,2295.317,703710,SHK0000001,2249,2228,848,4095,4095,4095,0,0,0,0,0,0,0
28/07/25 15:33:15,2296.597,703710,SHK0000001,2247,2227,846,4095,4095,4095,0,0,0,0,0,0,0
28/07/25 15:33:16,2297.866,703710,SHK0000001,2245,2224,846,4095,4095,4095,0,0,0,0,0,0,0
28/07/25 15:33:17,2299.14,703710,SHK0000001,2245,2229,846,4095,4095,4095,0,0,0,0,0,0,0
28/07/25 15:33:19,2300.419,703710,SHK0000001,2247,2226,846,4095,4095,4095,0,0,0,0,0,0,0
28/07/25 15:33:20,2301.695,703710,SHK0000001,2243,2229,847,4095,4095,4095,0,0,0,0,0,0,0
28/07/25 15:33:21,2302.964,703710,SHK0000001,2242,2227,845,4095,4095,4095,0,0,0,0,0,0,0
28/07/25 15:33:23,2304.238,703710,SHK0000001,2237,2228,847,4095,4095,4095,0,0,0,0,0,0,0
28/07/25 15:33:24,2305.52,703710,SHK0000001,2246,2224,845,4095,4095,4095,0,0,0,0,0,0,0
28/07/25 15:33:25,2306.791,703710,SHK0000001,2248,2229,847,4095,4095,4095,0,0,0,0,0,0,0
28/07/25 15:33:26,2308.067,703710,SHK0000001,2244,2233,845,4095,4095,4095,0,0,0,0,0,0,0
28/07/25 15:33:28,2309.344,703710,SHK0000001,2250,2232,846,4095,4095,4095,0,0,0,0,0,0,0
28/07/25 15:33:29,2310.615,703710,SHK0000001,2239,2224,847,4095,4095,4095,0,0,0,0,0,0,0
28/07/25 15:33:30,2311.895,703710,SHK0000001,2244,2227,844,4095,4095,4095,0,0,0,0,0,0,0
28/07/25 15:33:32,2313.165,703710,SHK0000001,2242,2223,846,4095,4095,4095,0,0,0,0,0,0,0
28/07/25 15:33:33,2314.445,703710,SHK0000001,2237,2226,844,4095,4095,4095,0,0,0,0,0,0,0
28/07/25 15:33:34,2315.719,703710,SHK0000001,2244,2231,846,4095,4095,4095,0,0,0,0,0,0,0
28/07/25 15:33:35,2316.989,703710,SHK0000001,2241,2226,844,4095,4095,4095,0,0,0,0,0,0,0
28/07/25 15:33:37,2318.269,703710,SHK0000001,2243,2227,845,4095,4095,4095,0,0,0,0,0,0,0
28/07/25 15:33:38,2319.54,703710,SHK0000001,2244,2231,845,4095,4095,4095,0,0,0,0,0,0,0
28/07/25 15:33:39,2320.822,703710,SHK0000001,2243,2227,844,4095,4095,4095,0,0,0,0,0,0,0
28/07/25 15:33:40,2322.093,703710,SHK0000001,2239,2230,846,4095,4095,4095,0,0,0,0,0,0,0
28/07/25 15:33:42,2323.368,703710,SHK0000001,2239,2224,843,4095,4095,4095,0,0,0,0,0,0,0
28/07/25 15:33:43,2324.638,703710,SHK0000001,2241,2230,845,4095,4095,4095,0,0,0,0,0,0,0
28/07/25 15:33:44,2325.923,703710,SHK0000001,2247,2218,844,4095,4095,4095,0,0,0,0,0,0,0
28/07/25 15:33:46,2327.192,703710,SHK0000001,2246,2233,844,4095,4095,4095,0,0,0,0,0,0,0
28/07/25 15:33:47,2328.472,703710,SHK0000001,2248,2228,844,4095,4095,4095,0,0,0,0,0,0,0
28/07/25 15:33:48,2329.739,703710,SHK0000001,2244,2223,843,4095,4095,4095,0,0,0,0,0,0,0
28/07/25 15:33:49,2331.018,703710,SHK0000001,2247,2225,845,4095,4095,4095,0,0,0,0,0,0,0
28/07/25 15:33:51,2332.285,703710,SHK0000001,2240,2226,843,4095,4095,4095,0,0,0,0,0,0,0
28/07/25 15:33:52,2333.57,703710,SHK0000001,2242,2222,845,4095,4095,4095,0,0,0,0,0,0,0
28/07/25 15:33:53,2334.85,703710,SHK0000001,2240,2219,843,4095,4095,4095,0,0,0,0,0,0,0
28/07/25 15:33:54,2336.118,703710,SHK0000001,2241,2220,843,4095,4095,4095,0,0,0,0,0,0,0
28/07/25 15:33:56,2337.394,703710,SHK0000001,2247,2227,844,4095,4095,4095,0,0,0,0,0,0,0
28/07/25 15:33:57,2338.665,703710,SHK0000001,2237,2229,843,4095,4095,4095,0,0,0,0,0,0,0
28/07/25 15:33:58,2339.946,703710,SHK0000001,2240,2223,844,4095,4095,4095,0,0,0,0,0,0,0
28/07/25 15:34:00,2341.218,703710,SHK0000001,2242,2220,842,4095,4095,4095,0,0,0,0,0,0,0
28/07/25 15:34:01,2342.496,703710,SHK0000001,2237,2225,843,4095,4095,4095,0,0,0,0,0,0,0
28/07/25 15:34:02,2343.769,703710,SHK0000001,2233,2227,843,4095,4095,4095,0,0,0,0,0,0,0
28/07/25 15:34:03,2345.038,703710,SHK0000001,2234,2227,842,4095,4095,4095,0,0,0,0,0,0,0
28/07/25 15:34:05,2346.315,703710,SHK0000001,2239,2222,843,4095,4095,4095,0,0,0,0,0,0,0
28/07/25 15:34:06,2347.592,703710,SHK0000001,2230,2231,842,4095,4095,4095,0,0,0,0,0,0,0
28/07/25 15:34:07,2348.871,703710,SHK0000001,2239,2220,844,4095,4095,4095,0,0,0,0,0,0,0
28/07/25 15:34:08,2350.139,703710,SHK0000001,2238,2229,841,4095,4095,4095,0,0,0,0,0,0,0
28/07/25 15:34:10,2351.422,703710,SHK0000001,2240,2222,844,4095,4095,4095,0,0,0,0,0,0,0
28/07/25 15:34:11,2352.694,703710,SHK0000001,2237,2224,842,4095,4095,4095,0,0,0,0,0,0,0
28/07/25 15:34:12,2353.973,703710,SHK0000001,2245,2229,842,4095,4095,4095,0,0,0,0,0,0,0
28/07/25 15:34:14,2355.247,703710,SHK0000001,2234,2215,843,4095,4095,4095,0,0,0,0,0,0,0
28/07/25 15:34:15,2356.519,703710,SHK0000001,2237,2218,841,4095,4095,4095,0,0,0,0,0,0,0
28/07/25 15:34:16,2357.792,703710,SHK0000001,2240,2221,843,4095,4095,4095,0,0,0,0,0,0,0
28/07/25 15:34:17,2359.067,703710,SHK0000001,2235,2221,840,4095,4095,4095,0,0,0,0,0,0,0
28/07/25 15:34:19,2360.344,703710,SHK0000001,2238,2225,843,4095,4095,4095,0,0,0,0,0,0,0
28/07/25 15:34:20,2361.614,703710,SHK0000001,2230,2222,840,4095,4095,4095,0,0,0,0,0,0,0
28/07/25 15:34:21,2362.893,703710,SHK0000001,2235,2217,843,4095,4095,4095,0,0,0,0,0,0,0
28/07/25 15:34:23,2364.172,703710,SHK0000001,2235,2223,841,4095,4095,4095,0,0,0,0,0,0,0
28/07/25 15:34:24,2365.437,703710,SHK0000001,2240,2218,841,4095,4095,4095,0,0,0,0,0,0,0
28/07/25 15:34:25,2366.718,703710,SHK0000001,2229,2229,841,4095,4095,4095,0,0,0,0,0,0,0
28/07/25 15:34:26,2367.996,703710,SHK0000001,2233,2217,840,4095,4095,4095,0,0,0,0,0,0,0
28/07/25 15:34:28,2369.27,703710,SHK0000001,2237,2223,842,4095,4095,4095,0,0,0,0,0,0,0
28/07/25 15:34:29,2370.54,703710,SHK0000001,2238,2218,840,4095,4095,4095,0,0,0,0,0,0,0
28/07/25 15:34:30,2371.818,703710,SHK0000001,2236,2222,842,4095,4095,4095,0,0,0,0,0,0,0
28/07/25 15:34:31,2373.099,703710,SHK0000001,2236,2222,840,4095,4095,4095,0,0,0,0,0,0,0
28/07/25 15:34:33,2374.369,703710,SHK0000001,2242,2226,841,4095,4095,4095,0,0,0,0,0,0,0
28/07/25 15:34:34,2375.646,703710,SHK0000001,2234,2226,842,4095,4095,4095,0,0,0,0,0,0,0
28/07/25 15:34:35,2376.917,703710,SHK0000001,2231,2225,840,4095,4095,4095,0,0,0,0,0,0,0
28/07/25 15:34:37,2378.189,703710,SHK0000001,2235,2219,842,4095,4095,4095,0,0,0,0,0,0,0
28/07/25 15:34:38,2379.47,703710,SHK0000001,2234,2215,840,4095,4095,4095,0,0,0,0,0,0,0
28/07/25 15:34:39,2380.749,703710,SHK0000001,2231,2222,842,4095,4095,4095,0,0,0,0,0,0,0
28/07/25 15:34:40,2382.015,703710,SHK0000001,2240,2226,839,4095,4095,4095,0,0,0,0,0,0,0
28/07/25 15:34:42,2383.293,703710,SHK0000001,2228,2223,841,4095,4095,4095,0,0,0,0,0,0,0
28/07/25 15:34:43,2384.574,703710,SHK0000001,2236,2223,840,4095,4095,4095,0,0,0,0,0,0,0
28/07/25 15:34:44,2385.844,703710,SHK0000001,2237,2225,840,4095,4095,4095,0,0,0,0,0,0,0
28/07/25 15:34:45,2387.115,703710,SHK0000001,2235,2221,841,4095,4095,4095,0,0,0,0,0,0,0
28/07/25 15:34:47,2388.395,703710,SHK0000001,2234,2215,839,4095,4095,4095,0,0,0,0,0,0,0
28/07/25 15:34:48,2389.667,703710,SHK0000001,2229,2224,841,4095,4095,4095,0,0,0,0,0,0,0
28/07/25 15:34:49,2390.948,703710,SHK0000001,2238,2223,838,4095,4095,4095,0,0,0,0,0,0,0
28/07/25 15:34:51,2392.22,703710,SHK0000001,2232,2224,841,4095,4095,4095,0,0,0,0,0,0,0
28/07/25 15:34:52,2393.495,703710,SHK0000001,2234,2218,839,4095,4095,4095,0,0,0,0,0,0,0
28/07/25 15:34:53,2394.764,703710,SHK0000001,2232,2215,839,4095,4095,4095,0,0,0,0,0,0,0
28/07/25 15:34:54,2396.045,703710,SHK0000001,2232,2214,841,4095,4095,4095,0,0,0,0,0,0,0
28/07/25 15:34:56,2397.314,703710,SHK0000001,2235,2219,838,4095,4095,4095,0,0,0,0,0,0,0
28/07/25 15:34:57,2398.594,703710,SHK0000001,2225,2220,841,4095,4095,4095,0,0,0,0,0,0,0
28/07/25 15:34:58,2399.865,703710,SHK0000001,2233,2218,839,4095,4095,4095,0,0,0,0,0,0,0
28/07/25 15:35:00,2401.147,703710,SHK0000001,2229,2224,840,4095,4095,4095,0,0,0,0,0,0,0
28/07/25 15:35:01,2402.421,703710,SHK0000001,2237,2215,840,4095,4095,4095,0,0,0,0,0,0,0
28/07/25 15:35:02,2403.702,703710,SHK0000001,2234,2217,838,4095,4095,4095,0,0,0,0,0,0,0
28/07/25 15:35:03,2404.97,703710,SHK0000001,2231,2219,840,4095,4095,4095,0,0,0,0,0,0,0
28/07/25 15:35:05,2406.249,703710,SHK0000001,2233,2219,838,4095,4095,4095,0,0,0,0,0,0,0
28/07/25 15:35:06,2407.519,703710,SHK0000001,2234,2212,840,4095,4095,4095,0,0,0,0,0,0,0
28/07/25 15:35:07,2408.794,703710,SHK0000001,2236,2215,838,4095,4095,4095,0,0,0,0,0,0,0
28/07/25 15:35:08,2410.065,703710,SHK0000001,2231,2226,838,4095,4095,4095,0,0,0,0,0,0,0
28/07/25 15:35:10,2411.347,703710,SHK0000001,2231,2219,840,4095,4095,4095,0,0,0,0,0,0,0
28/07/25 15:35:11,2412.617,703710,SHK0000001,2230,2215,838,4095,4095,4095,0,0,0,0,0,0,0
28/07/25 15:35:12,2413.89,703710,SHK0000001,2228,2220,840,4095,4095,4095,0,0,0,0,0,0,0
28/07/25 15:35:14,2415.174,703710,SHK0000001,2228,2213,838,4095,4095,4095,0,0,0,0,0,0,0
28/07/25 15:35:15,2416.445,703710,SHK0000001,2227,2219,840,4095,4095,4095,0,0,0,0,0,0,0
28/07/25 15:35:16,2417.721,703710,SHK0000001,2228,2219,839,4095,4095,4095,0,0,0,0,0,0,0
28/07/25 15:35:17,2418.996,703710,SHK0000001,2234,2224,838,4095,4095,4095,0,0,0,0,0,0,0
28/07/25 15:35:19,2420.27,703710,SHK0000001,2235,2216,840,4095,4095,4095,0,0,0,0,0,0,0
28/07/25 15:35:20,2421.544,703710,SHK0000001,2236,2216,837,4095,4095,4095,0,0,0,0,0,0,0
28/07/25 15:35:21,2422.824,703710,SHK0000001,2230,2217,839,4095,4095,4095,0,0,0,0,0,0,0
28/07/25 15:35:22,2424.097,703710,SHK0000001,2233,2221,837,4095,4095,4095,0,0,0,0,0,0,0
28/07/25 15:35:24,2425.375,703710,SHK0000001,2231,2224,839,4095,4095,4095,0,0,0,0,0,0,0
28/07/25 15:35:25,2426.65,703710,SHK0000001,2229,2209,838,4095,4095,4095,0,0,0,0,0,0,0
28/07/25 15:35:26,2427.917,703710,SHK0000001,2234,2217,837,4095,4095,4095,0,0,0,0,0,0,0
28/07/25 15:35:28,2429.201,703710,SHK0000001,2230,2217,838,4095,4095,4095,0,0,0,0,0,0,0
28/07/25 15:35:29,2430.471,703710,SHK0000001,2232,2218,837,4095,4095,4095,0,0,0,0,0,0,0
28/07/25 15:35:30,2431.751,703710,SHK0000001,2230,2214,839,4095,4095,4095,0,0,0,0,0,0,0
28/07/25 15:35:31,2433.023,703710,SHK0000001,2234,2220,836,4095,4095,4095,0,0,0,0,0,0,0
28/07/25 15:35:33,2434.292,703710,SHK0000001,2233,2220,838,4095,4095,4095,0,0,0,0,0,0,0
28/07/25 15:35:34,2435.565,703710,SHK0000001,2234,2212,837,4095,4095,4095,0,0,0,0,0,0,0
28/07/25 15:35:35,2436.848,703710,SHK0000001,2224,2208,837,4095,4095,4095,0,0,0,0,0,0,0
28/07/25 15:35:36,2438.125,703710,SHK0000001,2228,2220,838,4095,4095,4095,0,0,0,0,0,0,0
28/07/25 15:35:38,2439.397,703710,SHK0000001,2232,2217,836,4095,4095,4095,0,0,0,0,0,0,0
28/07/25 15:35:39,2440.674,703710,SHK0000001,2223,2215,838,4095,4095,4095,0,0,0,0,0,0,0
28/07/25 15:35:40,2441.944,703710,SHK0000001,2226,2211,837,4095,4095,4095,0,0,0,0,0,0,0
28/07/25 15:35:42,2443.224,703710,SHK0000001,2224,2214,837,4095,4095,4095,0,0,0,0,0,0,0
28/07/25 15:35:43,2444.494,703710,SHK0000001,2231,2217,837,4095,4095,4095,0,0,0,0,0,0,0
28/07/25 15:35:44,2445.773,703710,SHK0000001,2225,2210,836,4095,4095,4095,0,0,0,0,0,0,0
28/07/25 15:35:45,2447.046,703710,SHK0000001,2229,2218,838,4095,4095,4095,0,0,0,0,0,0,0
28/07/25 15:35:47,2448.329,703710,SHK0000001,2233,2214,836,4095,4095,4095,0,0,0,0,0,0,0
28/07/25 15:35:48,2449.602,703710,SHK0000001,2222,2212,837,4095,4095,4095,0,0,0,0,0,0,0
28/07/25 15:35:49,2450.875,703710,SHK0000001,2228,2218,837,4095,4095,4095,0,0,0,0,0,0,0
28/07/25 15:35:51,2452.149,703710,SHK0000001,2217,2214,836,4095,4095,4095,0,0,0,0,0,0,0
28/07/25 15:35:52,2453.428,703710,SHK0000001,2232,2210,837,4095,4095,4095,0,0,0,0,0,0,0
28/07/25 15:35:53,2454.702,703710,SHK0000001,2231,2212,836,4095,4095,4095,0,0,0,0,0,0,0
28/07/25 15:35:54,2455.963,703710,SHK0000001,2227,2218,837,4095,4095,4095,0,0,0,0,0,0,0
28/07/25 15:35:56,2457.248,703710,SHK0000001,2226,2209,835,4095,4095,4095,0,0,0,0,0,0,0
28/07/25 15:35:57,2458.52,703710,SHK0000001,2231,2213,837,4095,4095,4095,0,0,0,0,0,0,0
28/07/25 15:35:58,2459.799,703710,SHK0000001,2229,2216,835,4095,4095,4095,0,0,0,0,0,0,0
28/07/25 15:35:59,2461.076,703710,SHK0000001,2224,2217,836,4095,4095,4095,0,0,0,0,0,0,0
28/07/25 15:36:01,2462.348,703710,SHK0000001,2228,2212,836,4095,4095,4095,0,0,0,0,0,0,0
28/07/25 15:36:02,2463.618,703710,SHK0000001,2229,2218,835,4095,4095,4095,0,0,0,0,0,0,0
28/07/25 15:36:03,2464.894,703710,SHK0000001,2226,2209,837,4095,4095,4095,0,0,0,0,0,0,0
28/07/25 15:36:05,2466.174,703710,SHK0000001,2231,2209,835,4095,4095,4095,0,0,0,0,0,0,0
28/07/25 15:36:06,2467.455,703710,SHK0000001,2230,2219,836,4095,4095,4095,0,0,0,0,0,0,0
28/07/25 15:36:07,2468.718,703710,SHK0000001,2226,2217,835,4095,4095,4095,0,0,0,0,0,0,0
28/07/25 15:36:08,2469.992,703710,SHK0000001,2233,2217,835,4095,4095,4095,0,0,0,0,0,0,0
28/07/25 15:36:10,2471.274,703710,SHK0000001,2217,2214,836,4095,4095,4095,0,0,0,0,0,0,0
28/07/25 15:36:11,2472.551,703710,SHK0000001,2226,2210,834,4095,4095,4095,0,0,0,0,0,0,0
28/07/25 15:36:12,2473.821,703710,SHK0000001,2226,2214,836,4095,4095,4095,0,0,0,0,0,0,0
28/07/25 15:36:13,2475.096,703710,SHK0000001,2220,2213,834,4095,4095,4095,0,0,0,0,0,0,0
28/07/25 15:36:15,2476.377,703710,SHK0000001,2230,2212,836,4095,4095,4095,0,0,0,0,0,0,0
28/07/25 15:36:16,2477.647,703710,SHK0000001,2224,2209,835,4095,4095,4095,0,0,0,0,0,0,0
28/07/25 15:36:17,2478.925,703710,SHK0000001,2221,2210,835,4095,4095,4095,0,0,0,0,0,0,0
28/07/25 15:36:19,2480.189,703710,SHK0000001,2220,2215,835,4095,4095,4095,0,0,0,0,0,0,0
28/07/25 15:36:20,2481.467,703710,SHK0000001,2234,2214,834,4095,4095,4095,0,0,0,0,0,0,0
28/07/25 15:36:21,2482.754,703710,SHK0000001,2227,2214,836,4095,4095,4095,0,0,0,0,0,0,0
28/07/25 15:36:22,2484.021,703710,SHK0000001,2225,2216,833,4095,4095,4095,0,0,0,0,0,0,0
28/07/25 15:36:24,2485.305,703710,SHK0000001,2223,2215,835,4095,4095,4095,0,0,0,0,0,0,0
28/07/25 15:36:25,2486.575,703710,SHK0000001,2229,2211,833,4095,4095,4095,0,0,0,0,0,0,0
28/07/25 15:36:26,2487.848,703710,SHK0000001,2225,2205,834,4095,4095,4095,0,0,0,0,0,0,0
28/07/25 15:36:27,2489.126,703710,SHK0000001,2222,2207,835,4095,4095,4095,0,0,0,0,0,0,0
28/07/25 15:36:29,2490.403,703710,SHK0000001,2228,2212,833,4095,4095,4095,0,0,0,0,0,0,0
28/07/25 15:36:30,2491.672,703710,SHK0000001,2223,2213,835,4095,4095,4095,0,0,0,0,0,0,0
28/07/25 15:36:31,2492.952,703710,SHK0000001,2224,2208,833,4095,4095,4095,0,0,0,0,0,0,0
28/07/25 15:36:33,2494.226,703710,SHK0000001,2221,2212,834,4095,4095,4095,0,0,0,0,0,0,0
28/07/25 15:36:34,2495.501,703710,SHK0000001,2231,2209,834,4095,4095,4095,0,0,0,0,0,0,0
28/07/25 15:36:35,2496.777,703710,SHK0000001,2224,2211,834,4095,4095,4095,0,0,0,0,0,0,0
28/07/25 15:36:36,2498.047,703710,SHK0000001,2218,2207,835,4095,4095,4095,0,0,0,0,0,0,0
28/07/25 15:36:38,2499.323,703710,SHK0000001,2228,2204,832,4095,4095,4095,0,0,0,0,0,0,0
28/07/25 15:36:39,2500.598,703710,SHK0000001,2219,2212,834,4095,4095,4095,0,0,0,0,0,0,0
28/07/25 15:36:40,2501.875,703710,SHK0000001,2226,2206,833,4095,4095,4095,0,0,0,0,0,0,0
28/07/25 15:36:41,2503.144,703710,SHK0000001,2219,2214,834,4095,4095,4095,0,0,0,0,0,0,0
28/07/25 15:36:43,2504.42,703710,SHK0000001,2217,2210,834,4095,4095,4095,0,0,0,0,0,0,0
28/07/25 15:36:44,2505.703,703710,SHK0000001,2223,2205,833,4095,4095,4095,0,0,0,0,0,0,0
28/07/25 15:36:45,2506.973,703710,SHK0000001,2225,2215,834,4095,4095,4095,0,0,0,0,0,0,0
28/07/25 15:36:47,2508.251,703710,SHK0000001,2221,2207,832,4095,4095,4095,0,0,0,0,0,0,0
28/07/25 15:36:48,2509.522,703710,SHK0000001,2220,2205,835,4095,4095,4095,0,0,0,0,0,0,0
28/07/25 15:36:49,2510.801,703710,SHK0000001,2225,2210,833,4095,4095,4095,0,0,0,0,0,0,0
28/07/25 15:36:50,2512.072,703710,SHK0000001,2216,2213,833,4095,4095,4095,0,0,0,0,0,0,0
28/07/25 15:36:52,2513.349,703710,SHK0000001,2220,2213,833,4095,4095,4095,0,0,0,0,0,0,0
28/07/25 15:36:53,2514.621,703710,SHK0000001,2221,2206,832,4095,4095,4095,0,0,0,0,0,0,0
28/07/25 15:36:54,2515.904,703710,SHK0000001,2223,2213,834,4095,4095,4095,0,0,0,0,0,0,0
28/07/25 15:36:56,2517.173,703710,SHK0000001,2211,2204,832,4095,4095,4095,0,0,0,0,0,0,0
28/07/25 15:36:57,2518.448,703710,SHK0000001,2217,2207,834,4095,4095,4095,0,0,0,0,0,0,0
28/07/25 15:36:58,2519.723,703710,SHK0000001,2222,2213,832,4095,4095,4095,0,0,0,0,0,0,0
28/07/25 15:36:59,2521.002,703710,SHK0000001,2221,2212,833,4095,4095,4095,0,0,0,0,0,0,0
28/07/25 15:37:01,2522.281,703710,SHK0000001,2218,2203,832,4095,4095,4095,0,0,0,0,0,0,0
28/07/25 15:37:02,2523.552,703710,SHK0000001,2223,2207,832,4095,4095,4095,0,0,0,0,0,0,0
28/07/25 15:37:03,2524.825,703710,SHK0000001,2224,2211,833,4095,4095,4095,0,0,0,0,0,0,0
28/07/25 15:37:04,2526.105,703710,SHK0000001,2220,2207,831,4095,4095,4095,0,0,0,0,0,0,0
28/07/25 15:37:06,2527.37,703710,SHK0000001,2222,2204,833,4095,4095,4095,0,0,0,0,0,0,0
28/07/25 15:37:07,2528.649,703710,SHK0000001,2217,2213,831,4095,4095,4095,0,0,0,0,0,0,0
28/07/25 15:37:08,2529.924,703710,SHK0000001,2220,2211,833,4095,4095,4095,0,0,0,0,0,0,0
28/07/25 15:37:10,2531.206,703710,SHK0000001,2223,2206,831,4095,4095,4095,0,0,0,0,0,0,0
28/07/25 15:37:11,2532.478,703710,SHK0000001,2218,2210,832,4095,4095,4095,0,0,0,0,0,0,0
28/07/25 15:37:12,2533.752,703710,SHK0000001,2216,2207,832,4095,4095,4095,0,0,0,0,0,0,0
28/07/25 15:37:13,2535.024,703710,SHK0000001,2220,2207,831,4095,4095,4095,0,0,0,0,0,0,0
28/07/25 15:37:15,2536.307,703710,SHK0000001,2214,2207,833,4095,4095,4095,0,0,0,0,0,0,0
28/07/25 15:37:16,2537.574,703710,SHK0000001,2220,2203,831,4095,4095,4095,0,0,0,0,0,0,0
28/07/25 15:37:17,2538.852,703710,SHK0000001,2214,2205,832,4095,4095,4095,0,0,0,0,0,0,0
28/07/25 15:37:18,2540.126,703710,SHK0000001,2219,2205,832,4095,4095,4095,0,0,0,0,0,0,0
28/07/25 15:37:20,2541.398,703710,SHK0000001,2224,2211,832,4095,4095,4095,0,0,0,0,0,0,0
28/07/25 15:37:21,2542.679,703710,SHK0000001,2220,2209,832,4095,4095,4095,0,0,0,0,0,0,0
28/07/25 15:37:22,2543.947,703710,SHK0000001,2224,2210,830,4095,4095,4095,0,0,0,0,0,0,0
28/07/25 15:37:24,2545.223,703710,SHK0000001,2219,2206,832,4095,4095,4095,0,0,0,0,0,0,0
28/07/25 15:37:25,2546.498,703710,SHK0000001,2217,2211,830,4095,4095,4095,0,0,0,0,0,0,0
28/07/25 15:37:26,2547.772,703710,SHK0000001,2217,2209,832,4095,4095,4095,0,0,0,0,0,0,0
28/07/25 15:37:27,2549.048,703710,SHK0000001,2220,2198,829,4095,4095,4095,0,0,0,0,0,0,0
28/07/25 15:37:29,2550.329,703710,SHK0000001,2220,2209,831,4095,4095,4095,0,0,0,0,0,0,0
28/07/25 15:37:30,2551.603,703710,SHK0000001,2220,2203,830,4095,4095,4095,0,0,0,0,0,0,0
28/07/25 15:37:31,2552.876,703710,SHK0000001,2218,2204,830,4095,4095,4095,0,0,0,0,0,0,0
28/07/25 15:37:33,2554.153,703710,SHK0000001,2216,2202,831,4095,4095,4095,0,0,0,0,0,0,0
28/07/25 15:37:34,2555.424,703710,SHK0000001,2223,2210,829,4095,4095,4095,0,0,0,0,0,0,0
28/07/25 15:37:35,2556.699,703710,SHK0000001,2218,2204,831,4095,4095,4095,0,0,0,0,0,0,0
28/07/25 15:37:36,2557.973,703710,SHK0000001,2209,2203,829,4095,4095,4095,0,0,0,0,0,0,0
28/07/25 15:37:38,2559.255,703710,SHK0000001,2211,2209,831,4095,4095,4095,0,0,0,0,0,0,0
28/07/25 15:37:39,2560.526,703710,SHK0000001,2218,2202,829,4095,4095,4095,0,0,0,0,0,0,0
28/07/25 15:37:40,2561.796,703710,SHK0000001,2217,2209,830,4095,4095,4095,0,0,0,0,0,0,0
28/07/25 15:37:41,2563.08,703710,SHK0000001,2217,2207,831,4095,4095,4095,0,0,0,0,0,0,0
28/07/25 15:37:43,2564.345,703710,SHK0000001,2222,2200,829,4095,4095,4095,0,0,0,0,0,0,0
28/07/25 15:37:44,2565.626,703710,SHK0000001,2218,2208,832,4095,4095,4095,0,0,0,0,0,0,0
28/07/25 15:37:45,2566.901,703710,SHK0000001,2218,2201,829,4095,4095,4095,0,0,0,0,0,0,0
28/07/25 15:37:47,2568.181,703710,SHK0000001,2218,2199,830,4095,4095,4095,0,0,0,0,0,0,0
28/07/25 15:37:48,2569.447,703710,SHK0000001,2218,2209,830,4095,4095,4095,0,0,0,0,0,0,0
28/07/25 15:37:49,2570.729,703710,SHK0000001,2216,2204,830,4095,4095,4095,0,0,0,0,0,0,0
28/07/25 15:37:50,2572.003,703710,SHK0000001,2215,2201,830,4095,4095,4095,0,0,0,0,0,0,0
28/07/25 15:37:52,2573.275,703710,SHK0000001,2212,2202,829,4095,4095,4095,0,0,0,0,0,0,0
28/07/25 15:37:53,2574.544,703710,SHK0000001,2212,2207,830,4095,4095,4095,0,0,0,0,0,0,0
28/07/25 15:37:54,2575.827,703710,SHK0000001,2216,2202,828,4095,4095,4095,0,0,0,0,0,0,0
28/07/25 15:37:55,2577.097,703710,SHK0000001,2220,2208,830,4095,4095,4095,0,0,0,0,0,0,0
28/07/25 15:37:57,2578.375,703710,SHK0000001,2215,2205,828,4095,4095,4095,0,0,0,0,0,0,0
28/07/25 15:37:58,2579.65,703710,SHK0000001,2214,2204,830,4095,4095,4095,0,0,0,0,0,0,0
28/07/25 15:37:59,2580.926,703710,SHK0000001,2212,2201,828,4095,4095,4095,0,0,0,0,0,0,0
28/07/25 15:38:01,2582.207,703710,SHK0000001,2216,2206,829,4095,4095,4095,0,0,0,0,0,0,0
28/07/25 15:38:02,2583.479,703710,SHK0000001,2219,2206,829,4095,4095,4095,0,0,0,0,0,0,0
28/07/25 15:38:03,2584.75,703710,SHK0000001,2216,2203,829,4095,4095,4095,0,0,0,0,0,0,0
28/07/25 15:38:04,2586.03,703710,SHK0000001,2210,2202,830,4095,4095,4095,0,0,0,0,0,0,0
28/07/25 15:38:06,2587.295,703710,SHK0000001,2214,2200,828,4095,4095,4095,0,0,0,0,0,0,0
28/07/25 15:38:07,2588.574,703710,SHK0000001,2219,2199,830,4095,4095,4095,0,0,0,0,0,0,0
28/07/25 15:38:08,2589.85,703710,SHK0000001,2215,2206,828,4095,4095,4095,0,0,0,0,0,0,0
28/07/25 15:38:09,2591.122,703710,SHK0000001,2213,2201,829,4095,4095,4095,0,0,0,0,0,0,0
28/07/25 15:38:11,2592.397,703710,SHK0000001,2213,2202,829,4095,4095,4095,0,0,0,0,0,0,0
28/07/25 15:38:12,2593.676,703710,SHK0000001,2214,2199,828,4095,4095,4095,0,0,0,0,0,0,0
28/07/25 15:38:13,2594.948,703710,SHK0000001,2215,2196,830,4095,4095,4095,0,0,0,0,0,0,0
28/07/25 15:38:15,2596.224,703710,SHK0000001,2212,2200,828,4095,4095,4095,0,0,0,0,0,0,0
28/07/25 15:38:16,2597.5,703710,SHK0000001,2216,2195,830,4095,4095,4095,0,0,0,0,0,0,0
28/07/25 15:38:17,2598.774,703710,SHK0000001,2213,2210,828,4095,4095,4095,0,0,0,0,0,0,0
28/07/25 15:38:18,2600.048,703710,SHK0000001,2213,2195,829,4095,4095,4095,0,0,0,0,0,0,0
28/07/25 15:38:20,2601.332,703710,SHK0000001,2214,2201,828,4095,4095,4095,0,0,0,0,0,0,0
28/07/25 15:38:21,2602.605,703710,SHK0000001,2214,2196,828,4095,4095,4095,0,0,0,0,0,0,0
28/07/25 15:38:22,2603.877,703710,SHK0000001,2213,2198,829,4095,4095,4095,0,0,0,0,0,0,0
28/07/25 15:38:24,2605.149,703710,SHK0000001,2211,2204,827,4095,4095,4095,0,0,0,0,0,0,0
28/07/25 15:38:25,2606.431,703710,SHK0000001,2212,2196,829,4095,4095,4095,0,0,0,0,0,0,0
28/07/25 15:38:26,2607.7,703710,SHK0000001,2213,2206,827,4095,4095,4095,0,0,0,0,0,0,0
28/07/25 15:38:27,2608.98,703710,SHK0000001,2218,2205,828,4095,4095,4095,0,0,0,0,0,0,0
28/07/25 15:38:29,2610.246,703710,SHK0000001,2209,2199,828,4095,4095,4095,0,0,0,0,0,0,0
28/07/25 15:38:30,2611.532,703710,SHK0000001,2215,2201,827,4095,4095,4095,0,0,0,0,0,0,0
28/07/25 15:38:31,2612.804,703710,SHK0000001,2218,2204,828,4095,4095,4095,0,0,0,0,0,0,0
28/07/25 15:38:32,2614.078,703710,SHK0000001,2209,2196,827,4095,4095,4095,0,0,0,0,0,0,0
28/07/25 15:38:34,2615.345,703710,SHK0000001,2209,2196,828,4095,4095,4095,0,0,0,0,0,0,0
28/07/25 15:38:35,2616.624,703710,SHK0000001,2214,2192,827,4095,4095,4095,0,0,0,0,0,0,0
28/07/25 15:38:36,2617.905,703710,SHK0000001,2217,2202,828,4095,4095,4095,0,0,0,0,0,0,0
28/07/25 15:38:38,2619.181,703710,SHK0000001,2212,2204,828,4095,4095,4095,0,0,0,0,0,0,0
28/07/25 15:38:39,2620.452,703710,SHK0000001,2211,2200,827,4095,4095,4095,0,0,0,0,0,0,0
28/07/25 15:38:40,2621.727,703710,SHK0000001,2210,2196,828,4095,4095,4095,0,0,0,0,0,0,0
28/07/25 15:38:41,2622.992,703710,SHK0000001,2215,2199,826,4095,4095,4095,0,0,0,0,0,0,0
28/07/25 15:38:43,2624.28,703710,SHK0000001,2210,2200,828,4095,4095,4095,0,0,0,0,0,0,0
28/07/25 15:38:44,2625.554,703710,SHK0000001,2212,2201,826,4095,4095,4095,0,0,0,0,0,0,0
28/07/25 15:38:45,2626.824,703710,SHK0000001,2203,2197,828,4095,4095,4095,0,0,0,0,0,0,0
28/07/25 15:38:46,2628.1,703710,SHK0000001,2209,2203,827,4095,4095,4095,0,0,0,0,0,0,0
28/07/25 15:38:48,2629.383,703710,SHK0000001,2208,2194,826,4095,4095,4095,0,0,0,0,0,0,0
28/07/25 15:38:49,2630.651,703710,SHK0000001,2215,2199,828,4095,4095,4095,0,0,0,0,0,0,0
28/07/25 15:38:50,2631.926,703710,SHK0000001,2207,2198,826,4095,4095,4095,0,0,0,0,0,0,0
28/07/25 15:38:52,2633.202,703710,SHK0000001,2204,2201,828,4095,4095,4095,0,0,0,0,0,0,0
28/07/25 15:38:53,2634.473,703710,SHK0000001,2208,2203,826,4095,4095,4095,0,0,0,0,0,0,0
28/07/25 15:38:54,2635.757,703710,SHK0000001,2214,2202,827,4095,4095,4095,0,0,0,0,0,0,0
28/07/25 15:38:55,2637.028,703710,SHK0000001,2208,2196,826,4095,4095,4095,0,0,0,0,0,0,0
28/07/25 15:38:57,2638.3,703710,SHK0000001,2209,2202,827,4095,4095,4095,0,0,0,0,0,0,0
28/07/25 15:38:58,2639.584,703710,SHK0000001,2206,2192,827,4095,4095,4095,0,0,0,0,0,0,0
28/07/25 15:38:59,2640.856,703710,SHK0000001,2208,2193,826,4095,4095,4095,0,0,0,0,0,0,0
28/07/25 15:39:00,2642.127,703710,SHK0000001,2207,2195,827,4095,4095,4095,0,0,0,0,0,0,0
28/07/25 15:39:02,2643.403,703710,SHK0000001,2208,2196,825,4095,4095,4095,0,0,0,0,0,0,0
28/07/25 15:39:03,2644.68,703710,SHK0000001,2214,2195,827,4095,4095,4095,0,0,0,0,0,0,0
28/07/25 15:39:04,2645.954,703710,SHK0000001,2215,2199,825,4095,4095,4095,0,0,0,0,0,0,0
28/07/25 15:39:06,2647.232,703710,SHK0000001,2206,2196,827,4095,4095,4095,0,0,0,0,0,0,0
28/07/25 15:39:07,2648.502,703710,SHK0000001,2207,2194,825,4095,4095,4095,0,0,0,0,0,0,0
28/07/25 15:39:08,2649.78,703710,SHK0000001,2206,2196,826,4095,4095,4095,0,0,0,0,0,0,0
28/07/25 15:39:09,2651.057,703710,SHK0000001,2201,2195,827,4095,4095,4095,0,0,0,0,0,0,0
28/07/25 15:39:11,2652.327,703710,SHK0000001,2214,2193,825,4095,4095,4095,0,0,0,0,0,0,0
28/07/25 15:39:12,2653.61,703710,SHK0000001,2212,2197,827,4095,4095,4095,0,0,0,0,0,0,0
28/07/25 15:39:13,2654.879,703710,SHK0000001,2212,2199,824,4095,4095,4095,0,0,0,0,0,0,0
28/07/25 15:39:15,2656.15,703710,SHK0000001,2209,2203,826,4095,4095,4095,0,0,0,0,0,0,0
28/07/25 15:39:16,2657.425,703710,SHK0000001,2213,2204,825,4095,4095,4095,0,0,0,0,0,0,0
28/07/25 15:39:17,2658.704,703710,SHK0000001,2213,2193,825,4095,4095,4095,0,0,0,0,0,0,0
28/07/25 15:39:18,2659.975,703710,SHK0000001,2210,2198,826,4095,4095,4095,0,0,0,0,0,0,0
28/07/25 15:39:20,2661.257,703710,SHK0000001,2209,2192,825,4095,4095,4095,0,0,0,0,0,0,0
28/07/25 15:39:21,2662.527,703710,SHK0000001,2210,2198,827,4095,4095,4095,0,0,0,0,0,0,0
28/07/25 15:39:22,2663.809,703710,SHK0000001,2206,2187,824,4095,4095,4095,0,0,0,0,0,0,0
28/07/25 15:39:23,2665.074,703710,SHK0000001,2201,2204,826,4095,4095,4095,0,0,0,0,0,0,0
28/07/25 15:39:25,2666.354,703710,SHK0000001,2206,2201,824,4095,4095,4095,0,0,0,0,0,0,0
28/07/25 15:39:26,2667.624,703710,SHK0000001,2211,2201,825,4095,4095,4095,0,0,0,0,0,0,0
28/07/25 15:39:27,2668.904,703710,SHK0000001,2206,2194,826,4095,4095,4095,0,0,0,0,0,0,0
28/07/25 15:39:29,2670.178,703710,SHK0000001,2204,2197,824,4095,4095,4095,0,0,0,0,0,0,0
28/07/25 15:39:30,2671.452,703710,SHK0000001,2210,2194,825,4095,4095,4095,0,0,0,0,0,0,0
28/07/25 15:39:31,2672.733,703710,SHK0000001,2204,2190,824,4095,4095,4095,0,0,0,0,0,0,0
28/07/25 15:39:32,2674.008,703710,SHK0000001,2205,2197,825,4095,4095,4095,0,0,0,0,0,0,0
28/07/25 15:39:34,2675.277,703710,SHK0000001,2211,2188,824,4095,4095,4095,0,0,0,0,0,0,0
28/07/25 15:39:35,2676.558,703710,SHK0000001,2212,2198,825,4095,4095,4095,0,0,0,0,0,0,0
28/07/25 15:39:36,2677.827,703710,SHK0000001,2215,2195,824,4095,4095,4095,0,0,0,0,0,0,0
28/07/25 15:39:37,2679.102,703710,SHK0000001,2209,2197,825,4095,4095,4095,0,0,0,0,0,0,0
28/07/25 15:39:39,2680.376,703710,SHK0000001,2204,2196,825,4095,4095,4095,0,0,0,0,0,0,0
28/07/25 15:39:40,2681.655,703710,SHK0000001,2207,2197,824,4095,4095,4095,0,0,0,0,0,0,0
28/07/25 15:39:41,2682.931,703710,SHK0000001,2209,2195,825,4095,4095,4095,0,0,0,0,0,0,0
28/07/25 15:39:43,2684.199,703710,SHK0000001,2204,2196,823,4095,4095,4095,0,0,0,0,0,0,0
28/07/25 15:39:44,2685.48,703710,SHK0000001,2208,2195,825,4095,4095,4095,0,0,0,0,0,0,0
28/07/25 15:39:45,2686.753,703710,SHK0000001,2205,2198,823,4095,4095,4095,0,0,0,0,0,0,0
28/07/25 15:39:46,2688.03,703710,SHK0000001,2203,2197,825,4095,4095,4095,0,0,0,0,0,0,0
28/07/25 15:39:48,2689.308,703710,SHK0000001,2208,2194,824,4095,4095,4095,0,0,0,0,0,0,0
28/07/25 15:39:49,2690.578,703710,SHK0000001,2208,2195,824,4095,4095,4095,0,0,0,0,0,0,0
28/07/25 15:39:50,2691.852,703710,SHK0000001,2208,2192,825,4095,4095,4095,0,0,0,0,0,0,0
28/07/25 15:39:51,2693.127,703710,SHK0000001,2208,2188,823,4095,4095,4095,0,0,0,0,0,0,0
28/07/25 15:39:53,2694.408,703710,SHK0000001,2206,2192,825,4095,4095,4095,0,0,0,0,0,0,0
28/07/25 15:39:54,2695.679,703710,SHK0000001,2206,2190,823,4095,4095,4095,0,0,0,0,0,0,0
28/07/25 15:39:55,2696.955,703710,SHK0000001,2206,2197,824,4095,4095,4095,0,0,0,0,0,0,0
28/07/25 15:39:57,2698.23,703710,SHK0000001,2204,2186,824,4095,4095,4095,0,0,0,0,0,0,0
28/07/25 15:39:58,2699.503,703710,SHK0000001,2202,2191,823,4095,4095,4095,0,0,0,0,0,0,0
28/07/25 15:39:59,2700.776,703710,SHK0000001,2204,2193,825,4095,4095,4095,0,0,0,0,0,0,0
28/07/25 15:40:00,2702.053,703710,SHK0000001,2207,2193,822,4095,4095,4095,0,0,0,0,0,0,0
28/07/25 15:40:02,2703.328,703710,SHK0000001,2212,2193,825,4095,4095,4095,0,0,0,0,0,0,0
28/07/25 15:40:03,2704.606,703710,SHK0000001,2205,2192,822,4095,4095,4095,0,0,0,0,0,0,0
28/07/25 15:40:04,2705.878,703710,SHK0000001,2209,2196,824,4095,4095,4095,0,0,0,0,0,0,0
28/07/25 15:40:06,2707.149,703710,SHK0000001,2208,2188,823,4095,4095,4095,0,0,0,0,0,0,0
28/07/25 15:40:07,2708.43,703710,SHK0000001,2211,2184,823,4095,4095,4095,0,0,0,0,0,0,0
28/07/25 15:40:08,2709.701,703710,SHK0000001,2204,2188,824,4095,4095,4095,0,0,0,0,0,0,0
28/07/25 15:40:09,2710.977,703710,SHK0000001,2206,2193,822,4095,4095,4095,0,0,0,0,0,0,0
28/07/25 15:40:11,2712.254,703710,SHK0000001,2199,2190,824,4095,4095,4095,0,0,0,0,0,0,0
28/07/25 15:40:12,2713.527,703710,SHK0000001,2200,2191,822,4095,4095,4095,0,0,0,0,0,0,0
28/07/25 15:40:13,2714.801,703710,SHK0000001,2200,2197,823,4095,4095,4095,0,0,0,0,0,0,0
28/07/25 15:40:14,2716.08,703710,SHK0000001,2206,2196,822,4095,4095,4095,0,0,0,0,0,0,0
28/07/25 15:40:16,2717.354,703710,SHK0000001,2204,2190,822,4095,4095,4095,0,0,0,0,0,0,0
28/07/25 15:40:17,2718.624,703710,SHK0000001,2201,2193,824,4095,4095,4095,0,0,0,0,0,0,0
28/07/25 15:40:18,2719.895,703710,SHK0000001,2204,2196,822,4095,4095,4095,0,0,0,0,0,0,0
28/07/25 15:40:20,2721.177,703710,SHK0000001,2201,2192,823,4095,4095,4095,0,0,0,0,0,0,0
28/07/25 15:40:21,2722.451,703710,SHK0000001,2204,2192,821,4095,4095,4095,0,0,0,0,0,0,0
28/07/25 15:40:22,2723.731,703710,SHK0000001,2200,2195,822,4095,4095,4095,0,0,0,0,0,0,0
28/07/25 15:40:23,2725.001,703710,SHK0000001,2202,2193,823,4095,4095,4095,0,0,0,0,0,0,0
28/07/25 15:40:25,2726.283,703710,SHK0000001,2208,2197,821,4095,4095,4095,0,0,0,0,0,0,0
28/07/25 15:40:26,2727.554,703710,SHK0000001,2207,2193,822,4095,4095,4095,0,0,0,0,0,0,0
28/07/25 15:40:27,2728.831,703710,SHK0000001,2196,2191,821,4095,4095,4095,0,0,0,0,0,0,0
28/07/25 15:40:28,2730.106,703710,SHK0000001,2204,2190,822,4095,4095,4095,0,0,0,0,0,0,0
28/07/25 15:40:30,2731.372,703710,SHK0000001,2210,2193,821,4095,4095,4095,0,0,0,0,0,0,0
28/07/25 15:40:31,2732.652,703710,SHK0000001,2205,2191,822,4095,4095,4095,0,0,0,0,0,0,0
28/07/25 15:40:32,2733.925,703710,SHK0000001,2204,2190,822,4095,4095,4095,0,0,0,0,0,0,0
28/07/25 15:40:34,2735.214,703710,SHK0000001,2210,2186,821,4095,4095,4095,0,0,0,0,0,0,0
28/07/25 15:40:35,2736.484,703710,SHK0000001,2203,2191,822,4095,4095,4095,0,0,0,0,0,0,0
28/07/25 15:40:36,2737.754,703710,SHK0000001,2205,2189,820,4095,4095,4095,0,0,0,0,0,0,0
28/07/25 15:40:37,2739.025,703710,SHK0000001,2203,2183,822,4095,4095,4095,0,0,0,0,0,0,0
28/07/25 15:40:39,2740.305,703710,SHK0000001,2200,2187,821,4095,4095,4095,0,0,0,0,0,0,0
28/07/25 15:40:40,2741.578,703710,SHK0000001,2206,2190,822,4095,4095,4095,0,0,0,0,0,0,0
28/07/25 15:40:41,2742.86,703710,SHK0000001,2198,2187,822,4095,4095,4095,0,0,0,0,0,0,0
28/07/25 15:40:42,2744.128,703710,SHK0000001,2198,2188,820,4095,4095,4095,0,0,0,0,0,0,0
28/07/25 15:40:44,2745.406,703710,SHK0000001,2201,2194,822,4095,4095,4095,0,0,0,0,0,0,0
28/07/25 15:40:45,2746.682,703710,SHK0000001,2204,2194,821,4095,4095,4095,0,0,0,0,0,0,0
28/07/25 15:40:46,2747.95,703710,SHK0000001,2200,2185,822,4095,4095,4095,0,0,0,0,0,0,0
28/07/25 15:40:48,2749.23,703710,SHK0000001,2204,2183,821,4095,4095,4095,0,0,0,0,0,0,0
28/07/25 15:40:49,2750.503,703710,SHK0000001,2209,2191,821,4095,4095,4095,0,0,0,0,0,0,0
28/07/25 15:40:50,2751.782,703710,SHK0000001,2203,2183,820,4095,4095,4095,0,0,0,0,0,0,0
28/07/25 15:40:51,2753.058,703710,SHK0000001,2205,2186,820,4095,4095,4095,0,0,0,0,0,0,0
28/07/25 15:40:53,2754.328,703710,SHK0000001,2195,2193,822,4095,4095,4095,0,0,0,0,0,0,0
28/07/25 15:40:54,2755.603,703710,SHK0000001,2203,2186,820,4095,4095,4095,0,0,0,0,0,0,0
28/07/25 15:40:55,2756.884,703710,SHK0000001,2205,2185,822,4095,4095,4095,0,0,0,0,0,0,0
28/07/25 15:40:57,2758.158,703710,SHK0000001,2200,2189,821,4095,4095,4095,0,0,0,0,0,0,0
28/07/25 15:40:58,2759.432,703710,SHK0000001,2197,2187,820,4095,4095,4095,0,0,0,0,0,0,0
28/07/25 15:40:59,2760.702,703710,SHK0000001,2197,2183,821,4095,4095,4095,0,0,0,0,0,0,0
28/07/25 15:41:00,2761.978,703710,SHK0000001,2198,2189,820,4095,4095,4095,0,0,0,0,0,0,0
28/07/25 15:41:02,2763.258,703710,SHK0000001,2201,2190,821,4095,4095,4095,0,0,0,0,0,0,0
28/07/25 15:41:03,2764.536,703710,SHK0000001,2199,2188,820,4095,4095,4095,0,0,0,0,0,0,0
28/07/25 15:41:04,2765.797,703710,SHK0000001,2204,2189,821,4095,4095,4095,0,0,0,0,0,0,0
28/07/25 15:41:05,2767.079,703710,SHK0000001,2199,2188,819,4095,4095,4095,0,0,0,0,0,0,0
28/07/25 15:41:07,2768.361,703710,SHK0000001,2200,2179,819,4095,4095,4095,0,0,0,0,0,0,0
28/07/25 15:41:08,2769.628,703710,SHK0000001,2196,2185,821,4095,4095,4095,0,0,0,0,0,0,0
28/07/25 15:41:09,2770.905,703710,SHK0000001,2202,2188,819,4095,4095,4095,0,0,0,0,0,0,0
28/07/25 15:41:11,2772.186,703710,SHK0000001,2197,2190,820,4095,4095,4095,0,0,0,0,0,0,0
28/07/25 15:41:12,2773.456,703710,SHK0000001,2199,2183,819,4095,4095,4095,0,0,0,0,0,0,0
28/07/25 15:41:13,2774.73,703710,SHK0000001,2200,2194,820,4095,4095,4095,0,0,0,0,0,0,0
28/07/25 15:41:14,2776.008,703710,SHK0000001,2205,2188,819,4095,4095,4095,0,0,0,0,0,0,0
28/07/25 15:41:16,2777.284,703710,SHK0000001,2196,2181,819,4095,4095,4095,0,0,0,0,0,0,0
28/07/25 15:41:17,2778.553,703710,SHK0000001,2201,2187,821,4095,4095,4095,0,0,0,0,0,0,0
28/07/25 15:41:18,2779.834,703710,SHK0000001,2199,2184,819,4095,4095,4095,0,0,0,0,0,0,0
28/07/25 15:41:19,2781.103,703710,SHK0000001,2197,2193,820,4095,4095,4095,0,0,0,0,0,0,0
28/07/25 15:41:21,2782.387,703710,SHK0000001,2196,2189,818,4095,4095,4095,0,0,0,0,0,0,0
28/07/25 15:41:22,2783.658,703710,SHK0000001,2191,2189,820,4095,4095,4095,0,0,0,0,0,0,0
28/07/25 15:41:23,2784.933,703710,SHK0000001,2197,2191,820,4095,4095,4095,0,0,0,0,0,0,0
28/07/25 15:41:25,2786.203,703710,SHK0000001,2200,2186,819,4095,4095,4095,0,0,0,0,0,0,0
28/07/25 15:41:26,2787.486,703710,SHK0000001,2204,2193,820,4095,4095,4095,0,0,0,0,0,0,0
28/07/25 15:41:27,2788.763,703710,SHK0000001,2196,2193,818,4095,4095,4095,0,0,0,0,0,0,0
28/07/25 15:41:28,2790.035,703710,SHK0000001,2193,2191,820,4095,4095,4095,0,0,0,0,0,0,0
28/07/25 15:41:30,2791.304,703710,SHK0000001,2196,2188,818,4095,4095,4095,0,0,0,0,0,0,0
28/07/25 15:41:31,2792.579,703710,SHK0000001,2192,2195,819,4095,4095,4095,0,0,0,0,0,0,0
28/07/25 15:41:32,2793.85,703710,SHK0000001,2196,2190,820,4095,4095,4095,0,0,0,0,0,0,0
28/07/25 15:41:33,2795.134,703710,SHK0000001,2200,2181,818,4095,4095,4095,0,0,0,0,0,0,0
28/07/25 15:41:35,2796.403,703710,SHK0000001,2193,2183,819,4095,4095,4095,0,0,0,0,0,0,0
28/07/25 15:41:36,2797.678,703710,SHK0000001,2192,2184,818,4095,4095,4095,0,0,0,0,0,0,0
28/07/25 15:41:37,2798.953,703710,SHK0000001,2194,2185,820,4095,4095,4095,0,0,0,0,0,0,0
28/07/25 15:41:39,2800.227,703710,SHK0000001,2194,2180,818,4095,4095,4095,0,0,0,0,0,0,0
28/07/25 15:41:40,2801.512,703710,SHK0000001,2192,2188,819,4095,4095,4095,0,0,0,0,0,0,0
28/07/25 15:41:41,2802.783,703710,SHK0000001,2198,2184,819,4095,4095,4095,0,0,0,0,0,0,0
28/07/25 15:41:42,2804.061,703710,SHK0000001,2191,2181,817,4095,4095,4095,0,0,0,0,0,0,0
28/07/25 15:41:44,2805.328,703710,SHK0000001,2196,2188,819,4095,4095,4095,0,0,0,0,0,0,0
28/07/25 15:41:45,2806.608,703710,SHK0000001,2187,2185,818,4095,4095,4095,0,0,0,0,0,0,0
28/07/25 15:41:46,2807.878,703710,SHK0000001,2193,2187,819,4095,4095,4095,0,0,0,0,0,0,0
28/07/25 15:41:48,2809.156,703710,SHK0000001,2197,2182,817,4095,4095,4095,0,0,0,0,0,0,0
28/07/25 15:41:49,2810.431,703710,SHK0000001,2192,2187,818,4095,4095,4095,0,0,0,0,0,0,0
28/07/25 15:41:50,2811.711,703710,SHK0000001,2206,2179,818,4095,4095,4095,0,0,0,0,0,0,0
28/07/25 15:41:51,2812.986,703710,SHK0000001,2196,2173,818,4095,4095,4095,0,0,0,0,0,0,0
28/07/25 15:41:53,2814.256,703710,SHK0000001,2195,2178,819,4095,4095,4095,0,0,0,0,0,0,0
28/07/25 15:41:54,2815.534,703710,SHK0000001,2194,2184,817,4095,4095,4095,0,0,0,0,0,0,0
28/07/25 15:41:55,2816.804,703710,SHK0000001,2191,2184,819,4095,4095,4095,0,0,0,0,0,0,0
28/07/25 15:41:56,2818.079,703710,SHK0000001,2200,2182,818,4095,4095,4095,0,0,0,0,0,0,0
28/07/25 15:41:58,2819.359,703710,SHK0000001,2199,2188,818,4095,4095,4095,0,0,0,0,0,0,0
28/07/25 15:41:59,2820.633,703710,SHK0000001,2193,2191,818,4095,4095,4095,0,0,0,0,0,0,0
28/07/25 15:42:00,2821.913,703710,SHK0000001,2190,2178,817,4095,4095,4095,0,0,0,0,0,0,0
28/07/25 15:42:02,2823.178,703710,SHK0000001,2193,2175,819,4095,4095,4095,0,0,0,0,0,0,0
28/07/25 15:42:03,2824.459,703710,SHK0000001,2194,2180,817,4095,4095,4095,0,0,0,0,0,0,0
28/07/25 15:42:04,2825.738,703710,SHK0000001,2188,2187,819,4095,4095,4095,0,0,0,0,0,0,0
28/07/25 15:42:05,2827.011,703710,SHK0000001,2194,2178,817,4095,4095,4095,0,0,0,0,0,0,0
28/07/25 15:42:07,2828.283,703710,SHK0000001,2195,2182,818,4095,4095,4095,0,0,0,0,0,0,0
28/07/25 15:42:08,2829.561,703710,SHK0000001,2193,2182,817,4095,4095,4095,0,0,0,0,0,0,0
28/07/25 15:42:09,2830.832,703710,SHK0000001,2191,2183,818,4095,4095,4095,0,0,0,0,0,0,0
28/07/25 15:42:10,2832.112,703710,SHK0000001,2197,2180,818,4095,4095,4095,0,0,0,0,0,0,0
28/07/25 15:42:12,2833.388,703710,SHK0000001,2197,2182,817,4095,4095,4095,0,0,0,0,0,0,0
28/07/25 15:42:13,2834.658,703710,SHK0000001,2185,2184,819,4095,4095,4095,0,0,0,0,0,0,0
28/07/25 15:42:14,2835.93,703710,SHK0000001,2189,2178,817,4095,4095,4095,0,0,0,0,0,0,0
28/07/25 15:42:16,2837.207,703710,SHK0000001,2194,2186,818,4095,4095,4095,0,0,0,0,0,0,0
28/07/25 15:42:17,2838.49,703710,SHK0000001,2197,2186,817,4095,4095,4095,0,0,0,0,0,0,0
28/07/25 15:42:18,2839.756,703710,SHK0000001,2192,2187,817,4095,4095,4095,0,0,0,0,0,0,0
28/07/25 15:42:19,2841.034,703710,SHK0000001,2188,2180,817,4095,4095,4095,0,0,0,0,0,0,0
28/07/25 15:42:21,2842.315,703710,SHK0000001,2190,2173,816,4095,4095,4095,0,0,0,0,0,0,0
28/07/25 15:42:22,2843.581,703710,SHK0000001,2193,2179,818,4095,4095,4095,0,0,0,0,0,0,0
28/07/25 15:42:23,2844.856,703710,SHK0000001,2198,2180,815,4095,4095,4095,0,0,0,0,0,0,0
28/07/25 15:42:24,2846.137,703710,SHK0000001,2196,2180,818,4095,4095,4095,0,0,0,0,0,0,0
28/07/25 15:42:26,2847.407,703710,SHK0000001,2195,2179,816,4095,4095,4095,0,0,0,0,0,0,0
28/07/25 15:42:27,2848.683,703710,SHK0000001,2194,2186,817,4095,4095,4095,0,0,0,0,0,0,0
28/07/25 15:42:28,2849.954,703710,SHK0000001,2188,2181,817,4095,4095,4095,0,0,0,0,0,0,0
28/07/25 15:42:30,2851.231,703710,SHK0000001,2197,2176,816,4095,4095,4095,0,0,0,0,0,0,0
28/07/25 15:42:31,2852.512,703710,SHK0000001,2198,2184,818,4095,4095,4095,0,0,0,0,0,0,0
28/07/25 15:42:32,2853.783,703710,SHK0000001,2196,2183,816,4095,4095,4095,0,0,0,0,0,0,0
28/07/25 15:42:33,2855.056,703710,SHK0000001,2197,2181,818,4095,4095,4095,0,0,0,0,0,0,0
28/07/25 15:42:35,2856.33,703710,SHK0000001,2191,2178,815,4095,4095,4095,0,0,0,0,0,0,0
28/07/25 15:42:36,2857.615,703710,SHK0000001,2192,2182,818,4095,4095,4095,0,0,0,0,0,0,0
