Timestamp,Time,Time_gen,SN,V_radshort,V_radtotal,V_housing,VTC2,V_diode,V_probe,PumpStatus,SetPower,Power,Reflected-power,power_flag,antenna_cooling_flag,switch_cooling_flag
26/08/25 09:34:59,163.572,703710,SHK0000001,2065,2079,789,4095,4095,4095,0,0,0,0,0,0,0
26/08/25 09:35:00,164.56,703710,SHK0000001,2073,2067,788,4095,4095,4095,0,0,0,0,0,0,0
26/08/25 09:35:01,165.569,703710,SHK0000001,2068,2072,790,4095,4095,4095,0,0,0,0,0,0,0
26/08/25 09:35:02,166.559,703710,SHK0000001,2067,2068,788,4095,4095,4095,0,0,0,0,0,0,0
26/08/25 09:35:03,167.575,703710,SHK0000001,2072,2067,789,4095,4095,4095,0,0,0,0,0,0,0
26/08/25 09:35:04,168.558,703710,SHK0000001,2077,2071,790,4095,4095,4095,0,0,0,0,0,0,0
26/08/25 09:35:05,169.568,703710,SHK0000001,2068,2075,788,4095,4095,4095,0,0,0,0,0,0,0
26/08/25 09:35:06,170.559,703710,SHK0000001,2060,2071,789,4095,4095,4095,0,0,0,0,0,0,0
26/08/25 09:35:07,171.566,703710,SHK0000001,2067,2067,789,4095,4095,4095,0,0,0,0,0,0,0
26/08/25 09:35:08,172.563,703710,SHK0000001,2068,2075,788,4095,4095,4095,0,0,0,0,0,0,0
26/08/25 09:35:09,173.57,703710,SHK0000001,2088,2074,789,4095,4095,4095,0,0,0,0,0,0,0
26/08/25 09:35:10,174.567,703710,SHK0000001,2078,2080,789,4095,4095,4095,0,0,0,0,0,0,0
26/08/25 09:35:11,175.575,703710,SHK0000001,2080,2083,788,4095,4095,4095,0,0,0,0,0,0,0
26/08/25 09:35:12,176.568,703710,SHK0000001,2083,2088,790,4095,4095,4095,0,0,0,0,0,0,0
26/08/25 09:35:13,177.566,703710,SHK0000001,2081,2079,789,4095,4095,4095,0,0,0,0,0,0,0
26/08/25 09:35:14,178.562,703710,SHK0000001,2080,2082,790,4095,4095,4095,0,0,0,0,0,0,0
26/08/25 09:35:15,179.569,703710,SHK0000001,2086,2088,792,4095,4095,4095,0,0,0,0,0,0,0
26/08/25 09:35:16,180.561,703710,SHK0000001,2085,2082,790,4095,4095,4095,0,0,0,0,0,0,0
26/08/25 09:35:17,181.566,703710,SHK0000001,2087,2084,790,4095,4095,4095,0,0,0,0,0,0,0
26/08/25 09:35:18,182.564,703710,SHK0000001,2081,2082,792,4095,4095,4095,0,0,0,0,0,0,0
26/08/25 09:35:19,183.573,703710,SHK0000001,2089,2081,790,4095,4095,4095,0,0,0,0,0,0,0
26/08/25 09:35:20,184.561,703710,SHK0000001,2083,2085,791,4095,4095,4095,0,0,0,0,0,0,0
26/08/25 09:35:21,185.57,703710,SHK0000001,2092,2098,792,4095,4095,4095,0,0,0,0,0,0,0
26/08/25 09:35:22,186.56,703710,SHK0000001,2164,2163,790,4095,4095,4095,0,0,0,0,0,0,0
26/08/25 09:35:23,187.566,703710,SHK0000001,2162,2168,792,4095,4095,4095,0,0,0,0,0,0,0
26/08/25 09:35:24,188.562,703710,SHK0000001,2163,2161,791,4095,4095,4095,0,0,0,0,0,0,0
26/08/25 09:35:25,189.57,703710,SHK0000001,2161,2163,790,4095,4095,4095,0,0,0,0,0,0,0
26/08/25 09:35:26,190.566,703710,SHK0000001,2168,2165,791,4095,4095,4095,0,0,0,0,0,0,0
26/08/25 09:35:27,191.57,703710,SHK0000001,2163,2156,792,4095,4095,4095,0,0,0,0,0,0,0
26/08/25 09:35:28,192.568,703710,SHK0000001,2166,2164,791,4095,4095,4095,0,0,0,0,0,0,0
26/08/25 09:35:29,193.573,703710,SHK0000001,2165,2161,793,4095,4095,4095,0,0,0,0,0,0,0
26/08/25 09:35:30,194.559,703710,SHK0000001,2166,2167,792,4095,4095,4095,0,0,0,0,0,0,0
26/08/25 09:35:31,195.571,703710,SHK0000001,2166,2167,792,4095,4095,4095,0,0,0,0,0,0,0
26/08/25 09:35:32,196.561,703710,SHK0000001,2169,2166,793,4095,4095,4095,0,0,0,0,0,0,0
26/08/25 09:35:33,197.576,703710,SHK0000001,2164,2164,792,4095,4095,4095,0,0,0,0,0,0,0
26/08/25 09:35:34,198.559,703710,SHK0000001,2165,2168,792,4095,4095,4095,0,0,0,0,0,0,0
26/08/25 09:35:35,199.569,703710,SHK0000001,2170,2167,793,4095,4095,4095,0,0,0,0,0,0,0
26/08/25 09:35:36,200.562,703710,SHK0000001,2172,2158,792,4095,4095,4095,0,0,0,0,0,0,0
26/08/25 09:35:37,201.571,703710,SHK0000001,2172,2167,793,4095,4095,4095,0,0,0,0,0,0,0
26/08/25 09:35:38,202.559,703710,SHK0000001,2168,2166,793,4095,4095,4095,0,0,0,0,0,0,0
26/08/25 09:35:39,203.574,703710,SHK0000001,2170,2169,792,4095,4095,4095,0,0,0,0,0,0,0
26/08/25 09:35:40,204.558,703710,SHK0000001,2164,2169,796,4095,4095,4095,0,0,0,0,0,0,0
26/08/25 09:35:41,205.576,703710,SHK0000001,2167,2162,793,4095,4095,4095,0,0,0,0,0,0,0
26/08/25 09:35:42,206.564,703710,SHK0000001,2174,2172,794,4095,4095,4095,0,0,0,0,0,0,0
26/08/25 09:35:43,207.565,703710,SHK0000001,2174,2168,796,4095,4095,4095,0,0,0,0,0,0,0
26/08/25 09:35:44,208.562,703710,SHK0000001,2171,2167,794,4095,4095,4095,0,0,0,0,0,0,0
26/08/25 09:35:45,209.574,703710,SHK0000001,2168,2167,794,4095,4095,4095,0,0,0,0,0,0,0
26/08/25 09:35:46,210.56,703710,SHK0000001,2166,2163,796,4095,4095,4095,0,0,0,0,0,0,0
26/08/25 09:35:47,211.575,703710,SHK0000001,2169,2166,795,4095,4095,4095,0,0,0,0,0,0,0
26/08/25 09:35:48,212.561,703710,SHK0000001,2165,2170,796,4095,4095,4095,0,0,0,0,0,0,0
26/08/25 09:35:49,213.574,703710,SHK0000001,2171,2165,797,4095,4095,4095,0,0,0,0,0,0,0
26/08/25 09:35:50,214.566,703710,SHK0000001,2165,2168,795,4095,4095,4095,0,0,0,0,0,0,0
26/08/25 09:35:51,215.575,703710,SHK0000001,2172,2167,796,4095,4095,4095,0,0,0,0,0,0,0
26/08/25 09:35:52,216.566,703710,SHK0000001,2179,2170,796,4095,4095,4095,0,0,0,0,0,0,0
26/08/25 09:35:53,217.573,703710,SHK0000001,2170,2170,795,4095,4095,4095,0,0,0,0,0,0,0
26/08/25 09:35:54,218.567,703710,SHK0000001,2171,2172,796,4095,4095,4095,0,0,0,0,0,0,0
26/08/25 09:35:55,219.567,703710,SHK0000001,2164,2170,796,4095,4095,4095,0,0,0,0,0,0,0
26/08/25 09:35:56,220.559,703710,SHK0000001,2166,2166,795,4095,4095,4095,0,0,0,0,0,0,0
26/08/25 09:35:57,221.574,703710,SHK0000001,2165,2162,797,4095,4095,4095,0,0,0,0,0,0,0
26/08/25 09:35:58,222.563,703710,SHK0000001,2165,2169,796,4095,4095,4095,0,0,0,0,0,0,0
26/08/25 09:35:59,223.574,703710,SHK0000001,2167,2170,796,4095,4095,4095,0,0,0,0,0,0,0
26/08/25 09:36:00,224.566,703710,SHK0000001,2168,2161,796,4095,4095,4095,0,0,0,0,0,0,0
26/08/25 09:36:01,225.569,703710,SHK0000001,2162,2175,795,4095,4095,4095,0,0,0,0,0,0,0
26/08/25 09:36:02,226.559,703710,SHK0000001,2165,2165,795,4095,4095,4095,0,0,0,0,0,0,0
26/08/25 09:36:03,227.571,703710,SHK0000001,2167,2170,796,4095,4095,4095,0,0,0,0,0,0,0
26/08/25 09:36:04,228.558,703710,SHK0000001,2165,2172,794,4095,4095,4095,0,0,0,0,0,0,0
26/08/25 09:36:05,229.568,703710,SHK0000001,2172,2174,795,4095,4095,4095,0,0,0,0,0,0,0
26/08/25 09:36:06,230.567,703710,SHK0000001,2173,2171,796,4095,4095,4095,0,0,0,0,0,0,0
26/08/25 09:36:07,231.572,703710,SHK0000001,2168,2167,794,4095,4095,4095,0,0,0,0,0,0,0
26/08/25 09:36:08,232.563,703710,SHK0000001,2164,2166,796,4095,4095,4095,0,0,0,0,0,0,0
26/08/25 09:36:09,233.575,703710,SHK0000001,2164,2174,795,4095,4095,4095,0,0,0,0,0,0,0
26/08/25 09:36:10,234.565,703710,SHK0000001,2166,2165,794,4095,4095,4095,0,0,0,0,0,0,0
26/08/25 09:36:11,235.572,703710,SHK0000001,2162,2164,795,4095,4095,4095,0,0,0,0,0,0,0
26/08/25 09:36:12,236.563,703710,SHK0000001,2170,2167,795,4095,4095,4095,0,0,0,0,0,0,0
26/08/25 09:36:13,237.569,703710,SHK0000001,2167,2170,794,4095,4095,4095,0,0,0,0,0,0,0
26/08/25 09:36:14,238.567,703710,SHK0000001,2173,2166,795,4095,4095,4095,0,0,0,0,0,0,0
26/08/25 09:36:15,239.574,703710,SHK0000001,2165,2163,794,4095,4095,4095,0,0,0,0,0,0,0
26/08/25 09:36:16,240.565,703710,SHK0000001,2164,2165,794,4095,4095,4095,0,0,0,0,0,0,0
26/08/25 09:36:17,241.565,703710,SHK0000001,2166,2162,795,4095,4095,4095,0,0,0,0,0,0,0
26/08/25 09:36:18,242.568,703710,SHK0000001,2163,2169,794,4095,4095,4095,0,0,0,0,0,0,0
26/08/25 09:36:19,243.568,703710,SHK0000001,2169,2171,795,4095,4095,4095,0,0,0,0,0,0,0
26/08/25 09:36:20,244.559,703710,SHK0000001,2167,2172,795,4095,4095,4095,0,0,0,0,0,1,0
26/08/25 09:36:21,245.568,703710,SHK0000001,2167,2170,794,4095,4095,4095,0,0,0,0,0,1,0
26/08/25 09:36:22,246.566,703710,SHK0000001,2168,2170,795,4095,4095,4095,0,0,0,0,0,1,0
26/08/25 09:36:23,247.57,703710,SHK0000001,2168,2168,795,4095,4095,4095,0,0,0,0,0,1,0
26/08/25 09:36:24,248.564,703710,SHK0000001,2166,2164,794,4095,4095,4095,0,0,0,0,0,1,0
26/08/25 09:36:25,249.569,703710,SHK0000001,2169,2171,795,4095,4095,4095,0,0,0,0,0,1,0
26/08/25 09:36:26,250.566,703710,SHK0000001,2168,2164,794,4095,4095,4095,0,0,0,0,0,1,0
26/08/25 09:36:27,251.573,703710,SHK0000001,2164,2162,793,4095,4095,4095,0,0,0,0,0,1,0
26/08/25 09:36:28,252.563,703710,SHK0000001,2170,2168,795,4095,4095,4095,0,0,0,0,0,1,0
26/08/25 09:36:29,253.568,703710,SHK0000001,2172,2168,794,4095,4095,4095,0,0,0,0,0,1,0
26/08/25 09:36:30,254.567,703710,SHK0000001,2163,2162,793,4095,4095,4095,0,0,0,0,0,1,0
26/08/25 09:36:31,255.57,703710,SHK0000001,2167,2164,795,4095,4095,4095,0,0,0,0,0,1,0
26/08/25 09:36:32,256.565,703710,SHK0000001,2161,2168,794,4095,4095,4095,0,0,0,0,0,1,0
26/08/25 09:36:33,257.566,703710,SHK0000001,2162,2168,793,4095,4095,4095,0,0,0,0,0,1,0
26/08/25 09:36:34,258.558,703710,SHK0000001,2167,2170,795,4095,4095,4095,0,0,0,0,0,1,0
26/08/25 09:36:35,259.567,703710,SHK0000001,2165,2169,793,4095,4095,4095,0,0,0,0,0,1,0
26/08/25 09:36:36,260.567,703710,SHK0000001,2169,2172,793,4095,4095,4095,0,0,0,0,0,1,0
26/08/25 09:36:37,261.567,703710,SHK0000001,2173,2163,794,4095,4095,4095,0,0,0,0,0,1,0
26/08/25 09:36:38,262.566,703710,SHK0000001,2164,2165,793,4095,4095,4095,0,0,0,0,0,1,0
26/08/25 09:36:39,263.566,703710,SHK0000001,2170,2168,795,4095,4095,4095,0,0,0,0,0,1,0
26/08/25 09:36:40,264.561,703710,SHK0000001,2166,2166,795,4095,4095,4095,0,0,0,0,0,1,0
26/08/25 09:36:41,265.571,703710,SHK0000001,2171,2171,793,4095,4095,4095,0,0,0,0,0,1,0
26/08/25 09:36:42,266.559,703710,SHK0000001,2166,2170,794,4095,4095,4095,0,0,0,0,0,1,0
26/08/25 09:36:43,267.569,703710,SHK0000001,2172,2169,794,4095,4095,4095,0,0,0,0,0,1,0
26/08/25 09:36:44,268.562,703710,SHK0000001,2165,2169,793,4095,4095,4095,0,0,0,0,0,1,0
26/08/25 09:36:45,269.572,703710,SHK0000001,2167,2164,794,4095,4095,4095,0,0,0,0,0,1,0
26/08/25 09:36:46,270.561,703710,SHK0000001,2168,2169,794,4095,4095,4095,0,0,0,0,0,1,0
26/08/25 09:36:47,271.575,703710,SHK0000001,2165,2164,793,4095,4095,4095,0,0,0,0,0,1,0
26/08/25 09:36:48,272.563,703710,SHK0000001,2172,2168,795,4095,4095,4095,0,0,0,0,0,1,0
26/08/25 09:36:49,273.567,703710,SHK0000001,2164,2174,793,4095,4095,4095,0,0,0,0,0,1,0
26/08/25 09:36:50,274.562,703710,SHK0000001,2165,2164,794,4095,4095,4095,0,0,0,0,0,1,0
26/08/25 09:36:51,275.571,703710,SHK0000001,2167,2167,795,4095,4095,4095,0,0,0,0,0,1,0
26/08/25 09:36:52,276.563,703710,SHK0000001,2168,2165,793,4095,4095,4095,0,0,0,0,0,1,0
26/08/25 09:36:53,277.569,703710,SHK0000001,2176,2168,794,4095,4095,4095,0,0,0,0,0,1,0
26/08/25 09:36:54,278.559,703710,SHK0000001,2170,2167,794,4095,4095,4095,0,0,0,0,0,1,0
26/08/25 09:36:55,279.566,703710,SHK0000001,2168,2167,793,4095,4095,4095,0,0,0,0,0,1,0
26/08/25 09:36:56,280.561,703710,SHK0000001,2164,2170,795,4095,4095,4095,0,0,0,0,0,1,0
26/08/25 09:36:57,281.569,703710,SHK0000001,2165,2169,794,4095,4095,4095,0,0,0,0,0,1,0
26/08/25 09:36:58,282.567,703710,SHK0000001,2164,2170,793,4095,4095,4095,0,0,0,0,0,1,0
26/08/25 09:36:59,283.567,703710,SHK0000001,2168,2168,794,4095,4095,4095,0,0,0,0,0,1,0
26/08/25 09:37:00,284.562,703710,SHK0000001,2170,2167,793,4095,4095,4095,0,0,0,0,0,1,0
26/08/25 09:37:01,285.567,703710,SHK0000001,2168,2167,792,4095,4095,4095,0,0,0,0,0,1,0
26/08/25 09:37:02,286.562,703710,SHK0000001,2169,2168,795,4095,4095,4095,0,0,0,0,0,1,0
26/08/25 09:37:03,287.571,703710,SHK0000001,2168,2167,793,4095,4095,4095,0,0,0,0,0,1,0
26/08/25 09:37:04,288.564,703710,SHK0000001,2169,2169,793,4095,4095,4095,0,0,0,0,0,1,0
26/08/25 09:37:05,289.574,703710,SHK0000001,2168,2160,794,4095,4095,4095,0,0,0,0,0,1,0
26/08/25 09:37:06,290.561,703710,SHK0000001,2168,2164,793,4095,4095,4095,0,0,0,0,0,1,0
26/08/25 09:37:07,291.571,703710,SHK0000001,2167,2167,793,4095,4095,4095,0,0,0,0,0,1,0
26/08/25 09:37:08,292.559,703710,SHK0000001,2167,2166,794,4095,4095,4095,0,0,0,0,0,1,0
26/08/25 09:37:09,293.572,703710,SHK0000001,2171,2166,793,4095,4095,4095,0,0,0,0,0,1,0
26/08/25 09:37:10,294.565,703710,SHK0000001,2161,2172,793,4095,4095,4095,0,0,0,0,0,1,0
26/08/25 09:37:11,295.567,703710,SHK0000001,2162,2166,794,4095,4095,4095,0,0,0,0,0,1,0
26/08/25 09:37:12,296.564,703710,SHK0000001,2167,2170,792,4095,4095,4095,0,0,0,0,0,1,0
26/08/25 09:37:13,297.571,703710,SHK0000001,2166,2173,794,4095,4095,4095,0,0,0,0,0,1,0
26/08/25 09:37:14,298.562,703710,SHK0000001,2172,2167,793,4095,4095,4095,0,0,0,0,0,1,0
26/08/25 09:37:15,299.571,703710,SHK0000001,2171,2169,793,4095,4095,4095,0,0,0,0,0,1,0
26/08/25 09:37:16,300.559,703710,SHK0000001,2172,2164,795,4095,4095,4095,0,0,0,0,0,1,0
26/08/25 09:37:17,301.571,703710,SHK0000001,2161,2170,793,4095,4095,4095,0,0,0,0,0,1,0
26/08/25 09:37:18,302.567,703710,SHK0000001,2159,2161,793,4095,4095,4095,0,0,0,0,0,1,0
26/08/25 09:37:19,303.575,703710,SHK0000001,2171,2168,794,4095,4095,4095,0,0,0,0,0,1,0
26/08/25 09:37:20,304.564,703710,SHK0000001,2171,2169,793,4095,4095,4095,0,0,0,0,0,1,0
26/08/25 09:37:21,305.567,703710,SHK0000001,2173,2166,793,4095,4095,4095,0,0,0,0,0,1,0
26/08/25 09:37:22,306.563,703710,SHK0000001,2168,2168,794,4095,4095,4095,0,0,0,0,0,1,0
26/08/25 09:37:23,307.567,703710,SHK0000001,2166,2176,793,4095,4095,4095,0,0,0,0,0,1,0
26/08/25 09:37:24,308.563,703710,SHK0000001,2165,2167,795,4095,4095,4095,0,0,0,0,0,1,0
26/08/25 09:37:25,309.569,703710,SHK0000001,2171,2169,794,4095,4095,4095,0,0,0,0,0,1,0
26/08/25 09:37:26,310.563,703710,SHK0000001,2165,2166,792,4095,4095,4095,0,0,0,0,0,1,0
26/08/25 09:37:27,311.573,703710,SHK0000001,2167,2168,795,4095,4095,4095,0,0,0,0,0,1,0
26/08/25 09:37:28,312.566,703710,SHK0000001,2168,2164,793,4095,4095,4095,0,0,0,0,0,1,0
26/08/25 09:37:29,313.572,703710,SHK0000001,2167,2168,792,4095,4095,4095,0,0,0,0,0,1,0
26/08/25 09:37:30,314.563,703710,SHK0000001,2169,2168,794,4095,4095,4095,0,0,0,0,0,1,0
26/08/25 09:37:31,315.569,703710,SHK0000001,2167,2162,793,4095,4095,4095,0,0,0,0,0,1,0
26/08/25 09:37:32,316.567,703710,SHK0000001,2169,2163,793,4095,4095,4095,0,0,0,0,0,1,0
26/08/25 09:37:33,317.57,703710,SHK0000001,2173,2170,794,4095,4095,4095,0,0,0,0,0,1,0
26/08/25 09:37:34,318.563,703710,SHK0000001,2163,2173,793,4095,4095,4095,0,0,0,0,0,1,0
26/08/25 09:37:35,319.565,703710,SHK0000001,2171,2158,794,4095,4095,4095,0,0,0,0,0,1,0
26/08/25 09:37:36,320.56,703710,SHK0000001,2176,2167,795,4095,4095,4095,0,0,0,0,0,1,0
26/08/25 09:37:37,321.565,703710,SHK0000001,2170,2166,792,4095,4095,4095,0,0,0,0,0,1,0
26/08/25 09:37:38,322.559,703710,SHK0000001,2162,2166,793,4095,4095,4095,0,0,0,0,0,1,0
26/08/25 09:37:39,323.572,703710,SHK0000001,2172,2160,794,4095,4095,4095,0,0,0,0,0,1,0
26/08/25 09:37:40,324.559,703710,SHK0000001,2166,2174,793,4095,4095,4095,0,0,0,0,0,1,0
26/08/25 09:37:41,325.572,703710,SHK0000001,2166,2165,795,4095,4095,4095,0,0,0,0,0,1,0
26/08/25 09:37:42,326.559,703710,SHK0000001,2165,2168,794,4095,4095,4095,0,0,0,0,0,1,0
26/08/25 09:37:43,327.575,703710,SHK0000001,2166,2169,793,4095,4095,4095,0,0,0,0,0,1,0
26/08/25 09:37:44,328.56,703710,SHK0000001,2164,2166,794,4095,4095,4095,0,0,0,0,0,1,0
26/08/25 09:37:45,329.572,703710,SHK0000001,2164,2173,793,4095,4095,4095,0,0,0,0,0,1,0
26/08/25 09:37:46,330.563,703710,SHK0000001,2165,2160,792,4095,4095,4095,0,0,0,0,0,1,0
26/08/25 09:37:47,331.571,703710,SHK0000001,2168,2163,795,4095,4095,4095,0,0,0,0,0,1,0
26/08/25 09:37:48,332.562,703710,SHK0000001,2170,2167,793,4095,4095,4095,0,0,0,0,0,1,0
26/08/25 09:37:49,333.572,703710,SHK0000001,2170,2165,793,4095,4095,4095,0,0,0,0,0,1,0
26/08/25 09:37:50,334.558,703710,SHK0000001,2156,2161,794,4095,4095,4095,0,0,0,0,0,1,0
26/08/25 09:37:51,335.573,703710,SHK0000001,2163,2166,793,4095,4095,4095,0,0,0,0,0,1,0
26/08/25 09:37:52,336.563,703710,SHK0000001,2178,2160,793,4095,4095,4095,0,0,0,0,0,1,0
26/08/25 09:37:53,337.566,703710,SHK0000001,2167,2172,794,4095,4095,4095,0,0,0,0,0,1,0
26/08/25 09:37:54,338.558,703710,SHK0000001,2174,2169,792,4095,4095,4095,0,0,0,0,0,1,0
26/08/25 09:37:55,339.564,703710,SHK0000001,2170,2165,795,4095,4095,4095,0,0,0,0,0,1,0
26/08/25 09:37:56,340.566,703710,SHK0000001,2165,2168,794,4095,4095,4095,0,0,0,0,0,1,0
26/08/25 09:37:57,341.566,703710,SHK0000001,2166,2169,792,4095,4095,4095,0,0,0,0,0,1,0
26/08/25 09:37:58,342.564,703710,SHK0000001,2171,2166,794,4095,4095,4095,0,0,0,0,0,1,0
26/08/25 09:37:59,343.575,703710,SHK0000001,2164,2162,794,4095,4095,4095,0,0,0,0,0,1,0
26/08/25 09:38:00,344.566,703710,SHK0000001,2160,2172,793,4095,4095,4095,0,0,0,0,0,1,0
26/08/25 09:38:01,345.565,703710,SHK0000001,2168,2168,795,4095,4095,4095,0,0,0,0,0,1,0
26/08/25 09:38:02,346.564,703710,SHK0000001,2165,2169,793,4095,4095,4095,0,0,0,0,0,1,0
26/08/25 09:38:03,347.572,703710,SHK0000001,2168,2164,793,4095,4095,4095,0,0,0,0,0,1,0
26/08/25 09:38:04,348.558,703710,SHK0000001,2165,2166,795,4095,4095,4095,0,0,0,0,0,1,0
26/08/25 09:38:05,349.571,703710,SHK0000001,2168,2168,793,4095,4095,4095,0,0,0,0,0,1,0
26/08/25 09:38:06,350.566,703710,SHK0000001,2165,2173,794,4095,4095,4095,0,0,0,0,0,1,0
26/08/25 09:38:07,351.571,703710,SHK0000001,2159,2167,794,4095,4095,4095,0,0,0,0,0,1,0
26/08/25 09:38:08,352.561,703710,SHK0000001,2165,2167,792,4095,4095,4095,0,0,0,0,0,1,0
26/08/25 09:38:09,353.569,703710,SHK0000001,2168,2167,793,4095,4095,4095,0,0,0,0,0,1,0
26/08/25 09:38:10,354.56,703710,SHK0000001,2174,2165,794,4095,4095,4095,0,0,0,0,0,1,0
26/08/25 09:38:11,355.573,703710,SHK0000001,2165,2166,792,4095,4095,4095,0,0,0,0,0,1,0
26/08/25 09:38:12,356.567,703710,SHK0000001,2176,2170,794,4095,4095,4095,0,0,0,0,0,1,0
26/08/25 09:38:13,357.57,703710,SHK0000001,2174,2164,793,4095,4095,4095,0,0,0,0,0,1,0
26/08/25 09:38:14,358.561,703710,SHK0000001,2170,2169,793,4095,4095,4095,0,0,0,0,0,1,0
26/08/25 09:38:15,359.574,703710,SHK0000001,2168,2161,795,4095,4095,4095,0,0,0,0,0,1,0
26/08/25 09:38:16,360.56,703710,SHK0000001,2165,2172,793,4095,4095,4095,0,0,0,0,0,1,0
26/08/25 09:38:17,361.565,703710,SHK0000001,2162,2166,793,4095,4095,4095,0,0,0,0,0,1,0
26/08/25 09:38:18,362.56,703710,SHK0000001,2167,2169,795,4095,4095,4095,0,0,0,0,0,1,0
26/08/25 09:38:19,363.568,703710,SHK0000001,2170,2169,794,4095,4095,4095,0,0,0,0,0,1,0
26/08/25 09:38:20,364.56,703710,SHK0000001,2164,2166,793,4095,4095,4095,0,0,0,0,0,1,0
26/08/25 09:38:21,365.573,703710,SHK0000001,2168,2169,795,4095,4095,4095,0,0,0,0,0,1,0
26/08/25 09:38:22,366.564,703710,SHK0000001,2173,2167,793,4095,4095,4095,0,0,0,0,0,0,0
26/08/25 09:38:23,367.569,703710,SHK0000001,2167,2164,795,4095,4095,4095,0,0,0,0,0,0,0
26/08/25 09:38:24,368.561,703710,SHK0000001,2168,2163,794,4095,4095,4095,0,0,0,0,0,0,0
26/08/25 09:38:25,369.572,703710,SHK0000001,2163,2168,792,4095,4095,4095,0,0,0,0,0,0,0
26/08/25 09:38:26,370.557,703710,SHK0000001,2169,2159,794,4095,4095,4095,0,0,0,0,0,0,0
26/08/25 09:38:27,371.568,703710,SHK0000001,2168,2171,794,4095,4095,4095,0,0,0,0,0,0,0
26/08/25 09:38:28,372.562,703710,SHK0000001,2165,2158,793,4095,4095,4095,0,0,0,0,0,0,0
26/08/25 09:38:29,373.571,703710,SHK0000001,2163,2167,793,4095,4095,4095,0,0,0,0,0,0,0
26/08/25 09:38:30,374.562,703710,SHK0000001,2168,2167,793,4095,4095,4095,0,0,0,0,0,0,0
26/08/25 09:38:31,375.566,703710,SHK0000001,2170,2169,792,4095,4095,4095,0,0,0,0,0,0,0
26/08/25 09:38:32,376.56,703710,SHK0000001,2170,2164,794,4095,4095,4095,0,0,0,0,0,0,0
26/08/25 09:38:33,377.571,703710,SHK0000001,2163,2172,793,4095,4095,4095,0,0,0,0,0,0,0
26/08/25 09:38:34,378.563,703710,SHK0000001,2165,2174,792,4095,4095,4095,0,0,0,0,0,0,0
26/08/25 09:38:35,379.572,703710,SHK0000001,2174,2170,794,4095,4095,4095,0,0,0,0,0,0,0
26/08/25 09:38:36,380.567,703710,SHK0000001,2169,2169,792,4095,4095,4095,0,0,0,0,0,0,0
26/08/25 09:38:37,381.57,703710,SHK0000001,2167,2164,793,4095,4095,4095,0,0,0,0,0,0,0
26/08/25 09:38:38,382.567,703710,SHK0000001,2162,2165,794,4095,4095,4095,0,0,0,0,0,0,0
26/08/25 09:38:39,383.573,703710,SHK0000001,2168,2166,792,4095,4095,4095,0,0,0,0,0,0,0
26/08/25 09:38:40,384.566,703710,SHK0000001,2165,2164,794,4095,4095,4095,0,0,0,0,0,0,0
26/08/25 09:38:41,385.572,703710,SHK0000001,2171,2166,794,4095,4095,4095,0,0,0,0,0,0,0
26/08/25 09:38:42,386.558,703710,SHK0000001,2163,2170,792,4095,4095,4095,0,0,0,0,0,0,0
26/08/25 09:38:43,387.567,703710,SHK0000001,2169,2164,794,4095,4095,4095,0,0,0,0,0,0,0
26/08/25 09:38:44,388.56,703710,SHK0000001,2164,2166,794,4095,4095,4095,0,0,0,0,0,0,0
26/08/25 09:38:45,389.572,703710,SHK0000001,2168,2162,794,4095,4095,4095,0,0,0,0,0,0,0
26/08/25 09:38:46,390.564,703710,SHK0000001,2133,2131,795,4095,4095,4095,0,0,0,0,0,0,0
26/08/25 09:38:47,391.57,703710,SHK0000001,2132,2148,794,4095,4095,4095,0,0,0,0,0,0,0
26/08/25 09:38:48,392.561,703710,SHK0000001,2171,2172,795,4095,4095,4095,0,0,0,0,0,0,0
26/08/25 09:38:49,393.566,703710,SHK0000001,2173,2169,796,4095,4095,4095,0,0,0,0,0,0,0
26/08/25 09:38:50,394.566,703710,SHK0000001,2156,2161,795,4095,4095,4095,0,0,0,0,0,0,0
26/08/25 09:38:51,395.565,703710,SHK0000001,2088,2082,795,4095,4095,4095,0,0,0,0,0,0,0
26/08/25 09:38:52,396.562,703710,SHK0000001,2072,2079,796,4095,4095,4095,0,0,0,0,0,0,0
26/08/25 09:38:53,397.573,703710,SHK0000001,2071,2080,795,4095,4095,4095,0,0,0,0,0,0,0
26/08/25 09:38:54,398.56,703710,SHK0000001,2078,2082,796,4095,4095,4095,0,0,0,0,0,0,0
26/08/25 09:38:55,399.569,703710,SHK0000001,2074,2072,796,4095,4095,4095,0,0,0,0,0,0,0
26/08/25 09:38:56,400.564,703710,SHK0000001,2074,2082,795,4095,4095,4095,0,0,0,0,0,0,0
26/08/25 09:38:57,401.571,703710,SHK0000001,2082,2080,797,4095,4095,4095,0,0,0,0,0,0,0
26/08/25 09:38:58,402.566,703710,SHK0000001,2083,2080,797,4095,4095,4095,0,0,0,0,0,0,0
26/08/25 09:38:59,403.568,703710,SHK0000001,2082,2076,796,4095,4095,4095,0,0,0,0,0,0,0
26/08/25 09:39:00,404.561,703710,SHK0000001,2086,2078,799,4095,4095,4095,0,0,0,0,0,0,0
26/08/25 09:39:01,405.566,703710,SHK0000001,2086,2077,798,4095,4095,4095,0,0,0,0,0,0,0
26/08/25 09:39:02,406.558,703710,SHK0000001,2080,2079,797,4095,4095,4095,0,0,0,0,0,0,0
26/08/25 09:39:03,407.568,703710,SHK0000001,2079,2082,800,4095,4095,4095,0,0,0,0,0,0,0
26/08/25 09:39:04,408.563,703710,SHK0000001,2087,2084,798,4095,4095,4095,0,0,0,0,0,0,0
26/08/25 09:39:05,409.565,703710,SHK0000001,2089,2097,797,4095,4095,4095,0,0,0,0,0,0,0
26/08/25 09:39:06,410.559,703710,SHK0000001,2022,1859,800,4095,4095,4095,0,0,0,0,0,0,0
26/08/25 09:39:07,411.571,703710,SHK0000001,2103,2104,798,4095,4095,4095,0,0,0,0,0,0,0
26/08/25 09:39:08,412.562,703710,SHK0000001,2110,2101,797,4095,4095,4095,0,0,0,0,0,0,0
26/08/25 09:39:09,413.569,703710,SHK0000001,2081,2089,799,4095,4095,4095,0,0,0,0,0,0,0
26/08/25 09:39:10,414.56,703710,SHK0000001,2100,2097,797,4095,4095,4095,0,0,0,0,0,0,0
26/08/25 09:39:11,415.566,703710,SHK0000001,2088,2107,799,4095,4095,4095,0,0,0,0,0,0,0
26/08/25 09:39:12,416.557,703710,SHK0000001,2114,2119,799,4095,4095,4095,0,0,0,0,0,0,0
26/08/25 09:39:13,417.573,703710,SHK0000001,2107,2111,797,4095,4095,4095,0,0,0,0,0,0,0
26/08/25 09:39:14,418.564,703710,SHK0000001,2112,2103,800,4095,4095,4095,0,0,0,0,0,0,0
26/08/25 09:39:15,419.567,703710,SHK0000001,2114,2104,798,4095,4095,4095,0,0,0,0,0,0,0
26/08/25 09:39:16,420.558,703710,SHK0000001,2091,2112,799,4095,4095,4095,0,0,0,0,0,0,0
26/08/25 09:39:17,421.569,703710,SHK0000001,2111,2116,800,4095,4095,4095,0,0,0,0,0,0,0
26/08/25 09:39:18,422.564,703710,SHK0000001,2112,2109,799,4095,4095,4095,0,0,0,0,0,0,0
26/08/25 09:39:19,423.567,703710,SHK0000001,2111,2105,799,4095,4095,4095,0,0,0,0,0,0,0
26/08/25 09:39:20,424.563,703710,SHK0000001,2112,2116,801,4095,4095,4095,0,0,0,0,0,0,0
26/08/25 09:39:21,425.572,703710,SHK0000001,2107,2117,799,4095,4095,4095,0,0,0,0,0,0,0
26/08/25 09:39:22,426.564,703710,SHK0000001,2117,2117,800,4095,4095,4095,0,0,0,0,0,0,0
26/08/25 09:39:23,427.565,703710,SHK0000001,2115,2107,801,4095,4095,4095,0,0,0,0,0,0,0
26/08/25 09:39:24,428.567,703710,SHK0000001,2115,2106,799,4095,4095,4095,0,0,0,0,0,0,0
26/08/25 09:39:25,429.574,703710,SHK0000001,2115,2114,800,4095,4095,4095,0,0,0,0,0,0,0
26/08/25 09:39:26,430.563,703710,SHK0000001,2110,2110,800,4095,4095,4095,0,0,0,0,0,0,0
26/08/25 09:39:27,431.574,703710,SHK0000001,2114,2115,798,4095,4095,4095,0,0,0,0,0,0,0
26/08/25 09:39:28,432.564,703710,SHK0000001,2111,2106,799,4095,4095,4095,0,0,0,0,0,0,0
26/08/25 09:39:29,433.573,703710,SHK0000001,2118,2109,799,4095,4095,4095,0,0,0,0,0,0,0
26/08/25 09:39:30,434.559,703710,SHK0000001,2117,2106,798,4095,4095,4095,0,0,0,0,0,0,0
26/08/25 09:39:31,435.566,703710,SHK0000001,2112,2111,801,4095,4095,4095,0,0,0,0,0,0,0
26/08/25 09:39:32,436.561,703710,SHK0000001,2108,2106,800,4095,4095,4095,0,0,0,0,0,0,0
26/08/25 09:39:33,437.567,703710,SHK0000001,2118,2114,799,4095,4095,4095,0,0,0,0,0,0,0
26/08/25 09:39:34,438.558,703710,SHK0000001,2114,2114,801,4095,4095,4095,0,0,0,0,0,0,0
26/08/25 09:39:35,439.575,703710,SHK0000001,2110,2108,798,4095,4095,4095,0,0,0,0,0,0,0
26/08/25 09:39:36,440.562,703710,SHK0000001,2121,2113,799,4095,4095,4095,0,0,0,0,0,0,0
26/08/25 09:39:37,441.571,703710,SHK0000001,2107,2112,800,4095,4095,4095,0,0,0,0,0,0,0
26/08/25 09:39:38,442.562,703710,SHK0000001,2100,2108,798,4095,4095,4095,0,0,0,0,0,0,0
26/08/25 09:39:39,443.569,703710,SHK0000001,2086,2103,800,4095,4095,4095,0,0,0,0,0,0,0
26/08/25 09:39:40,444.558,703710,SHK0000001,2094,2096,800,4095,4095,4095,0,0,0,0,0,0,0
26/08/25 09:39:41,445.573,703710,SHK0000001,2095,2116,799,4095,4095,4095,0,0,0,0,0,0,0
26/08/25 09:39:42,446.566,703710,SHK0000001,2114,2111,800,4095,4095,4095,0,0,0,0,0,0,0
26/08/25 09:39:43,447.567,703710,SHK0000001,2109,2113,800,4095,4095,4095,0,0,0,0,0,0,0
26/08/25 09:39:44,448.558,703710,SHK0000001,2110,2109,799,4095,4095,4095,0,0,0,0,0,0,0
26/08/25 09:39:45,449.567,703710,SHK0000001,2103,2096,801,4095,4095,4095,0,0,0,0,0,0,0
26/08/25 09:39:46,450.557,703710,SHK0000001,2120,2118,800,4095,4095,4095,0,0,0,0,0,0,0
26/08/25 09:39:47,451.571,703710,SHK0000001,2111,2115,800,4095,4095,4095,0,0,0,0,0,0,0
26/08/25 09:39:48,452.561,703710,SHK0000001,2111,2118,802,4095,4095,4095,0,0,0,0,0,0,0
26/08/25 09:39:49,453.569,703710,SHK0000001,2103,2115,800,4095,4095,4095,0,0,0,0,0,0,0
26/08/25 09:39:50,454.564,703710,SHK0000001,2114,2113,800,4095,4095,4095,0,0,0,0,0,0,0
26/08/25 09:39:51,455.57,703710,SHK0000001,2117,2116,801,4095,4095,4095,0,0,0,0,0,0,0
26/08/25 09:39:52,456.562,703710,SHK0000001,2112,2115,800,4095,4095,4095,0,0,0,0,0,0,0
26/08/25 09:39:53,457.569,703710,SHK0000001,2116,2108,799,4095,4095,4095,0,0,0,0,0,0,0
26/08/25 09:39:54,458.563,703710,SHK0000001,2110,2119,801,4095,4095,4095,0,0,0,0,0,0,0
26/08/25 09:39:55,459.569,703710,SHK0000001,2086,2092,799,4095,4095,4095,0,0,0,0,0,0,0
26/08/25 09:39:56,460.557,703710,SHK0000001,2107,2108,800,4095,4095,4095,0,0,0,0,0,0,0
26/08/25 09:39:57,461.569,703710,SHK0000001,2111,2116,801,4095,4095,4095,0,0,0,0,0,0,0
26/08/25 09:39:58,462.564,703710,SHK0000001,2110,2113,799,4095,4095,4095,0,0,0,0,0,0,0
26/08/25 09:39:59,463.573,703710,SHK0000001,2112,2114,800,4095,4095,4095,0,0,0,0,0,0,0
26/08/25 09:40:00,464.558,703710,SHK0000001,2119,2112,800,4095,4095,4095,0,0,0,0,0,0,0
26/08/25 09:40:01,465.571,703710,SHK0000001,2110,2117,799,4095,4095,4095,0,0,0,0,0,0,0
26/08/25 09:40:02,466.565,703710,SHK0000001,2114,2119,801,4095,4095,4095,0,0,0,0,0,0,0
26/08/25 09:40:03,467.566,703710,SHK0000001,2086,2110,799,4095,4095,4095,0,0,0,0,0,0,0
26/08/25 09:40:04,468.559,703710,SHK0000001,2119,2118,799,4095,4095,4095,0,0,0,0,0,0,0
26/08/25 09:40:05,469.568,703710,SHK0000001,2108,2110,800,4095,4095,4095,0,0,0,0,0,0,0
26/08/25 09:40:06,470.559,703710,SHK0000001,2119,2114,799,4095,4095,4095,0,0,0,0,0,0,0
26/08/25 09:40:07,471.571,703710,SHK0000001,2114,2112,799,4095,4095,4095,0,0,0,0,0,0,0
26/08/25 09:40:08,472.566,703710,SHK0000001,2114,2105,800,4095,4095,4095,0,0,0,0,0,0,0
26/08/25 09:40:09,473.568,703710,SHK0000001,2108,2110,798,4095,4095,4095,0,0,0,0,0,0,0
26/08/25 09:40:10,474.56,703710,SHK0000001,2110,2106,800,4095,4095,4095,0,0,0,0,0,0,0
26/08/25 09:40:11,475.573,703710,SHK0000001,2113,2107,801,4095,4095,4095,0,0,0,0,0,0,0
26/08/25 09:40:12,476.562,703710,SHK0000001,2101,2108,798,4095,4095,4095,0,0,0,0,0,0,0
26/08/25 09:40:13,477.57,703710,SHK0000001,2112,2116,801,4095,4095,4095,0,0,0,0,0,0,0
26/08/25 09:40:14,478.564,703710,SHK0000001,2110,2107,799,4095,4095,4095,0,0,0,0,0,0,0
26/08/25 09:40:15,479.567,703710,SHK0000001,2104,2109,799,4095,4095,4095,0,0,0,0,0,0,0
26/08/25 09:40:16,480.565,703710,SHK0000001,2118,2113,800,4095,4095,4095,0,0,0,0,0,0,0
26/08/25 09:40:17,481.571,703710,SHK0000001,2109,2112,799,4095,4095,4095,0,0,0,0,0,0,0
26/08/25 09:40:18,482.565,703710,SHK0000001,2108,2109,798,4095,4095,4095,0,0,0,0,0,0,0
26/08/25 09:40:19,483.566,703710,SHK0000001,2112,2112,800,4095,4095,4095,0,0,0,0,0,0,0
26/08/25 09:40:20,484.56,703710,SHK0000001,2111,2112,799,4095,4095,4095,0,0,0,0,0,0,0
26/08/25 09:40:21,485.573,703710,SHK0000001,2114,2116,799,4095,4095,4095,0,0,0,0,0,0,0
26/08/25 09:40:22,486.563,703710,SHK0000001,2102,2104,800,4095,4095,4095,0,0,0,0,0,0,0
26/08/25 09:40:23,487.567,703710,SHK0000001,2110,2109,799,4095,4095,4095,0,0,0,0,0,0,0
26/08/25 09:40:24,488.556,703710,SHK0000001,2108,2112,800,4095,4095,4095,0,0,0,0,0,0,0
26/08/25 09:40:25,489.569,703710,SHK0000001,2110,2109,798,4095,4095,4095,0,0,0,0,0,0,0
26/08/25 09:40:26,490.563,703710,SHK0000001,2112,2108,795,4095,4095,4095,0,0,0,0,0,0,0
26/08/25 09:40:27,491.57,703710,SHK0000001,2115,2112,796,4095,4095,4095,0,0,0,0,0,0,0
26/08/25 09:40:28,492.557,703710,SHK0000001,2093,2119,794,4095,4095,4095,0,0,0,0,0,0,0
26/08/25 09:40:29,493.571,703710,SHK0000001,2106,2109,793,4095,4095,4095,0,0,0,0,0,0,0
26/08/25 09:40:30,494.565,703710,SHK0000001,2115,2115,795,4095,4095,4095,0,0,0,0,0,0,0
26/08/25 09:40:31,495.566,703710,SHK0000001,2113,2106,794,4095,4095,4095,0,0,0,0,0,0,0
26/08/25 09:40:32,496.566,703710,SHK0000001,2099,2110,794,4095,4095,4095,0,0,0,0,0,0,0
26/08/25 09:40:33,497.566,703710,SHK0000001,2114,2105,797,4095,4095,4095,0,0,0,0,0,0,0
26/08/25 09:40:34,498.56,703710,SHK0000001,2104,2105,795,4095,4095,4095,0,0,0,0,0,0,0
26/08/25 09:40:35,499.567,703710,SHK0000001,2113,2111,795,4095,4095,4095,0,0,0,0,0,0,0
26/08/25 09:40:36,500.565,703710,SHK0000001,2109,2113,797,4095,4095,4095,0,0,0,0,0,0,0
26/08/25 09:40:37,501.566,703710,SHK0000001,2115,2107,795,4095,4095,4095,0,0,0,0,0,0,0
26/08/25 09:40:38,502.56,703710,SHK0000001,2107,2102,796,4095,4095,4095,0,0,0,0,0,0,0
26/08/25 09:40:39,503.569,703710,SHK0000001,2106,2117,795,4095,4095,4095,0,0,0,0,0,0,0
26/08/25 09:40:40,504.561,703710,SHK0000001,2106,2106,792,4095,4095,4095,0,0,0,0,0,0,0
26/08/25 09:40:41,505.569,703710,SHK0000001,2093,2101,794,4095,4095,4095,0,0,0,0,0,0,0
26/08/25 09:40:42,506.556,703710,SHK0000001,2110,2111,794,4095,4095,4095,0,0,0,0,0,0,0
26/08/25 09:40:43,507.573,703710,SHK0000001,2111,2112,794,4095,4095,4095,0,0,0,0,0,0,0
26/08/25 09:40:44,508.559,703710,SHK0000001,2115,2109,795,4095,4095,4095,0,0,0,0,0,0,0
26/08/25 09:40:45,509.572,703710,SHK0000001,2109,2114,795,4095,4095,4095,0,0,0,0,0,0,0
26/08/25 09:40:46,510.559,703710,SHK0000001,2100,2105,794,4095,4095,4095,0,0,0,0,0,0,0
26/08/25 09:40:47,511.573,703710,SHK0000001,2111,2113,794,4095,4095,4095,0,0,0,0,0,0,0
26/08/25 09:40:48,512.56,703710,SHK0000001,2113,2111,792,4095,4095,4095,0,0,0,0,0,0,0
26/08/25 09:40:49,513.574,703710,SHK0000001,2113,2107,790,4095,4095,4095,0,0,0,0,0,0,0
26/08/25 09:40:50,514.563,703710,SHK0000001,2106,2105,792,4095,4095,4095,0,0,0,0,0,0,0
26/08/25 09:40:51,515.569,703710,SHK0000001,2103,2113,790,4095,4095,4095,0,0,0,0,0,0,0
26/08/25 09:40:52,516.566,703710,SHK0000001,2114,2113,793,4095,4095,4095,0,0,0,0,0,0,0
26/08/25 09:40:53,517.571,703710,SHK0000001,2115,2110,794,4095,4095,4095,0,0,0,0,0,0,0
26/08/25 09:40:54,518.566,703710,SHK0000001,2105,2112,793,4095,4095,4095,0,0,0,0,0,0,0
26/08/25 09:40:55,519.567,703710,SHK0000001,2110,2110,795,4095,4095,4095,0,0,0,0,0,0,0
26/08/25 09:40:56,520.557,703710,SHK0000001,2114,2110,794,4095,4095,4095,0,0,0,0,0,0,0
26/08/25 09:40:57,521.568,703710,SHK0000001,2108,2108,793,4095,4095,4095,0,0,0,0,0,0,0
26/08/25 09:40:58,522.564,703710,SHK0000001,2117,2109,795,4095,4095,4095,0,0,0,0,0,0,0
26/08/25 09:40:59,523.572,703710,SHK0000001,2108,2117,795,4095,4095,4095,0,0,0,0,0,0,0
26/08/25 09:41:00,524.557,703710,SHK0000001,2114,2109,793,4095,4095,4095,0,0,0,0,0,0,0
26/08/25 09:41:01,525.573,703710,SHK0000001,2108,2118,793,4095,4095,4095,0,0,0,0,0,0,0
26/08/25 09:41:02,526.561,703710,SHK0000001,2107,2113,791,4095,4095,4095,0,0,0,0,0,0,0
26/08/25 09:41:03,527.565,703710,SHK0000001,2108,2118,790,4095,4095,4095,0,0,0,0,0,0,0
26/08/25 09:41:04,528.562,703710,SHK0000001,2110,2112,792,4095,4095,4095,0,0,0,0,0,0,0
26/08/25 09:41:05,529.57,703710,SHK0000001,2110,2111,792,4095,4095,4095,0,0,0,0,0,0,0
26/08/25 09:41:06,530.566,703710,SHK0000001,2112,2112,792,4095,4095,4095,0,0,0,0,0,0,0
26/08/25 09:41:07,531.569,703710,SHK0000001,2115,2109,794,4095,4095,4095,0,0,0,0,0,0,0
26/08/25 09:41:08,532.564,703710,SHK0000001,2113,2108,792,4095,4095,4095,0,0,0,0,0,0,0
26/08/25 09:41:09,533.572,703710,SHK0000001,2116,2108,792,4095,4095,4095,0,0,0,0,0,0,0
26/08/25 09:41:10,534.558,703710,SHK0000001,2110,2104,793,4095,4095,4095,0,0,0,0,0,0,0
26/08/25 09:41:11,535.568,703710,SHK0000001,2110,2103,792,4095,4095,4095,0,0,0,0,0,0,0
26/08/25 09:41:12,536.559,703710,SHK0000001,2110,2113,793,4095,4095,4095,0,0,0,0,0,0,0
26/08/25 09:41:13,537.566,703710,SHK0000001,2108,2113,793,4095,4095,4095,0,0,0,0,0,0,0
26/08/25 09:41:14,538.561,703710,SHK0000001,2104,2115,792,4095,4095,4095,0,0,0,0,0,0,0
26/08/25 09:41:15,539.568,703710,SHK0000001,2111,2109,794,4095,4095,4095,0,0,0,0,0,0,0
26/08/25 09:41:16,540.561,703710,SHK0000001,2108,2106,793,4095,4095,4095,0,0,0,0,0,0,0
26/08/25 09:41:17,541.566,703710,SHK0000001,2113,2104,792,4095,4095,4095,0,0,0,0,0,0,0
26/08/25 09:41:18,542.559,703710,SHK0000001,2112,2111,794,4095,4095,4095,0,0,0,0,0,0,0
26/08/25 09:41:19,543.564,703710,SHK0000001,2106,2106,793,4095,4095,4095,0,0,0,0,0,0,0
26/08/25 09:41:20,544.556,703710,SHK0000001,2106,2114,792,4095,4095,4095,0,0,0,0,0,0,0
26/08/25 09:41:21,545.567,703710,SHK0000001,2118,2114,794,4095,4095,4095,0,0,0,0,0,0,0
26/08/25 09:41:22,546.559,703710,SHK0000001,2111,2116,793,4095,4095,4095,0,0,0,0,0,0,0
26/08/25 09:41:23,547.571,703710,SHK0000001,2098,2101,793,4095,4095,4095,0,0,0,0,0,0,0
26/08/25 09:41:24,548.567,703710,SHK0000001,2109,2108,794,4095,4095,4095,0,0,0,0,0,0,0
26/08/25 09:41:25,549.567,703710,SHK0000001,2114,2106,792,4095,4095,4095,0,0,0,0,0,0,0
26/08/25 09:41:26,550.563,703710,SHK0000001,2117,2115,793,4095,4095,4095,0,0,0,0,0,0,0
26/08/25 09:41:27,551.569,703710,SHK0000001,2106,2111,793,4095,4095,4095,0,0,0,0,0,0,0
26/08/25 09:41:28,552.563,703710,SHK0000001,2111,2109,792,4095,4095,4095,0,0,0,0,0,0,0
26/08/25 09:41:29,553.567,703710,SHK0000001,2095,2097,795,4095,4095,4095,0,0,0,0,0,0,0
26/08/25 09:41:30,554.557,703710,SHK0000001,2123,2123,794,4095,4095,4095,0,0,0,0,0,0,0
26/08/25 09:41:31,555.574,703710,SHK0000001,2120,2124,793,4095,4095,4095,0,0,0,0,0,0,0
26/08/25 09:41:32,556.566,703710,SHK0000001,2121,2121,794,4095,4095,4095,0,0,0,0,0,0,0
26/08/25 09:41:33,557.569,703710,SHK0000001,2120,2118,794,4095,4095,4095,0,0,0,0,0,0,0
26/08/25 09:41:34,558.56,703710,SHK0000001,2162,2163,793,4095,4095,4095,0,0,0,0,0,0,0
26/08/25 09:41:35,559.572,703710,SHK0000001,2165,2160,795,4095,4095,4095,0,0,0,0,0,0,0
26/08/25 09:41:36,560.557,703710,SHK0000001,2164,2157,793,4095,4095,4095,0,0,0,0,0,0,0
26/08/25 09:41:37,561.569,703710,SHK0000001,2164,2158,794,4095,4095,4095,0,0,0,0,0,0,0
26/08/25 09:41:38,562.557,703710,SHK0000001,2157,2164,795,4095,4095,4095,0,0,0,0,0,0,0
26/08/25 09:41:39,563.565,703710,SHK0000001,2161,2164,794,4095,4095,4095,0,0,0,0,0,0,0
26/08/25 09:41:40,564.566,703710,SHK0000001,2165,2158,793,4095,4095,4095,0,0,0,0,0,0,0
26/08/25 09:41:41,565.567,703710,SHK0000001,2163,2163,795,4095,4095,4095,0,0,0,0,0,0,0
26/08/25 09:41:42,566.566,703710,SHK0000001,2159,2166,792,4095,4095,4095,0,0,0,0,0,0,0
26/08/25 09:41:43,567.57,703710,SHK0000001,2164,2156,794,4095,4095,4095,0,0,0,0,0,0,0
26/08/25 09:41:44,568.567,703710,SHK0000001,2159,2167,794,4095,4095,4095,0,0,0,0,0,0,0
26/08/25 09:41:45,569.567,703710,SHK0000001,2165,2161,793,4095,4095,4095,0,0,0,0,0,0,0
26/08/25 09:41:46,570.561,703710,SHK0000001,2168,2167,795,4095,4095,4095,0,0,0,0,0,0,0
26/08/25 09:41:47,571.566,703710,SHK0000001,2159,2160,794,4095,4095,4095,0,0,0,0,0,0,0
26/08/25 09:41:48,572.557,703710,SHK0000001,2163,2164,793,4095,4095,4095,0,0,0,0,0,0,0
26/08/25 09:41:49,573.572,703710,SHK0000001,2156,2161,794,4095,4095,4095,0,0,0,0,0,0,0
26/08/25 09:41:50,574.557,703710,SHK0000001,2171,2170,793,4095,4095,4095,0,0,0,0,0,0,0
26/08/25 09:41:51,575.568,703710,SHK0000001,2166,2169,794,4095,4095,4095,0,0,0,0,0,0,0
26/08/25 09:41:52,576.565,703710,SHK0000001,2167,2171,794,4095,4095,4095,0,0,0,0,0,0,0
26/08/25 09:41:53,577.57,703710,SHK0000001,2165,2170,793,4095,4095,4095,0,0,0,0,0,0,0
26/08/25 09:41:54,578.565,703710,SHK0000001,2168,2168,795,4095,4095,4095,0,0,0,0,0,0,0
26/08/25 09:41:55,579.571,703710,SHK0000001,2170,2170,796,4095,4095,4095,0,0,0,0,0,0,0
26/08/25 09:41:56,580.563,703710,SHK0000001,2177,2169,793,4095,4095,4095,0,0,0,0,0,0,0
26/08/25 09:41:57,581.569,703710,SHK0000001,2166,2166,794,4095,4095,4095,0,0,0,0,0,0,0
26/08/25 09:41:58,582.564,703710,SHK0000001,2170,2169,794,4095,4095,4095,0,0,0,0,0,0,0
26/08/25 09:41:59,583.573,703710,SHK0000001,2173,2175,793,4095,4095,4095,0,0,0,0,0,0,0
26/08/25 09:42:00,584.559,703710,SHK0000001,2170,2175,795,4095,4095,4095,0,0,0,0,0,0,0
26/08/25 09:42:01,585.574,703710,SHK0000001,2172,2178,795,4095,4095,4095,0,0,0,0,0,0,0
26/08/25 09:42:02,586.566,703710,SHK0000001,2171,2170,793,4095,4095,4095,0,0,0,0,0,0,0
26/08/25 09:42:03,587.571,703710,SHK0000001,2174,2170,795,4095,4095,4095,0,0,0,0,0,0,0
26/08/25 09:42:04,588.565,703710,SHK0000001,2170,2167,793,4095,4095,4095,0,0,0,0,0,0,0
26/08/25 09:42:05,589.567,703710,SHK0000001,2169,2169,793,4095,4095,4095,0,0,0,0,0,0,0
26/08/25 09:42:06,590.562,703710,SHK0000001,2175,2165,795,4095,4095,4095,0,0,0,0,0,0,0
26/08/25 09:42:07,591.566,703710,SHK0000001,2175,2171,793,4095,4095,4095,0,0,0,0,0,0,0
26/08/25 09:42:08,592.558,703710,SHK0000001,2171,2170,794,4095,4095,4095,0,0,0,0,0,0,0
26/08/25 09:42:09,593.567,703710,SHK0000001,2167,2169,795,4095,4095,4095,0,0,0,0,0,0,0
26/08/25 09:42:10,594.557,703710,SHK0000001,2167,2172,793,4095,4095,4095,0,0,0,0,0,0,0
26/08/25 09:42:11,595.57,703710,SHK0000001,2169,2170,794,4095,4095,4095,0,0,0,0,0,0,0
26/08/25 09:42:12,596.559,703710,SHK0000001,2172,2172,794,4095,4095,4095,0,0,0,0,0,0,0
26/08/25 09:42:13,597.565,703710,SHK0000001,2160,2167,793,4095,4095,4095,0,0,0,0,0,0,0
26/08/25 09:42:14,598.565,703710,SHK0000001,2177,2174,795,4095,4095,4095,0,0,0,0,0,0,0
26/08/25 09:42:15,599.574,703710,SHK0000001,2156,2165,794,4095,4095,4095,0,0,0,0,0,0,0
26/08/25 09:42:16,600.558,703710,SHK0000001,2168,2170,793,4095,4095,4095,0,0,0,0,0,0,0
26/08/25 09:42:17,601.572,703710,SHK0000001,2175,2180,796,4095,4095,4095,0,0,0,0,0,0,0
26/08/25 09:42:18,602.56,703710,SHK0000001,2169,2174,794,4095,4095,4095,0,0,0,0,0,0,0
26/08/25 09:42:19,603.564,703710,SHK0000001,2171,2169,794,4095,4095,4095,0,0,0,0,0,0,0
26/08/25 09:42:20,604.559,703710,SHK0000001,2163,2169,796,4095,4095,4095,0,0,0,0,0,0,0
26/08/25 09:42:21,605.574,703710,SHK0000001,2171,2169,793,4095,4095,4095,0,0,0,0,0,0,0
26/08/25 09:42:22,606.559,703710,SHK0000001,2167,2164,794,4095,4095,4095,0,0,0,0,0,0,0
26/08/25 09:42:23,607.565,703710,SHK0000001,2165,2168,796,4095,4095,4095,0,0,0,0,0,0,0
26/08/25 09:42:24,608.566,703710,SHK0000001,2167,2169,794,4095,4095,4095,0,0,0,0,0,0,0
26/08/25 09:42:25,609.565,703710,SHK0000001,2161,2171,794,4095,4095,4095,0,0,0,0,0,0,0
26/08/25 09:42:26,610.566,703710,SHK0000001,2165,2171,795,4095,4095,4095,0,0,0,0,0,0,0
26/08/25 09:42:27,611.572,703710,SHK0000001,2170,2167,794,4095,4095,4095,0,0,0,0,0,0,0
26/08/25 09:42:28,612.562,703710,SHK0000001,2170,2171,794,4095,4095,4095,0,0,0,0,0,0,0
26/08/25 09:42:29,613.566,703710,SHK0000001,2171,2168,795,4095,4095,4095,0,0,0,0,0,0,0
26/08/25 09:42:30,614.556,703710,SHK0000001,2171,2160,793,4095,4095,4095,0,0,0,0,0,0,0
26/08/25 09:42:31,615.564,703710,SHK0000001,2177,2172,795,4095,4095,4095,0,0,0,0,0,0,0
26/08/25 09:42:32,616.561,703710,SHK0000001,2171,2169,794,4095,4095,4095,0,0,0,0,0,0,0
26/08/25 09:42:33,617.574,703710,SHK0000001,2167,2168,794,4095,4095,4095,0,0,0,0,0,0,0
26/08/25 09:42:34,618.562,703710,SHK0000001,2171,2166,795,4095,4095,4095,0,0,0,0,0,0,0
26/08/25 09:42:35,619.564,703710,SHK0000001,2172,2171,794,4095,4095,4095,0,0,0,0,0,0,0
26/08/25 09:42:36,620.558,703710,SHK0000001,2164,2164,794,4095,4095,4095,0,0,0,0,0,0,0
26/08/25 09:42:37,621.568,703710,SHK0000001,2168,2171,796,4095,4095,4095,0,0,0,0,0,0,0
26/08/25 09:42:38,622.565,703710,SHK0000001,2170,2171,794,4095,4095,4095,0,0,0,0,0,0,0
26/08/25 09:42:39,623.572,703710,SHK0000001,2164,2172,795,4095,4095,4095,0,0,0,0,0,0,0
26/08/25 09:42:40,624.566,703710,SHK0000001,2170,2169,796,4095,4095,4095,0,0,0,0,0,0,0
26/08/25 09:42:41,625.575,703710,SHK0000001,2174,2165,794,4095,4095,4095,0,0,0,0,0,0,0
26/08/25 09:42:42,626.558,703710,SHK0000001,2175,2170,795,4095,4095,4095,0,0,0,0,0,0,0
26/08/25 09:42:43,627.567,703710,SHK0000001,2168,2169,796,4095,4095,4095,0,0,0,0,0,0,0
26/08/25 09:42:44,628.565,703710,SHK0000001,2167,2169,794,4095,4095,4095,0,0,0,0,0,0,0
26/08/25 09:42:45,629.566,703710,SHK0000001,2167,2172,796,4095,4095,4095,0,0,0,0,0,0,0
26/08/25 09:42:46,630.563,703710,SHK0000001,2173,2169,795,4095,4095,4095,0,0,0,0,0,0,0
26/08/25 09:42:47,631.572,703710,SHK0000001,2162,2167,794,4095,4095,4095,0,0,0,0,0,0,0
26/08/25 09:42:48,632.557,703710,SHK0000001,2167,2177,796,4095,4095,4095,0,0,0,0,0,0,0
26/08/25 09:42:49,633.571,703710,SHK0000001,2167,2165,795,4095,4095,4095,0,0,0,0,0,0,0
26/08/25 09:42:50,634.564,703710,SHK0000001,2167,2171,793,4095,4095,4095,0,0,0,0,0,0,0
26/08/25 09:42:51,635.569,703710,SHK0000001,2171,2166,796,4095,4095,4095,0,0,0,0,0,0,0
26/08/25 09:42:52,636.562,703710,SHK0000001,2173,2174,794,4095,4095,4095,0,0,0,0,0,0,0
26/08/25 09:42:53,637.564,703710,SHK0000001,2169,2171,794,4095,4095,4095,0,0,0,0,0,0,0
26/08/25 09:42:54,638.557,703710,SHK0000001,2167,2169,796,4095,4095,4095,0,0,0,0,0,0,0
26/08/25 09:42:55,639.568,703710,SHK0000001,2170,2170,794,4095,4095,4095,0,0,0,0,0,0,0
26/08/25 09:42:56,640.557,703710,SHK0000001,2170,2171,796,4095,4095,4095,0,0,0,0,0,1,0
26/08/25 09:42:57,641.568,703710,SHK0000001,2171,2173,795,4095,4095,4095,0,0,0,0,0,1,0
26/08/25 09:42:58,642.561,703710,SHK0000001,2173,2173,794,4095,4095,4095,0,0,0,0,0,1,0
26/08/25 09:42:59,643.565,703710,SHK0000001,2175,2170,796,4095,4095,4095,0,0,0,0,0,1,0
26/08/25 09:43:00,644.564,703710,SHK0000001,2174,2170,795,4095,4095,4095,0,0,0,0,0,1,0
26/08/25 09:43:01,645.573,703710,SHK0000001,2170,2172,794,4095,4095,4095,0,0,0,0,0,1,0
26/08/25 09:43:02,646.557,703710,SHK0000001,2171,2169,797,4095,4095,4095,0,0,0,0,0,1,0
26/08/25 09:43:03,647.57,703710,SHK0000001,2171,2176,795,4095,4095,4095,0,0,0,0,0,1,0
26/08/25 09:43:04,648.558,703710,SHK0000001,2168,2171,794,4095,4095,4095,0,0,0,0,0,1,0
26/08/25 09:43:05,649.572,703710,SHK0000001,2166,2169,796,4095,4095,4095,0,0,0,0,0,1,0
26/08/25 09:43:06,650.56,703710,SHK0000001,2171,2173,794,4095,4095,4095,0,0,0,0,0,1,0
26/08/25 09:43:07,651.566,703710,SHK0000001,2173,2173,795,4095,4095,4095,0,0,0,0,0,1,0
26/08/25 09:43:08,652.564,703710,SHK0000001,2176,2172,796,4095,4095,4095,0,0,0,0,0,1,0
26/08/25 09:43:09,653.566,703710,SHK0000001,2176,2169,794,4095,4095,4095,0,0,0,0,0,1,0
26/08/25 09:43:10,654.557,703710,SHK0000001,2162,2174,795,4095,4095,4095,0,0,0,0,0,1,0
26/08/25 09:43:11,655.573,703710,SHK0000001,2167,2166,796,4095,4095,4095,0,0,0,0,0,1,0
26/08/25 09:43:12,656.565,703710,SHK0000001,2173,2169,794,4095,4095,4095,0,0,0,0,0,1,0
26/08/25 09:43:13,657.571,703710,SHK0000001,2179,2168,796,4095,4095,4095,0,0,0,0,0,1,0
26/08/25 09:43:14,658.561,703710,SHK0000001,2170,2168,796,4095,4095,4095,0,0,0,0,0,1,0
26/08/25 09:43:15,659.568,703710,SHK0000001,2162,2172,795,4095,4095,4095,0,0,0,0,0,1,0
26/08/25 09:43:16,660.564,703710,SHK0000001,2175,2169,796,4095,4095,4095,0,0,0,0,0,1,0
26/08/25 09:43:17,661.565,703710,SHK0000001,2171,2172,796,4095,4095,4095,0,0,0,0,0,1,0
26/08/25 09:43:18,662.56,703710,SHK0000001,2165,2165,794,4095,4095,4095,0,0,0,0,0,1,0
26/08/25 09:43:19,663.573,703710,SHK0000001,2171,2171,796,4095,4095,4095,0,0,0,0,0,1,0
26/08/25 09:43:20,664.565,703710,SHK0000001,2167,2169,795,4095,4095,4095,0,0,0,0,0,1,0
26/08/25 09:43:21,665.572,703710,SHK0000001,2174,2177,795,4095,4095,4095,0,0,0,0,0,1,0
26/08/25 09:43:22,666.563,703710,SHK0000001,2169,2172,796,4095,4095,4095,0,0,0,0,0,1,0
26/08/25 09:43:23,667.569,703710,SHK0000001,2169,2169,794,4095,4095,4095,0,0,0,0,0,1,0
26/08/25 09:43:24,668.562,703710,SHK0000001,2168,2171,795,4095,4095,4095,0,0,0,0,0,1,0
26/08/25 09:43:25,669.573,703710,SHK0000001,2166,2173,796,4095,4095,4095,0,0,0,0,0,1,0
26/08/25 09:43:26,670.561,703710,SHK0000001,2169,2165,795,4095,4095,4095,0,0,0,0,0,1,0
26/08/25 09:43:27,671.572,703710,SHK0000001,2171,2174,796,4095,4095,4095,0,0,0,0,0,1,0
26/08/25 09:43:28,672.566,703710,SHK0000001,2171,2166,796,4095,4095,4095,0,0,0,0,0,1,0
26/08/25 09:43:29,673.57,703710,SHK0000001,2167,2174,795,4095,4095,4095,0,0,0,0,0,1,0
26/08/25 09:43:30,674.561,703710,SHK0000001,2169,2167,795,4095,4095,4095,0,0,0,0,0,1,0
26/08/25 09:43:31,675.577,703710,SHK0000001,2169,2170,795,4095,4095,4095,0,0,0,0,0,1,0
26/08/25 09:43:32,676.559,703710,SHK0000001,2167,2169,794,4095,4095,4095,0,0,0,0,0,1,0
26/08/25 09:43:33,677.569,703710,SHK0000001,2170,2166,797,4095,4095,4095,0,0,0,0,0,1,0
26/08/25 09:43:34,678.558,703710,SHK0000001,2173,2171,795,4095,4095,4095,0,0,0,0,0,1,0
26/08/25 09:43:35,679.566,703710,SHK0000001,2172,2170,795,4095,4095,4095,0,0,0,0,0,1,0
26/08/25 09:43:36,680.562,703710,SHK0000001,2173,2175,796,4095,4095,4095,0,0,0,0,0,1,0
26/08/25 09:43:37,681.572,703710,SHK0000001,2172,2171,795,4095,4095,4095,0,0,0,0,0,1,0
26/08/25 09:43:38,682.562,703710,SHK0000001,2167,2177,795,4095,4095,4095,0,0,0,0,0,1,0
26/08/25 09:43:39,683.568,703710,SHK0000001,2173,2171,796,4095,4095,4095,0,0,0,0,0,1,0
26/08/25 09:43:40,684.556,703710,SHK0000001,2176,2166,795,4095,4095,4095,0,0,0,0,0,1,0
26/08/25 09:43:41,685.568,703710,SHK0000001,2169,2167,796,4095,4095,4095,0,0,0,0,0,1,0
26/08/25 09:43:42,686.559,703710,SHK0000001,2171,2173,796,4095,4095,4095,0,0,0,0,0,1,0
26/08/25 09:43:43,687.57,703710,SHK0000001,2167,2174,795,4095,4095,4095,0,0,0,0,0,1,0
26/08/25 09:43:44,688.558,703710,SHK0000001,2169,2171,797,4095,4095,4095,0,0,0,0,0,1,0
26/08/25 09:43:45,689.57,703710,SHK0000001,2169,2173,796,4095,4095,4095,0,0,0,0,0,1,0
26/08/25 09:43:46,690.557,703710,SHK0000001,2174,2168,795,4095,4095,4095,0,0,0,0,0,1,0
26/08/25 09:43:47,691.566,703710,SHK0000001,2174,2173,796,4095,4095,4095,0,0,0,0,0,1,0
26/08/25 09:43:48,692.564,703710,SHK0000001,2169,2174,796,4095,4095,4095,0,0,0,0,0,1,0
26/08/25 09:43:49,693.574,703710,SHK0000001,2170,2173,795,4095,4095,4095,0,0,0,0,0,1,0
26/08/25 09:43:50,694.564,703710,SHK0000001,2169,2168,798,4095,4095,4095,0,0,0,0,0,1,0
26/08/25 09:43:51,695.571,703710,SHK0000001,2164,2169,795,4095,4095,4095,0,0,0,0,0,1,0
26/08/25 09:43:52,696.565,703710,SHK0000001,2172,2173,796,4095,4095,4095,0,0,0,0,0,1,0
26/08/25 09:43:53,697.57,703710,SHK0000001,2168,2170,797,4095,4095,4095,0,0,0,0,0,1,0
26/08/25 09:43:54,698.559,703710,SHK0000001,2168,2167,795,4095,4095,4095,0,0,0,0,0,1,0
26/08/25 09:43:55,699.57,703710,SHK0000001,2162,2169,796,4095,4095,4095,0,0,0,0,0,1,0
26/08/25 09:43:56,700.557,703710,SHK0000001,2173,2169,796,4095,4095,4095,0,0,0,0,0,1,0
26/08/25 09:43:57,701.571,703710,SHK0000001,2170,2174,795,4095,4095,4095,0,0,0,0,0,1,0
26/08/25 09:43:58,702.556,703710,SHK0000001,2167,2174,797,4095,4095,4095,0,0,0,0,0,1,0
26/08/25 09:43:59,703.574,703710,SHK0000001,2162,2173,796,4095,4095,4095,0,0,0,0,0,1,0
26/08/25 09:44:00,704.562,703710,SHK0000001,2164,2165,795,4095,4095,4095,0,0,0,0,0,1,0
26/08/25 09:44:01,705.572,703710,SHK0000001,2163,2174,797,4095,4095,4095,0,0,0,0,0,1,0
26/08/25 09:44:02,706.561,703710,SHK0000001,2167,2167,796,4095,4095,4095,0,0,0,0,0,1,0
26/08/25 09:44:03,707.568,703710,SHK0000001,2169,2165,795,4095,4095,4095,0,0,0,0,0,1,0
26/08/25 09:44:04,708.561,703710,SHK0000001,2165,2167,796,4095,4095,4095,0,0,0,0,0,1,0
26/08/25 09:44:05,709.568,703710,SHK0000001,2167,2168,796,4095,4095,4095,0,0,0,0,0,1,0
26/08/25 09:44:06,710.557,703710,SHK0000001,2170,2173,795,4095,4095,4095,0,0,0,0,0,1,0
26/08/25 09:44:07,711.573,703710,SHK0000001,2170,2168,797,4095,4095,4095,0,0,0,0,0,1,0
26/08/25 09:44:08,712.565,703710,SHK0000001,2164,2173,795,4095,4095,4095,0,0,0,0,0,1,0
26/08/25 09:44:09,713.573,703710,SHK0000001,2174,2174,796,4095,4095,4095,0,0,0,0,0,1,0
26/08/25 09:44:10,714.558,703710,SHK0000001,2172,2175,797,4095,4095,4095,0,0,0,0,0,1,0
26/08/25 09:44:11,715.567,703710,SHK0000001,2171,2168,795,4095,4095,4095,0,0,0,0,0,1,0
26/08/25 09:44:12,716.562,703710,SHK0000001,2166,2173,796,4095,4095,4095,0,0,0,0,0,1,0
26/08/25 09:44:13,717.57,703710,SHK0000001,2167,2167,797,4095,4095,4095,0,0,0,0,0,1,0
26/08/25 09:44:14,718.565,703710,SHK0000001,2171,2169,795,4095,4095,4095,0,0,0,0,0,1,0
26/08/25 09:44:15,719.57,703710,SHK0000001,2176,2170,797,4095,4095,4095,0,0,0,0,0,1,0
26/08/25 09:44:16,720.561,703710,SHK0000001,2172,2174,796,4095,4095,4095,0,0,0,0,0,1,0
26/08/25 09:44:17,721.57,703710,SHK0000001,2175,2170,795,4095,4095,4095,0,0,0,0,0,1,0
26/08/25 09:44:18,722.556,703710,SHK0000001,2174,2175,797,4095,4095,4095,0,0,0,0,0,1,0
26/08/25 09:44:19,723.57,703710,SHK0000001,2180,2173,797,4095,4095,4095,0,0,0,0,0,1,0
26/08/25 09:44:20,724.56,703710,SHK0000001,2170,2163,796,4095,4095,4095,0,0,0,0,0,1,0
26/08/25 09:44:21,725.566,703710,SHK0000001,2170,2172,797,4095,4095,4095,0,0,0,0,0,1,0
26/08/25 09:44:22,726.56,703710,SHK0000001,2172,2172,796,4095,4095,4095,0,0,0,0,0,1,0
26/08/25 09:44:23,727.566,703710,SHK0000001,2168,2172,796,4095,4095,4095,0,0,0,0,0,1,0
26/08/25 09:44:24,728.565,703710,SHK0000001,2175,2167,797,4095,4095,4095,0,0,0,0,0,1,0
26/08/25 09:44:25,729.566,703710,SHK0000001,2166,2173,796,4095,4095,4095,0,0,0,0,0,1,0
26/08/25 09:44:26,730.565,703710,SHK0000001,2171,2177,797,4095,4095,4095,0,0,0,0,0,1,0
26/08/25 09:44:27,731.566,703710,SHK0000001,2172,2178,797,4095,4095,4095,0,0,0,0,0,1,0
26/08/25 09:44:28,732.56,703710,SHK0000001,2172,2173,795,4095,4095,4095,0,0,0,0,0,1,0
26/08/25 09:44:29,733.565,703710,SHK0000001,2169,2176,797,4095,4095,4095,0,0,0,0,0,1,0
26/08/25 09:44:30,734.564,703710,SHK0000001,2166,2175,796,4095,4095,4095,0,0,0,0,0,1,0
26/08/25 09:44:31,735.569,703710,SHK0000001,2168,2172,795,4095,4095,4095,0,0,0,0,0,1,0
26/08/25 09:44:32,736.566,703710,SHK0000001,2175,2165,798,4095,4095,4095,0,0,0,0,0,1,0
26/08/25 09:44:33,737.573,703710,SHK0000001,2163,2173,796,4095,4095,4095,0,0,0,0,0,1,0
26/08/25 09:44:34,738.557,703710,SHK0000001,2171,2170,796,4095,4095,4095,0,0,0,0,0,1,0
26/08/25 09:44:35,739.569,703710,SHK0000001,2178,2168,798,4095,4095,4095,0,0,0,0,0,1,0
26/08/25 09:44:36,740.56,703710,SHK0000001,2176,2169,796,4095,4095,4095,0,0,0,0,0,1,0
26/08/25 09:44:37,741.572,703710,SHK0000001,2173,2172,796,4095,4095,4095,0,0,0,0,0,1,0
26/08/25 09:44:38,742.56,703710,SHK0000001,2175,2174,798,4095,4095,4095,0,0,0,0,0,1,0
26/08/25 09:44:39,743.573,703710,SHK0000001,2170,2175,796,4095,4095,4095,0,0,0,0,0,1,0
26/08/25 09:44:40,744.562,703710,SHK0000001,2172,2173,796,4095,4095,4095,0,0,0,0,0,1,0
26/08/25 09:44:41,745.566,703710,SHK0000001,2171,2174,797,4095,4095,4095,0,0,0,0,0,1,0
26/08/25 09:44:42,746.563,703710,SHK0000001,2171,2168,796,4095,4095,4095,0,0,0,0,0,1,0
26/08/25 09:44:43,747.573,703710,SHK0000001,2167,2172,797,4095,4095,4095,0,0,0,0,0,1,0
26/08/25 09:44:44,748.559,703710,SHK0000001,2174,2166,797,4095,4095,4095,0,0,0,0,0,1,0
26/08/25 09:44:45,749.572,703710,SHK0000001,2170,2175,796,4095,4095,4095,0,0,0,0,0,1,0
26/08/25 09:44:46,750.564,703710,SHK0000001,2168,2172,798,4095,4095,4095,0,0,0,0,0,1,0
26/08/25 09:44:47,751.566,703710,SHK0000001,2171,2169,797,4095,4095,4095,0,0,0,0,0,1,0
26/08/25 09:44:48,752.558,703710,SHK0000001,2169,2174,795,4095,4095,4095,0,0,0,0,0,1,0
26/08/25 09:44:49,753.57,703710,SHK0000001,2173,2160,798,4095,4095,4095,0,0,0,0,0,1,0
26/08/25 09:44:50,754.559,703710,SHK0000001,2167,2172,797,4095,4095,4095,0,0,0,0,0,1,0
26/08/25 09:44:51,755.566,703710,SHK0000001,2173,2176,796,4095,4095,4095,0,0,0,0,0,1,0
26/08/25 09:44:52,756.564,703710,SHK0000001,2177,2178,798,4095,4095,4095,0,0,0,0,0,1,0
26/08/25 09:44:53,757.567,703710,SHK0000001,2172,2173,796,4095,4095,4095,0,0,0,0,0,1,0
26/08/25 09:44:54,758.563,703710,SHK0000001,2170,2176,797,4095,4095,4095,0,0,0,0,0,1,0
26/08/25 09:44:55,759.567,703710,SHK0000001,2170,2172,798,4095,4095,4095,0,0,0,0,0,1,0
26/08/25 09:44:56,760.562,703710,SHK0000001,2174,2172,796,4095,4095,4095,0,0,0,0,0,1,0
26/08/25 09:44:57,761.572,703710,SHK0000001,2168,2167,797,4095,4095,4095,0,0,0,0,0,1,0
26/08/25 09:44:58,762.559,703710,SHK0000001,2181,2169,797,4095,4095,4095,0,0,0,0,0,1,0
26/08/25 09:44:59,763.57,703710,SHK0000001,2171,2168,796,4095,4095,4095,0,0,0,0,0,1,0
26/08/25 09:45:00,764.566,703710,SHK0000001,2169,2172,797,4095,4095,4095,0,0,0,0,0,1,0
26/08/25 09:45:01,765.574,703710,SHK0000001,2178,2174,797,4095,4095,4095,0,0,0,0,0,1,0
26/08/25 09:45:02,766.566,703710,SHK0000001,2176,2168,796,4095,4095,4095,0,0,0,0,0,1,0
26/08/25 09:45:03,767.569,703710,SHK0000001,2170,2165,798,4095,4095,4095,0,0,0,0,0,1,0
26/08/25 09:45:04,768.558,703710,SHK0000001,2173,2170,797,4095,4095,4095,0,0,0,0,0,1,0
26/08/25 09:45:05,769.573,703710,SHK0000001,2169,2170,796,4095,4095,4095,0,0,0,0,0,1,0
26/08/25 09:45:06,770.563,703710,SHK0000001,2174,2169,798,4095,4095,4095,0,0,0,0,0,1,0
26/08/25 09:45:07,771.572,703710,SHK0000001,2166,2165,796,4095,4095,4095,0,0,0,0,0,1,0
26/08/25 09:45:08,772.563,703710,SHK0000001,2175,2172,796,4095,4095,4095,0,0,0,0,0,1,0
26/08/25 09:45:09,773.569,703710,SHK0000001,2168,2171,799,4095,4095,4095,0,0,0,0,0,0,0
26/08/25 09:45:10,774.563,703710,SHK0000001,2172,2166,796,4095,4095,4095,0,0,0,0,0,0,0
26/08/25 09:45:11,775.571,703710,SHK0000001,2172,2170,798,4095,4095,4095,0,0,0,0,0,0,0
26/08/25 09:45:12,776.557,703710,SHK0000001,2179,2176,798,4095,4095,4095,0,0,0,0,0,0,0
26/08/25 09:45:13,777.564,703710,SHK0000001,2180,2180,796,4095,4095,4095,0,0,0,0,0,0,0
26/08/25 09:45:14,778.56,703710,SHK0000001,2176,2177,797,4095,4095,4095,0,0,0,0,0,0,0
26/08/25 09:45:15,779.569,703710,SHK0000001,2167,2175,797,4095,4095,4095,0,0,0,0,0,0,0
26/08/25 09:45:16,780.557,703710,SHK0000001,2170,2172,796,4095,4095,4095,0,0,0,0,0,0,0
26/08/25 09:45:17,781.57,703710,SHK0000001,2176,2177,797,4095,4095,4095,0,0,0,0,0,0,0
26/08/25 09:45:18,782.557,703710,SHK0000001,2170,2173,797,4095,4095,4095,0,0,0,0,0,0,0
