Timestamp,Time,Time_gen,SN,V_radshort,V_radtotal,V_housing,VTC2,V_diode,V_probe,PumpStatus,SetPower,Power,Reflected-power,power_flag,antenna_cooling_flag,switch_cooling_flag
26/08/25 10:35:13,11.723,703710,SHK0000001,2088,2087,783,4095,4095,4095,0,0,0,0,0,0,0
26/08/25 10:35:14,12.716,703710,SHK0000001,2079,2082,784,4095,4095,4095,0,0,0,0,0,0,0
26/08/25 10:35:15,13.72,703710,SHK0000001,2079,2084,784,4095,4095,4095,0,0,0,0,0,0,0
26/08/25 10:35:16,14.714,703710,SHK0000001,2087,2087,783,4095,4095,4095,0,0,0,0,0,0,0
26/08/25 10:35:17,15.728,703710,SHK0000001,2085,2081,785,4095,4095,4095,0,0,0,0,0,0,0
26/08/25 10:35:18,16.716,703710,SHK0000001,2079,2087,784,4095,4095,4095,0,0,0,0,0,0,0
26/08/25 10:35:19,17.725,703710,SHK0000001,2084,2072,783,4095,4095,4095,0,0,0,0,0,0,0
26/08/25 10:35:20,18.713,703710,SHK0000001,2083,2083,784,4095,4095,4095,0,0,0,0,0,0,0
26/08/25 10:35:21,19.718,703710,SHK0000001,2080,2086,784,4095,4095,4095,0,0,0,0,0,0,0
26/08/25 10:35:22,20.717,703710,SHK0000001,2083,2079,783,4095,4095,4095,0,0,0,0,0,0,0
26/08/25 10:35:23,21.72,703710,SHK0000001,2089,2082,785,4095,4095,4095,0,0,0,0,0,0,0
26/08/25 10:35:24,22.717,703710,SHK0000001,2083,2084,783,4095,4095,4095,0,0,0,0,0,0,0
26/08/25 10:35:25,23.721,703710,SHK0000001,2083,2078,784,4095,4095,4095,0,0,0,0,0,0,0
26/08/25 10:35:26,24.717,703710,SHK0000001,2079,2072,785,4095,4095,4095,0,0,0,0,0,0,0
26/08/25 10:35:27,25.717,703710,SHK0000001,2068,2065,784,4095,4095,4095,0,0,0,0,0,0,0
26/08/25 10:35:28,26.712,703710,SHK0000001,2001,1689,785,4095,4095,4095,0,0,0,0,0,0,0
26/08/25 10:35:29,27.72,703710,SHK0000001,1617,1622,785,4095,4095,4095,0,0,0,0,0,0,0
26/08/25 10:35:30,28.712,703710,SHK0000001,1625,1625,784,4095,4095,4095,0,0,0,0,0,0,0
26/08/25 10:35:31,29.72,703710,SHK0000001,1615,1617,787,4095,4095,4095,0,0,0,0,0,0,0
26/08/25 10:35:32,30.72,703710,SHK0000001,1613,1622,786,4095,4095,4095,0,0,0,0,0,0,0
26/08/25 10:35:33,31.727,703710,SHK0000001,1621,1625,785,4095,4095,4095,0,0,0,0,0,0,0
26/08/25 10:35:34,32.718,703710,SHK0000001,1622,1624,786,4095,4095,4095,0,0,0,0,0,0,0
26/08/25 10:35:35,33.727,703710,SHK0000001,1630,1635,786,4095,4095,4095,0,0,0,0,0,0,0
26/08/25 10:35:36,34.719,703710,SHK0000001,1625,1622,786,4095,4095,4095,0,0,0,0,0,0,0
26/08/25 10:35:37,35.724,703710,SHK0000001,1624,1621,787,4095,4095,4095,0,0,0,0,0,0,0
26/08/25 10:35:38,36.716,703710,SHK0000001,1625,1623,787,4095,4095,4095,0,0,0,0,0,0,0
26/08/25 10:35:39,37.72,703710,SHK0000001,1630,1618,787,4095,4095,4095,0,0,0,0,0,0,0
26/08/25 10:35:40,38.715,703710,SHK0000001,1621,1627,788,4095,4095,4095,0,0,0,0,0,0,0
26/08/25 10:35:41,39.718,703710,SHK0000001,1624,1617,787,4095,4095,4095,0,0,0,0,0,0,0
26/08/25 10:35:42,40.71,703710,SHK0000001,1620,1621,788,4095,4095,4095,0,0,0,0,0,0,0
26/08/25 10:35:43,41.726,703710,SHK0000001,1630,1629,789,4095,4095,4095,0,0,0,0,0,0,0
26/08/25 10:35:44,42.716,703710,SHK0000001,1599,1588,787,4095,4095,4095,0,0,0,0,0,0,0
26/08/25 10:35:45,43.719,703710,SHK0000001,1605,1606,789,4095,4095,4095,0,0,0,0,0,0,0
26/08/25 10:35:46,44.714,703710,SHK0000001,1616,1611,790,4095,4095,4095,0,0,0,0,0,0,0
26/08/25 10:35:47,45.723,703710,SHK0000001,1639,1639,788,4095,4095,4095,0,0,0,0,0,0,0
26/08/25 10:35:48,46.71,703710,SHK0000001,1644,1635,790,4095,4095,4095,0,0,0,0,0,0,0
26/08/25 10:35:49,47.722,703710,SHK0000001,1639,1639,790,4095,4095,4095,0,0,0,0,0,0,0
26/08/25 10:35:50,48.711,703710,SHK0000001,1640,1648,790,4095,4095,4095,0,0,0,0,0,0,0
26/08/25 10:35:51,49.72,703710,SHK0000001,1637,1634,792,4095,4095,4095,0,0,0,0,0,0,0
26/08/25 10:35:52,50.716,703710,SHK0000001,1628,1617,791,4095,4095,4095,0,0,0,0,0,0,0
26/08/25 10:35:53,51.726,703710,SHK0000001,1621,1622,790,4095,4095,4095,0,0,0,0,0,0,0
26/08/25 10:35:54,52.716,703710,SHK0000001,1632,1635,793,4095,4095,4095,0,0,0,0,0,0,0
26/08/25 10:35:55,53.728,703710,SHK0000001,1630,1633,791,4095,4095,4095,0,0,0,0,0,0,0
26/08/25 10:35:56,54.719,703710,SHK0000001,1634,1632,791,4095,4095,4095,0,0,0,0,0,0,0
26/08/25 10:35:57,55.72,703710,SHK0000001,1627,1635,792,4095,4095,4095,0,0,0,0,0,0,0
26/08/25 10:35:58,56.719,703710,SHK0000001,1639,1640,792,4095,4095,4095,0,0,0,0,0,0,0
26/08/25 10:35:59,57.726,703710,SHK0000001,1637,1629,792,4095,4095,4095,0,0,0,0,0,0,0
26/08/25 10:36:00,58.716,703710,SHK0000001,1635,1637,793,4095,4095,4095,0,0,0,0,0,0,0
26/08/25 10:36:01,59.718,703710,SHK0000001,1641,1639,792,4095,4095,4095,0,0,0,0,0,0,0
26/08/25 10:36:02,60.716,703710,SHK0000001,1643,1633,794,4095,4095,4095,0,0,0,0,0,0,0
26/08/25 10:36:03,61.719,703710,SHK0000001,1642,1641,793,4095,4095,4095,0,0,0,0,0,0,0
26/08/25 10:36:04,62.713,703710,SHK0000001,1644,1637,792,4095,4095,4095,0,0,0,0,0,0,0
26/08/25 10:36:05,63.724,703710,SHK0000001,1634,1645,794,4095,4095,4095,0,0,0,0,0,0,0
26/08/25 10:36:06,64.715,703710,SHK0000001,1637,1636,793,4095,4095,4095,0,0,0,0,0,0,0
26/08/25 10:36:07,65.721,703710,SHK0000001,1636,1646,792,4095,4095,4095,0,0,0,0,0,0,0
26/08/25 10:36:08,66.717,703710,SHK0000001,1643,1638,796,4095,4095,4095,0,0,0,0,0,0,0
26/08/25 10:36:09,67.727,703710,SHK0000001,1637,1634,793,4095,4095,4095,0,0,0,0,0,1,0
26/08/25 10:36:10,68.716,703710,SHK0000001,1635,1640,794,4095,4095,4095,0,0,0,0,0,1,0
26/08/25 10:36:11,69.721,703710,SHK0000001,1637,1640,795,4095,4095,4095,0,0,0,0,0,1,0
26/08/25 10:36:12,70.72,703710,SHK0000001,1644,1642,794,4095,4095,4095,0,0,0,0,0,1,0
26/08/25 10:36:13,71.72,703710,SHK0000001,1646,1643,795,4095,4095,4095,0,0,0,0,0,1,0
26/08/25 10:36:14,72.715,703710,SHK0000001,1642,1639,796,4095,4095,4095,0,0,0,0,0,1,0
26/08/25 10:36:15,73.72,703710,SHK0000001,1640,1645,794,4095,4095,4095,0,0,0,0,0,1,0
26/08/25 10:36:16,74.712,703710,SHK0000001,1638,1653,796,4095,4095,4095,0,0,0,0,0,1,0
26/08/25 10:36:17,75.721,703710,SHK0000001,1647,1644,796,4095,4095,4095,0,0,0,0,0,1,0
26/08/25 10:36:18,76.717,703710,SHK0000001,1648,1642,795,4095,4095,4095,0,0,0,0,0,1,0
26/08/25 10:36:19,77.725,703710,SHK0000001,1646,1648,796,4095,4095,4095,0,0,0,0,0,1,0
26/08/25 10:36:20,78.717,703710,SHK0000001,1643,1643,795,4095,4095,4095,0,0,0,0,0,1,0
26/08/25 10:36:21,79.722,703710,SHK0000001,1636,1639,795,4095,4095,4095,0,0,0,0,0,1,0
26/08/25 10:36:22,80.713,703710,SHK0000001,1646,1648,797,4095,4095,4095,0,0,0,0,0,1,0
26/08/25 10:36:23,81.727,703710,SHK0000001,1642,1637,795,4095,4095,4095,0,0,0,0,0,1,0
26/08/25 10:36:24,82.712,703710,SHK0000001,1649,1647,795,4095,4095,4095,0,0,0,0,0,1,0
26/08/25 10:36:25,83.718,703710,SHK0000001,1649,1648,797,4095,4095,4095,0,0,0,0,0,1,0
26/08/25 10:36:26,84.72,703710,SHK0000001,1645,1648,796,4095,4095,4095,0,0,0,0,0,1,0
26/08/25 10:36:27,85.726,703710,SHK0000001,1650,1644,795,4095,4095,4095,0,0,0,0,0,1,0
26/08/25 10:36:28,86.711,703710,SHK0000001,1642,1649,797,4095,4095,4095,0,0,0,0,0,1,0
26/08/25 10:36:29,87.724,703710,SHK0000001,1645,1648,795,4095,4095,4095,0,0,0,0,0,1,0
26/08/25 10:36:30,88.719,703710,SHK0000001,1648,1654,797,4095,4095,4095,0,0,0,0,0,1,0
26/08/25 10:36:31,89.72,703710,SHK0000001,1644,1652,798,4095,4095,4095,0,0,0,0,0,1,0
26/08/25 10:36:32,90.714,703710,SHK0000001,1651,1655,796,4095,4095,4095,0,0,0,0,0,1,0
26/08/25 10:36:33,91.726,703710,SHK0000001,1651,1653,797,4095,4095,4095,0,0,0,0,0,1,0
26/08/25 10:36:34,92.714,703710,SHK0000001,1657,1656,797,4095,4095,4095,0,0,0,0,0,1,0
26/08/25 10:36:35,93.726,703710,SHK0000001,1646,1654,797,4095,4095,4095,0,0,0,0,0,1,0
26/08/25 10:36:36,94.711,703710,SHK0000001,1643,1650,798,4095,4095,4095,0,0,0,0,0,1,0
26/08/25 10:36:37,95.724,703710,SHK0000001,1655,1649,798,4095,4095,4095,0,0,0,0,0,1,0
26/08/25 10:36:38,96.718,703710,SHK0000001,1656,1647,797,4095,4095,4095,0,0,0,0,0,1,0
26/08/25 10:36:39,97.721,703710,SHK0000001,1657,1657,799,4095,4095,4095,0,0,0,0,0,1,0
26/08/25 10:36:40,98.714,703710,SHK0000001,1646,1652,798,4095,4095,4095,0,0,0,0,0,1,0
26/08/25 10:36:41,99.727,703710,SHK0000001,1655,1645,798,4095,4095,4095,0,0,0,0,0,1,0
26/08/25 10:36:42,100.717,703710,SHK0000001,1655,1655,799,4095,4095,4095,0,0,0,0,0,1,0
26/08/25 10:36:43,101.72,703710,SHK0000001,1658,1650,798,4095,4095,4095,0,0,0,0,0,1,0
26/08/25 10:36:44,102.711,703710,SHK0000001,1655,1651,799,4095,4095,4095,0,0,0,0,0,1,0
26/08/25 10:36:45,103.724,703710,SHK0000001,1646,1655,800,4095,4095,4095,0,0,0,0,0,1,0
26/08/25 10:36:46,104.719,703710,SHK0000001,1652,1651,798,4095,4095,4095,0,0,0,0,0,1,0
26/08/25 10:36:47,105.727,703710,SHK0000001,1656,1650,800,4095,4095,4095,0,0,0,0,0,1,0
26/08/25 10:36:48,106.717,703710,SHK0000001,1657,1654,800,4095,4095,4095,0,0,0,0,0,1,0
26/08/25 10:36:49,107.725,703710,SHK0000001,1652,1650,798,4095,4095,4095,0,0,0,0,0,1,0
26/08/25 10:36:50,108.71,703710,SHK0000001,1656,1654,801,4095,4095,4095,0,0,0,0,0,1,0
26/08/25 10:36:51,109.721,703710,SHK0000001,1657,1650,799,4095,4095,4095,0,0,0,0,0,1,0
26/08/25 10:36:52,110.712,703710,SHK0000001,1653,1656,798,4095,4095,4095,0,0,0,0,0,1,0
26/08/25 10:36:53,111.724,703710,SHK0000001,1659,1658,799,4095,4095,4095,0,0,0,0,0,1,0
26/08/25 10:36:54,112.714,703710,SHK0000001,1653,1657,799,4095,4095,4095,0,0,0,0,0,1,0
26/08/25 10:36:55,113.719,703710,SHK0000001,1656,1657,798,4095,4095,4095,0,0,0,0,0,1,0
26/08/25 10:36:56,114.714,703710,SHK0000001,1660,1659,800,4095,4095,4095,0,0,0,0,0,1,0
26/08/25 10:36:57,115.718,703710,SHK0000001,1662,1660,799,4095,4095,4095,0,0,0,0,0,1,0
26/08/25 10:36:58,116.711,703710,SHK0000001,1656,1660,799,4095,4095,4095,0,0,0,0,0,1,0
26/08/25 10:36:59,117.718,703710,SHK0000001,1657,1654,801,4095,4095,4095,0,0,0,0,0,1,0
26/08/25 10:37:00,118.714,703710,SHK0000001,1664,1657,799,4095,4095,4095,0,0,0,0,0,1,0
26/08/25 10:37:01,119.727,703710,SHK0000001,1660,1658,801,4095,4095,4095,0,0,0,0,0,1,0
26/08/25 10:37:02,120.717,703710,SHK0000001,1659,1656,801,4095,4095,4095,0,0,0,0,0,1,0
26/08/25 10:37:03,121.726,703710,SHK0000001,1660,1656,799,4095,4095,4095,0,0,0,0,0,1,0
26/08/25 10:37:04,122.717,703710,SHK0000001,1663,1659,801,4095,4095,4095,0,0,0,0,0,1,0
26/08/25 10:37:05,123.722,703710,SHK0000001,1663,1653,800,4095,4095,4095,0,0,0,0,0,1,0
26/08/25 10:37:06,124.718,703710,SHK0000001,1666,1654,800,4095,4095,4095,0,0,0,0,0,1,0
26/08/25 10:37:07,125.721,703710,SHK0000001,1657,1661,802,4095,4095,4095,0,0,0,0,0,1,0
26/08/25 10:37:08,126.71,703710,SHK0000001,1663,1654,801,4095,4095,4095,0,0,0,0,0,1,0
26/08/25 10:37:09,127.719,703710,SHK0000001,1660,1654,800,4095,4095,4095,0,0,0,0,0,1,0
26/08/25 10:37:10,128.711,703710,SHK0000001,1668,1656,803,4095,4095,4095,0,0,0,0,0,1,0
26/08/25 10:37:11,129.726,703710,SHK0000001,1664,1665,801,4095,4095,4095,0,0,0,0,0,1,0
26/08/25 10:37:12,130.719,703710,SHK0000001,1664,1661,802,4095,4095,4095,0,0,0,0,0,1,0
26/08/25 10:37:13,131.726,703710,SHK0000001,1667,1652,803,4095,4095,4095,0,0,0,0,0,1,0
26/08/25 10:37:14,132.711,703710,SHK0000001,1662,1662,801,4095,4095,4095,0,0,0,0,0,1,0
26/08/25 10:37:15,133.725,703710,SHK0000001,1667,1659,801,4095,4095,4095,0,0,0,0,0,1,0
26/08/25 10:37:16,134.719,703710,SHK0000001,1665,1664,803,4095,4095,4095,0,0,0,0,0,1,0
26/08/25 10:37:17,135.726,703710,SHK0000001,1666,1662,801,4095,4095,4095,0,0,0,0,0,1,0
26/08/25 10:37:18,136.71,703710,SHK0000001,1665,1658,804,4095,4095,4095,0,0,0,0,0,1,0
26/08/25 10:37:19,137.718,703710,SHK0000001,1659,1659,802,4095,4095,4095,0,0,0,0,0,1,0
26/08/25 10:37:20,138.719,703710,SHK0000001,1662,1666,802,4095,4095,4095,0,0,0,0,0,1,0
26/08/25 10:37:21,139.726,703710,SHK0000001,1667,1665,802,4095,4095,4095,0,0,0,0,0,1,0
26/08/25 10:37:22,140.711,703710,SHK0000001,1658,1661,802,4095,4095,4095,0,0,0,0,0,1,0
26/08/25 10:37:23,141.718,703710,SHK0000001,1663,1665,801,4095,4095,4095,0,0,0,0,0,1,0
26/08/25 10:37:24,142.713,703710,SHK0000001,1663,1662,803,4095,4095,4095,0,0,0,0,0,1,0
26/08/25 10:37:25,143.719,703710,SHK0000001,1667,1660,803,4095,4095,4095,0,0,0,0,0,1,0
26/08/25 10:37:26,144.718,703710,SHK0000001,1663,1663,803,4095,4095,4095,0,0,0,0,0,1,0
26/08/25 10:37:27,145.719,703710,SHK0000001,1665,1665,804,4095,4095,4095,0,0,0,0,0,1,0
26/08/25 10:37:28,146.71,703710,SHK0000001,1661,1669,803,4095,4095,4095,0,0,0,0,0,1,0
26/08/25 10:37:29,147.72,703710,SHK0000001,1659,1665,804,4095,4095,4095,0,0,0,0,0,1,0
26/08/25 10:37:30,148.71,703710,SHK0000001,1668,1668,804,4095,4095,4095,0,0,0,0,0,1,0
26/08/25 10:37:31,149.719,703710,SHK0000001,1672,1667,802,4095,4095,4095,0,0,0,0,0,1,0
26/08/25 10:37:32,150.715,703710,SHK0000001,1668,1665,804,4095,4095,4095,0,0,0,0,0,1,0
26/08/25 10:37:33,151.725,703710,SHK0000001,1664,1671,804,4095,4095,4095,0,0,0,0,0,1,0
26/08/25 10:37:34,152.712,703710,SHK0000001,1666,1671,802,4095,4095,4095,0,0,0,0,0,1,0
26/08/25 10:37:35,153.725,703710,SHK0000001,1672,1665,805,4095,4095,4095,0,0,0,0,0,1,0
26/08/25 10:37:36,154.714,703710,SHK0000001,1672,1667,804,4095,4095,4095,0,0,0,0,0,1,0
26/08/25 10:37:37,155.722,703710,SHK0000001,1662,1668,803,4095,4095,4095,0,0,0,0,0,1,0
26/08/25 10:37:38,156.711,703710,SHK0000001,1668,1669,805,4095,4095,4095,0,0,0,0,0,1,0
26/08/25 10:37:39,157.721,703710,SHK0000001,1664,1670,804,4095,4095,4095,0,0,0,0,0,1,0
26/08/25 10:37:40,158.712,703710,SHK0000001,1662,1668,803,4095,4095,4095,0,0,0,0,0,1,0
26/08/25 10:37:41,159.724,703710,SHK0000001,1672,1668,805,4095,4095,4095,0,0,0,0,0,1,0
26/08/25 10:37:42,160.72,703710,SHK0000001,1669,1667,803,4095,4095,4095,0,0,0,0,0,1,0
26/08/25 10:37:43,161.72,703710,SHK0000001,1677,1672,804,4095,4095,4095,0,0,0,0,0,1,0
26/08/25 10:37:44,162.715,703710,SHK0000001,1670,1670,806,4095,4095,4095,0,0,0,0,0,1,0
26/08/25 10:37:45,163.728,703710,SHK0000001,1663,1671,804,4095,4095,4095,0,0,0,0,0,1,0
26/08/25 10:37:46,164.716,703710,SHK0000001,1669,1671,804,4095,4095,4095,0,0,0,0,0,1,0
26/08/25 10:37:47,165.724,703710,SHK0000001,1668,1665,805,4095,4095,4095,0,0,0,0,0,1,0
26/08/25 10:37:48,166.711,703710,SHK0000001,1671,1669,804,4095,4095,4095,0,0,0,0,0,1,0
26/08/25 10:37:49,167.718,703710,SHK0000001,1668,1673,806,4095,4095,4095,0,0,0,0,0,1,0
26/08/25 10:37:50,168.716,703710,SHK0000001,1665,1670,805,4095,4095,4095,0,0,0,0,0,1,0
26/08/25 10:37:51,169.725,703710,SHK0000001,1670,1673,804,4095,4095,4095,0,0,0,0,0,1,0
26/08/25 10:37:52,170.711,703710,SHK0000001,1669,1667,806,4095,4095,4095,0,0,0,0,0,1,0
26/08/25 10:37:53,171.721,703710,SHK0000001,1676,1666,805,4095,4095,4095,0,0,0,0,0,1,0
26/08/25 10:37:54,172.714,703710,SHK0000001,1671,1673,805,4095,4095,4095,0,0,0,0,0,1,0
26/08/25 10:37:55,173.719,703710,SHK0000001,1669,1677,807,4095,4095,4095,0,0,0,0,0,1,0
26/08/25 10:37:56,174.718,703710,SHK0000001,1678,1676,805,4095,4095,4095,0,0,0,0,0,1,0
26/08/25 10:37:57,175.727,703710,SHK0000001,1677,1672,805,4095,4095,4095,0,0,0,0,0,1,0
26/08/25 10:37:58,176.713,703710,SHK0000001,1672,1672,807,4095,4095,4095,0,0,0,0,0,1,0
26/08/25 10:37:59,177.719,703710,SHK0000001,1680,1671,805,4095,4095,4095,0,0,0,0,0,1,0
26/08/25 10:38:00,178.711,703710,SHK0000001,1676,1671,805,4095,4095,4095,0,0,0,0,0,1,0
26/08/25 10:38:01,179.723,703710,SHK0000001,1673,1677,807,4095,4095,4095,0,0,0,0,0,1,0
26/08/25 10:38:02,180.718,703710,SHK0000001,1671,1678,805,4095,4095,4095,0,0,0,0,0,1,0
26/08/25 10:38:03,181.726,703710,SHK0000001,1678,1682,807,4095,4095,4095,0,0,0,0,0,1,0
26/08/25 10:38:04,182.716,703710,SHK0000001,1676,1677,807,4095,4095,4095,0,0,0,0,0,1,0
26/08/25 10:38:05,183.725,703710,SHK0000001,1673,1667,805,4095,4095,4095,0,0,0,0,0,1,0
26/08/25 10:38:06,184.716,703710,SHK0000001,1676,1681,807,4095,4095,4095,0,0,0,0,0,1,0
26/08/25 10:38:07,185.721,703710,SHK0000001,1677,1673,806,4095,4095,4095,0,0,0,0,0,1,0
26/08/25 10:38:08,186.716,703710,SHK0000001,1681,1674,806,4095,4095,4095,0,0,0,0,0,1,0
26/08/25 10:38:09,187.719,703710,SHK0000001,1667,1677,809,4095,4095,4095,0,0,0,0,0,1,0
26/08/25 10:38:10,188.716,703710,SHK0000001,1680,1678,807,4095,4095,4095,0,0,0,0,0,1,0
26/08/25 10:38:11,189.718,703710,SHK0000001,1671,1675,807,4095,4095,4095,0,0,0,0,0,1,0
26/08/25 10:38:12,190.713,703710,SHK0000001,1680,1675,808,4095,4095,4095,0,0,0,0,0,0,0
26/08/25 10:38:13,191.727,703710,SHK0000001,1671,1677,805,4095,4095,4095,0,0,0,0,0,0,0
26/08/25 10:38:14,192.719,703710,SHK0000001,1673,1678,808,4095,4095,4095,0,0,0,0,0,0,0
26/08/25 10:38:15,193.725,703710,SHK0000001,1679,1682,808,4095,4095,4095,0,0,0,0,0,0,0
26/08/25 10:38:16,194.717,703710,SHK0000001,1682,1673,806,4095,4095,4095,0,0,0,0,0,0,0
26/08/25 10:38:17,195.721,703710,SHK0000001,1677,1682,808,4095,4095,4095,0,0,0,0,0,0,0
26/08/25 10:38:18,196.719,703710,SHK0000001,1678,1674,808,4095,4095,4095,0,0,0,0,0,0,0
26/08/25 10:38:19,197.721,703710,SHK0000001,1681,1682,807,4095,4095,4095,0,0,0,0,0,0,0
26/08/25 10:38:20,198.715,703710,SHK0000001,1676,1680,809,4095,4095,4095,0,0,0,0,0,0,0
26/08/25 10:38:21,199.724,703710,SHK0000001,1682,1678,808,4095,4095,4095,0,0,0,0,0,0,0
26/08/25 10:38:22,200.715,703710,SHK0000001,1681,1687,807,4095,4095,4095,0,0,0,0,0,0,0
26/08/25 10:38:23,201.726,703710,SHK0000001,1682,1673,809,4095,4095,4095,0,0,0,0,0,0,0
26/08/25 10:38:24,202.719,703710,SHK0000001,1682,1679,808,4095,4095,4095,0,0,0,0,0,0,0
26/08/25 10:38:25,203.724,703710,SHK0000001,1685,1683,807,4095,4095,4095,0,0,0,0,0,0,0
26/08/25 10:38:26,204.711,703710,SHK0000001,1672,1683,810,4095,4095,4095,0,0,0,0,0,0,0
26/08/25 10:38:27,205.725,703710,SHK0000001,1686,1676,808,4095,4095,4095,0,0,0,0,0,0,0
26/08/25 10:38:28,206.711,703710,SHK0000001,1678,1679,809,4095,4095,4095,0,0,0,0,0,0,0
26/08/25 10:38:29,207.719,703710,SHK0000001,1688,1680,810,4095,4095,4095,0,0,0,0,0,0,0
26/08/25 10:38:30,208.711,703710,SHK0000001,1680,1681,808,4095,4095,4095,0,0,0,0,0,0,0
26/08/25 10:38:31,209.718,703710,SHK0000001,1679,1682,810,4095,4095,4095,0,0,0,0,0,0,0
26/08/25 10:38:32,210.712,703710,SHK0000001,1679,1682,810,4095,4095,4095,0,0,0,0,0,0,0
26/08/25 10:38:33,211.72,703710,SHK0000001,1688,1673,808,4095,4095,4095,0,0,0,0,0,0,0
26/08/25 10:38:34,212.714,703710,SHK0000001,1684,1690,812,4095,4095,4095,0,0,0,0,0,0,0
26/08/25 10:38:35,213.724,703710,SHK0000001,1679,1682,810,4095,4095,4095,0,0,0,0,0,0,0
26/08/25 10:38:36,214.714,703710,SHK0000001,1694,1699,809,4095,4095,4095,0,0,0,0,0,0,0
26/08/25 10:38:37,215.727,703710,SHK0000001,1681,1679,811,4095,4095,4095,0,0,0,0,0,0,0
26/08/25 10:38:38,216.713,703710,SHK0000001,1684,1681,810,4095,4095,4095,0,0,0,0,0,0,0
26/08/25 10:38:39,217.724,703710,SHK0000001,1677,1676,810,4095,4095,4095,0,0,0,0,0,0,0
26/08/25 10:38:40,218.715,703710,SHK0000001,1677,1677,812,4095,4095,4095,0,0,0,0,0,0,0
26/08/25 10:38:41,219.721,703710,SHK0000001,1679,1686,810,4095,4095,4095,0,0,0,0,0,0,0
26/08/25 10:38:42,220.714,703710,SHK0000001,2075,2078,810,4095,4095,4095,0,0,0,0,0,0,0
26/08/25 10:38:43,221.726,703710,SHK0000001,2073,2072,811,4095,4095,4095,0,0,0,0,0,0,0
26/08/25 10:38:44,222.714,703710,SHK0000001,2077,2076,809,4095,4095,4095,0,0,0,0,0,0,0
26/08/25 10:38:45,223.725,703710,SHK0000001,2073,2071,810,4095,4095,4095,0,0,0,0,0,0,0
26/08/25 10:38:46,224.717,703710,SHK0000001,2068,2079,811,4095,4095,4095,0,0,0,0,0,0,0
26/08/25 10:38:47,225.721,703710,SHK0000001,2072,2074,810,4095,4095,4095,0,0,0,0,0,0,0
26/08/25 10:38:48,226.71,703710,SHK0000001,2069,2070,811,4095,4095,4095,0,0,0,0,0,0,0
26/08/25 10:38:49,227.727,703710,SHK0000001,2071,2075,811,4095,4095,4095,0,0,0,0,0,0,0
26/08/25 10:38:50,228.717,703710,SHK0000001,2073,2076,809,4095,4095,4095,0,0,0,0,0,0,0
26/08/25 10:38:51,229.726,703710,SHK0000001,2076,2071,812,4095,4095,4095,0,0,0,0,0,0,0
26/08/25 10:38:52,230.713,703710,SHK0000001,2075,2073,810,4095,4095,4095,0,0,0,0,0,0,0
26/08/25 10:38:53,231.723,703710,SHK0000001,2078,2074,810,4095,4095,4095,0,0,0,0,0,0,0
26/08/25 10:38:54,232.719,703710,SHK0000001,2073,2073,812,4095,4095,4095,0,0,0,0,0,0,0
26/08/25 10:38:55,233.719,703710,SHK0000001,2070,2068,810,4095,4095,4095,0,0,0,0,0,0,0
26/08/25 10:38:56,234.709,703710,SHK0000001,2077,2076,810,4095,4095,4095,0,0,0,0,0,0,0
26/08/25 10:38:57,235.718,703710,SHK0000001,2075,2075,812,4095,4095,4095,0,0,0,0,0,0,0
26/08/25 10:38:58,236.719,703710,SHK0000001,2079,2075,809,4095,4095,4095,0,0,0,0,0,0,0
26/08/25 10:38:59,237.718,703710,SHK0000001,2075,2080,810,4095,4095,4095,0,0,0,0,0,0,0
26/08/25 10:39:00,238.716,703710,SHK0000001,2078,2084,810,4095,4095,4095,0,0,0,0,0,0,0
26/08/25 10:39:01,239.725,703710,SHK0000001,2109,2100,809,4095,4095,4095,0,0,0,0,0,0,0
26/08/25 10:39:02,240.714,703710,SHK0000001,2071,1945,811,4095,4095,4095,0,0,0,0,0,0,0
26/08/25 10:39:03,241.723,703710,SHK0000001,2012,2017,810,4095,4095,4095,0,0,0,0,0,0,0
26/08/25 10:39:04,242.714,703710,SHK0000001,2114,2094,808,4095,4095,4095,0,0,0,0,0,0,0
26/08/25 10:39:05,243.725,703710,SHK0000001,2118,2121,811,4095,4095,4095,0,0,0,0,0,0,0
26/08/25 10:39:06,244.718,703710,SHK0000001,2114,2117,809,4095,4095,4095,0,0,0,0,0,0,0
26/08/25 10:39:07,245.723,703710,SHK0000001,2115,2105,808,4095,4095,4095,0,0,0,0,0,0,0
26/08/25 10:39:08,246.71,703710,SHK0000001,2117,2118,810,4095,4095,4095,0,0,0,0,0,0,0
26/08/25 10:39:09,247.721,703710,SHK0000001,2120,2109,808,4095,4095,4095,0,0,0,0,0,0,0
26/08/25 10:39:10,248.717,703710,SHK0000001,2111,2115,808,4095,4095,4095,0,0,0,0,0,0,0
26/08/25 10:39:11,249.723,703710,SHK0000001,2124,2111,809,4095,4095,4095,0,0,0,0,0,0,0
26/08/25 10:39:12,250.71,703710,SHK0000001,2108,2110,808,4095,4095,4095,0,0,0,0,0,0,0
26/08/25 10:39:13,251.724,703710,SHK0000001,2111,2115,809,4095,4095,4095,0,0,0,0,0,0,0
26/08/25 10:39:14,252.717,703710,SHK0000001,2114,2118,810,4095,4095,4095,0,0,0,0,0,0,0
26/08/25 10:39:15,253.718,703710,SHK0000001,2116,2115,809,4095,4095,4095,0,0,0,0,0,0,0
26/08/25 10:39:16,254.714,703710,SHK0000001,2116,2109,810,4095,4095,4095,0,0,0,0,0,0,0
26/08/25 10:39:17,255.719,703710,SHK0000001,2105,2111,810,4095,4095,4095,0,0,0,0,0,0,0
26/08/25 10:39:18,256.714,703710,SHK0000001,2099,2112,808,4095,4095,4095,0,0,0,0,0,0,0
26/08/25 10:39:19,257.72,703710,SHK0000001,2113,2110,810,4095,4095,4095,0,0,0,0,0,0,0
26/08/25 10:39:20,258.715,703710,SHK0000001,2108,2097,809,4095,4095,4095,0,0,0,0,0,0,0
26/08/25 10:39:21,259.723,703710,SHK0000001,2110,2115,808,4095,4095,4095,0,0,0,0,0,0,0
26/08/25 10:39:22,260.719,703710,SHK0000001,2116,2108,808,4095,4095,4095,0,0,0,0,0,0,0
26/08/25 10:39:23,261.724,703710,SHK0000001,2111,2112,808,4095,4095,4095,0,0,0,0,0,0,0
26/08/25 10:39:24,262.718,703710,SHK0000001,2110,2108,807,4095,4095,4095,0,0,0,0,0,0,0
26/08/25 10:39:25,263.725,703710,SHK0000001,2110,2106,809,4095,4095,4095,0,0,0,0,0,0,0
26/08/25 10:39:26,264.719,703710,SHK0000001,2113,2108,807,4095,4095,4095,0,0,0,0,0,0,0
26/08/25 10:39:27,265.722,703710,SHK0000001,2115,2114,808,4095,4095,4095,0,0,0,0,0,0,0
26/08/25 10:39:28,266.71,703710,SHK0000001,2113,2110,809,4095,4095,4095,0,0,0,0,0,0,0
26/08/25 10:39:29,267.722,703710,SHK0000001,2117,2108,806,4095,4095,4095,0,0,0,0,0,0,0
26/08/25 10:39:30,268.711,703710,SHK0000001,2114,2110,807,4095,4095,4095,0,0,0,0,0,0,0
26/08/25 10:39:31,269.718,703710,SHK0000001,2112,2110,807,4095,4095,4095,0,0,0,0,0,0,0
26/08/25 10:39:32,270.718,703710,SHK0000001,2109,2108,805,4095,4095,4095,0,0,0,0,0,0,0
26/08/25 10:39:33,271.723,703710,SHK0000001,2113,2113,805,4095,4095,4095,0,0,0,0,0,0,0
26/08/25 10:39:34,272.717,703710,SHK0000001,2116,2111,807,4095,4095,4095,0,0,0,0,0,0,0
26/08/25 10:39:35,273.721,703710,SHK0000001,2111,2105,805,4095,4095,4095,0,0,0,0,0,0,0
26/08/25 10:39:36,274.712,703710,SHK0000001,2113,2111,807,4095,4095,4095,0,0,0,0,0,0,0
26/08/25 10:39:37,275.726,703710,SHK0000001,2103,2111,806,4095,4095,4095,0,0,0,0,0,0,0
26/08/25 10:39:38,276.715,703710,SHK0000001,2112,2117,804,4095,4095,4095,0,0,0,0,0,0,0
26/08/25 10:39:39,277.727,703710,SHK0000001,2126,2135,806,4095,4095,4095,0,0,0,0,0,0,0
26/08/25 10:39:40,278.716,703710,SHK0000001,2130,2179,805,4095,4095,4095,0,0,0,0,0,0,0
26/08/25 10:39:41,279.723,703710,SHK0000001,2180,2177,804,4095,4095,4095,0,0,0,0,0,0,0
26/08/25 10:39:42,280.715,703710,SHK0000001,2173,2181,806,4095,4095,4095,0,0,0,0,0,0,0
26/08/25 10:39:43,281.728,703710,SHK0000001,2175,2177,804,4095,4095,4095,0,0,0,0,0,0,0
26/08/25 10:39:44,282.716,703710,SHK0000001,2177,2161,804,4095,4095,4095,0,0,0,0,0,0,0
26/08/25 10:39:45,283.721,703710,SHK0000001,2180,2179,806,4095,4095,4095,0,0,0,0,0,0,0
26/08/25 10:39:46,284.711,703710,SHK0000001,2113,2110,804,4095,4095,4095,0,0,0,0,0,0,0
26/08/25 10:39:47,285.723,703710,SHK0000001,2177,2182,805,4095,4095,4095,0,0,0,0,0,0,0
26/08/25 10:39:48,286.719,703710,SHK0000001,2176,2175,805,4095,4095,4095,0,0,0,0,0,0,0
26/08/25 10:39:49,287.719,703710,SHK0000001,2176,2179,803,4095,4095,4095,0,0,0,0,0,0,0
26/08/25 10:39:50,288.713,703710,SHK0000001,2178,2183,804,4095,4095,4095,0,0,0,0,0,0,0
26/08/25 10:39:51,289.722,703710,SHK0000001,2182,2177,804,4095,4095,4095,0,0,0,0,0,0,0
26/08/25 10:39:52,290.717,703710,SHK0000001,2174,2175,803,4095,4095,4095,0,0,0,0,0,0,0
26/08/25 10:39:53,291.72,703710,SHK0000001,2178,2172,805,4095,4095,4095,0,0,0,0,0,0,0
26/08/25 10:39:54,292.714,703710,SHK0000001,2173,2172,805,4095,4095,4095,0,0,0,0,0,0,0
26/08/25 10:39:55,293.72,703710,SHK0000001,2165,2175,803,4095,4095,4095,0,0,0,0,0,0,0
26/08/25 10:39:56,294.711,703710,SHK0000001,2172,2171,805,4095,4095,4095,0,0,0,0,0,0,0
26/08/25 10:39:57,295.721,703710,SHK0000001,2173,2175,804,4095,4095,4095,0,0,0,0,0,0,0
26/08/25 10:39:58,296.71,703710,SHK0000001,2176,2173,803,4095,4095,4095,0,0,0,0,0,0,0
26/08/25 10:39:59,297.718,703710,SHK0000001,2179,2173,805,4095,4095,4095,0,0,0,0,0,0,0
26/08/25 10:40:00,298.714,703710,SHK0000001,2178,2178,803,4095,4095,4095,0,0,0,0,0,0,0
26/08/25 10:40:01,299.719,703710,SHK0000001,2176,2172,804,4095,4095,4095,0,0,0,0,0,0,0
26/08/25 10:40:02,300.719,703710,SHK0000001,2170,2165,805,4095,4095,4095,0,0,0,0,0,0,0
26/08/25 10:40:03,301.724,703710,SHK0000001,1988,1986,803,4095,4095,4095,0,0,0,0,0,0,0
26/08/25 10:40:04,302.71,703710,SHK0000001,1983,1984,806,4095,4095,4095,0,0,0,0,0,0,0
26/08/25 10:40:05,303.725,703710,SHK0000001,1982,1979,804,4095,4095,4095,0,0,0,0,0,0,0
26/08/25 10:40:06,304.714,703710,SHK0000001,1974,1988,804,4095,4095,4095,0,0,0,0,0,0,0
26/08/25 10:40:07,305.727,703710,SHK0000001,1979,1984,804,4095,4095,4095,0,0,0,0,0,0,0
26/08/25 10:40:08,306.71,703710,SHK0000001,1985,1979,804,4095,4095,4095,0,0,0,0,0,0,0
26/08/25 10:40:09,307.717,703710,SHK0000001,1979,1978,803,4095,4095,4095,0,0,0,0,0,0,0
26/08/25 10:40:10,308.71,703710,SHK0000001,1983,1984,805,4095,4095,4095,0,0,0,0,0,0,0
26/08/25 10:40:11,309.721,703710,SHK0000001,1985,1983,804,4095,4095,4095,0,0,0,0,0,0,0
26/08/25 10:40:12,310.718,703710,SHK0000001,1988,1988,803,4095,4095,4095,0,0,0,0,0,0,0
26/08/25 10:40:13,311.727,703710,SHK0000001,1983,1989,804,4095,4095,4095,0,0,0,0,0,0,0
26/08/25 10:40:14,312.712,703710,SHK0000001,1985,1982,802,4095,4095,4095,0,0,0,0,0,0,0
26/08/25 10:40:15,313.719,703710,SHK0000001,1983,1979,803,4095,4095,4095,0,0,0,0,0,0,0
26/08/25 10:40:16,314.711,703710,SHK0000001,1985,1979,804,4095,4095,4095,0,0,0,0,0,0,0
26/08/25 10:40:17,315.719,703710,SHK0000001,1982,1987,803,4095,4095,4095,0,0,0,0,0,0,0
26/08/25 10:40:18,316.718,703710,SHK0000001,1987,1978,804,4095,4095,4095,0,0,0,0,0,0,0
26/08/25 10:40:19,317.722,703710,SHK0000001,1978,1975,804,4095,4095,4095,0,0,0,0,0,0,0
26/08/25 10:40:20,318.717,703710,SHK0000001,1976,1972,803,4095,4095,4095,0,0,0,0,0,0,0
26/08/25 10:40:21,319.723,703710,SHK0000001,1987,1988,804,4095,4095,4095,0,0,0,0,0,0,0
26/08/25 10:40:22,320.717,703710,SHK0000001,1982,1989,804,4095,4095,4095,0,0,0,0,0,0,0
26/08/25 10:40:23,321.722,703710,SHK0000001,1987,1980,802,4095,4095,4095,0,0,0,0,0,0,0
26/08/25 10:40:24,322.713,703710,SHK0000001,1983,1984,804,4095,4095,4095,0,0,0,0,0,0,0
26/08/25 10:40:25,323.721,703710,SHK0000001,1987,1981,803,4095,4095,4095,0,0,0,0,0,0,0
26/08/25 10:40:26,324.71,703710,SHK0000001,1974,1984,802,4095,4095,4095,0,0,0,0,0,0,0
26/08/25 10:40:27,325.719,703710,SHK0000001,1984,1980,803,4095,4095,4095,0,0,0,0,0,0,0
26/08/25 10:40:28,326.711,703710,SHK0000001,1985,1988,803,4095,4095,4095,0,0,0,0,0,0,0
26/08/25 10:40:29,327.718,703710,SHK0000001,1981,1982,803,4095,4095,4095,0,0,0,0,0,0,0
26/08/25 10:40:30,328.717,703710,SHK0000001,1981,1979,805,4095,4095,4095,0,0,0,0,0,0,0
26/08/25 10:40:31,329.724,703710,SHK0000001,1983,1980,803,4095,4095,4095,0,0,0,0,0,0,0
26/08/25 10:40:32,330.718,703710,SHK0000001,1983,1981,803,4095,4095,4095,0,0,0,0,0,0,0
26/08/25 10:40:33,331.72,703710,SHK0000001,1973,1977,804,4095,4095,4095,0,0,0,0,0,0,0
26/08/25 10:40:34,332.71,703710,SHK0000001,1981,1977,802,4095,4095,4095,0,0,0,0,0,0,0
26/08/25 10:40:35,333.726,703710,SHK0000001,1976,1987,803,4095,4095,4095,0,0,0,0,0,0,0
26/08/25 10:40:36,334.715,703710,SHK0000001,1985,1982,803,4095,4095,4095,0,0,0,0,0,0,0
26/08/25 10:40:37,335.723,703710,SHK0000001,1978,1976,803,4095,4095,4095,0,0,0,0,0,0,0
26/08/25 10:40:38,336.717,703710,SHK0000001,1988,1981,805,4095,4095,4095,0,0,0,0,0,0,0
26/08/25 10:40:39,337.726,703710,SHK0000001,1978,1983,803,4095,4095,4095,0,0,0,0,0,0,0
26/08/25 10:40:40,338.711,703710,SHK0000001,1988,1988,802,4095,4095,4095,0,0,0,0,0,0,0
26/08/25 10:40:41,339.717,703710,SHK0000001,1979,1975,804,4095,4095,4095,0,0,0,0,0,0,0
26/08/25 10:40:42,340.716,703710,SHK0000001,1988,1983,803,4095,4095,4095,0,0,0,0,0,0,0
26/08/25 10:40:43,341.722,703710,SHK0000001,1980,1985,804,4095,4095,4095,0,0,0,0,0,0,0
26/08/25 10:40:44,342.715,703710,SHK0000001,1985,1986,804,4095,4095,4095,0,0,0,0,0,0,0
26/08/25 10:40:45,343.726,703710,SHK0000001,1983,1979,803,4095,4095,4095,0,0,0,0,0,0,0
26/08/25 10:40:46,344.711,703710,SHK0000001,1982,1982,803,4095,4095,4095,0,0,0,0,0,0,0
26/08/25 10:40:47,345.725,703710,SHK0000001,1982,1978,804,4095,4095,4095,0,0,0,0,0,0,0
26/08/25 10:40:48,346.714,703710,SHK0000001,1983,1982,802,4095,4095,4095,0,0,0,0,0,0,0
26/08/25 10:40:49,347.724,703710,SHK0000001,1983,1983,804,4095,4095,4095,0,0,0,0,0,0,0
26/08/25 10:40:50,348.716,703710,SHK0000001,1980,1984,804,4095,4095,4095,0,0,0,0,0,0,0
26/08/25 10:40:51,349.717,703710,SHK0000001,1974,1983,803,4095,4095,4095,0,0,0,0,0,0,0
26/08/25 10:40:52,350.715,703710,SHK0000001,1987,1977,804,4095,4095,4095,0,0,0,0,0,0,0
26/08/25 10:40:53,351.718,703710,SHK0000001,1982,1986,803,4095,4095,4095,0,0,0,0,0,0,0
26/08/25 10:40:54,352.711,703710,SHK0000001,1976,1978,803,4095,4095,4095,0,0,0,0,0,0,0
26/08/25 10:40:55,353.724,703710,SHK0000001,1980,1984,804,4095,4095,4095,0,0,0,0,0,0,0
26/08/25 10:40:56,354.719,703710,SHK0000001,1984,1984,803,4095,4095,4095,0,0,0,0,0,0,0
26/08/25 10:40:57,355.718,703710,SHK0000001,1979,1981,803,4095,4095,4095,0,0,0,0,0,0,0
26/08/25 10:40:58,356.717,703710,SHK0000001,1985,1988,805,4095,4095,4095,0,0,0,0,0,0,0
26/08/25 10:40:59,357.723,703710,SHK0000001,1984,1991,803,4095,4095,4095,0,0,0,0,0,0,0
26/08/25 10:41:00,358.716,703710,SHK0000001,1985,1982,801,4095,4095,4095,0,0,0,0,0,0,0
26/08/25 10:41:01,359.722,703710,SHK0000001,1977,1986,803,4095,4095,4095,0,0,0,0,0,0,0
26/08/25 10:41:02,360.712,703710,SHK0000001,1981,1990,801,4095,4095,4095,0,0,0,0,0,0,0
26/08/25 10:41:03,361.722,703710,SHK0000001,1981,1979,802,4095,4095,4095,0,0,0,0,0,0,0
26/08/25 10:41:04,362.715,703710,SHK0000001,1977,1984,802,4095,4095,4095,0,0,0,0,0,0,0
26/08/25 10:41:05,363.726,703710,SHK0000001,1976,1985,799,4095,4095,4095,0,0,0,0,0,0,0
26/08/25 10:41:06,364.711,703710,SHK0000001,1982,1978,800,4095,4095,4095,0,0,0,0,0,0,0
26/08/25 10:41:07,365.718,703710,SHK0000001,1977,1977,799,4095,4095,4095,0,0,0,0,0,0,0
26/08/25 10:41:08,366.719,703710,SHK0000001,1977,1980,797,4095,4095,4095,0,0,0,0,0,0,0
26/08/25 10:41:09,367.721,703710,SHK0000001,1976,1981,799,4095,4095,4095,0,0,0,0,0,0,0
26/08/25 10:41:10,368.718,703710,SHK0000001,1978,1977,799,4095,4095,4095,0,0,0,0,0,0,0
26/08/25 10:41:11,369.718,703710,SHK0000001,1977,1977,797,4095,4095,4095,0,0,0,0,0,0,0
26/08/25 10:41:12,370.712,703710,SHK0000001,1972,1972,798,4095,4095,4095,0,0,0,0,0,0,0
26/08/25 10:41:13,371.717,703710,SHK0000001,1974,1976,797,4095,4095,4095,0,0,0,0,0,0,0
26/08/25 10:41:14,372.711,703710,SHK0000001,1981,1976,796,4095,4095,4095,0,0,0,0,0,0,0
26/08/25 10:41:15,373.718,703710,SHK0000001,1974,1978,798,4095,4095,4095,0,0,0,0,0,0,0
26/08/25 10:41:16,374.717,703710,SHK0000001,1965,1971,797,4095,4095,4095,0,0,0,0,0,0,0
26/08/25 10:41:17,375.721,703710,SHK0000001,1975,1978,798,4095,4095,4095,0,0,0,0,0,0,0
26/08/25 10:41:18,376.717,703710,SHK0000001,1971,1975,800,4095,4095,4095,0,0,0,0,0,0,0
26/08/25 10:41:19,377.724,703710,SHK0000001,1978,1976,798,4095,4095,4095,0,0,0,0,0,0,0
26/08/25 10:41:20,378.719,703710,SHK0000001,1973,1964,799,4095,4095,4095,0,0,0,0,0,0,0
26/08/25 10:41:21,379.72,703710,SHK0000001,1977,1971,799,4095,4095,4095,0,0,0,0,0,0,0
26/08/25 10:41:22,380.717,703710,SHK0000001,1977,1974,798,4095,4095,4095,0,0,0,0,0,0,0
26/08/25 10:41:23,381.723,703710,SHK0000001,1973,1970,799,4095,4095,4095,0,0,0,0,0,0,0
26/08/25 10:41:24,382.716,703710,SHK0000001,1967,1969,799,4095,4095,4095,0,0,0,0,0,0,0
26/08/25 10:41:25,383.72,703710,SHK0000001,1971,1974,797,4095,4095,4095,0,0,0,0,0,0,0
26/08/25 10:41:26,384.72,703710,SHK0000001,1970,1970,799,4095,4095,4095,0,0,0,0,0,0,0
26/08/25 10:41:27,385.723,703710,SHK0000001,1975,1968,798,4095,4095,4095,0,0,0,0,0,0,0
26/08/25 10:41:28,386.713,703710,SHK0000001,1975,1970,798,4095,4095,4095,0,0,0,0,0,0,0
26/08/25 10:41:29,387.719,703710,SHK0000001,1977,1969,800,4095,4095,4095,0,0,0,0,0,0,0
26/08/25 10:41:30,388.711,703710,SHK0000001,1969,1971,798,4095,4095,4095,0,0,0,0,0,0,0
26/08/25 10:41:31,389.723,703710,SHK0000001,1971,1976,799,4095,4095,4095,0,0,0,0,0,0,0
26/08/25 10:41:32,390.718,703710,SHK0000001,1974,1973,799,4095,4095,4095,0,0,0,0,0,0,0
26/08/25 10:41:33,391.722,703710,SHK0000001,1971,1976,798,4095,4095,4095,0,0,0,0,0,0,0
26/08/25 10:41:34,392.718,703710,SHK0000001,1974,1967,799,4095,4095,4095,0,0,0,0,0,0,0
26/08/25 10:41:35,393.723,703710,SHK0000001,1973,1973,800,4095,4095,4095,0,0,0,0,0,0,0
26/08/25 10:41:36,394.713,703710,SHK0000001,1972,1969,797,4095,4095,4095,0,0,0,0,0,0,0
26/08/25 10:41:37,395.717,703710,SHK0000001,1965,1972,799,4095,4095,4095,0,0,0,0,0,0,0
26/08/25 10:41:38,396.718,703710,SHK0000001,1970,1969,799,4095,4095,4095,0,0,0,0,0,0,0
26/08/25 10:41:39,397.725,703710,SHK0000001,1977,1977,798,4095,4095,4095,0,0,0,0,0,1,0
26/08/25 10:41:40,398.715,703710,SHK0000001,1972,1972,800,4095,4095,4095,0,0,0,0,0,1,0
26/08/25 10:41:41,399.718,703710,SHK0000001,1973,1972,798,4095,4095,4095,0,0,0,0,0,1,0
26/08/25 10:41:42,400.716,703710,SHK0000001,1972,1972,799,4095,4095,4095,0,0,0,0,0,1,0
26/08/25 10:41:43,401.717,703710,SHK0000001,1975,1969,800,4095,4095,4095,0,0,0,0,0,1,0
26/08/25 10:41:44,402.712,703710,SHK0000001,1970,1976,798,4095,4095,4095,0,0,0,0,0,1,0
26/08/25 10:41:45,403.722,703710,SHK0000001,1973,1975,799,4095,4095,4095,0,0,0,0,0,1,0
26/08/25 10:41:46,404.715,703710,SHK0000001,1977,1973,800,4095,4095,4095,0,0,0,0,0,1,0
26/08/25 10:41:47,405.717,703710,SHK0000001,1968,1971,797,4095,4095,4095,0,0,0,0,0,1,0
26/08/25 10:41:48,406.719,703710,SHK0000001,1972,1977,798,4095,4095,4095,0,0,0,0,0,1,0
26/08/25 10:41:49,407.718,703710,SHK0000001,1971,1973,799,4095,4095,4095,0,0,0,0,0,1,0
26/08/25 10:41:50,408.714,703710,SHK0000001,1971,1974,798,4095,4095,4095,0,0,0,0,0,1,0
26/08/25 10:41:51,409.723,703710,SHK0000001,1965,1976,799,4095,4095,4095,0,0,0,0,0,1,0
26/08/25 10:41:52,410.717,703710,SHK0000001,1969,1974,799,4095,4095,4095,0,0,0,0,0,1,0
26/08/25 10:41:53,411.732,703710,SHK0000001,1969,1973,798,4095,4095,4095,0,0,0,0,0,1,0
26/08/25 10:41:54,412.712,703710,SHK0000001,1969,1975,800,4095,4095,4095,0,0,0,0,0,1,0
26/08/25 10:41:55,413.722,703710,SHK0000001,1974,1970,798,4095,4095,4095,0,0,0,0,0,1,0
26/08/25 10:41:56,414.712,703710,SHK0000001,1968,1968,798,4095,4095,4095,0,0,0,0,0,1,0
26/08/25 10:41:57,415.726,703710,SHK0000001,1967,1970,799,4095,4095,4095,0,0,0,0,0,1,0
26/08/25 10:41:58,416.711,703710,SHK0000001,1973,1971,798,4095,4095,4095,0,0,0,0,0,1,0
26/08/25 10:41:59,417.722,703710,SHK0000001,1975,1974,798,4095,4095,4095,0,0,0,0,0,1,0
26/08/25 10:42:00,418.719,703710,SHK0000001,1970,1965,799,4095,4095,4095,0,0,0,0,0,1,0
26/08/25 10:42:01,419.719,703710,SHK0000001,1967,1969,798,4095,4095,4095,0,0,0,0,0,1,0
26/08/25 10:42:02,420.714,703710,SHK0000001,1961,1969,799,4095,4095,4095,0,0,0,0,0,1,0
26/08/25 10:42:03,421.718,703710,SHK0000001,1974,1970,799,4095,4095,4095,0,0,0,0,0,1,0
26/08/25 10:42:04,422.714,703710,SHK0000001,1969,1970,798,4095,4095,4095,0,0,0,0,0,1,0
26/08/25 10:42:05,423.717,703710,SHK0000001,1974,1970,799,4095,4095,4095,0,0,0,0,0,1,0
26/08/25 10:42:06,424.715,703710,SHK0000001,1968,1971,799,4095,4095,4095,0,0,0,0,0,1,0
26/08/25 10:42:07,425.719,703710,SHK0000001,1970,1972,798,4095,4095,4095,0,0,0,0,0,1,0
26/08/25 10:42:08,426.714,703710,SHK0000001,1973,1965,800,4095,4095,4095,0,0,0,0,0,1,0
26/08/25 10:42:09,427.725,703710,SHK0000001,1968,1970,798,4095,4095,4095,0,0,0,0,0,1,0
26/08/25 10:42:10,428.713,703710,SHK0000001,1973,1976,797,4095,4095,4095,0,0,0,0,0,1,0
26/08/25 10:42:11,429.726,703710,SHK0000001,1975,1970,800,4095,4095,4095,0,0,0,0,0,1,0
26/08/25 10:42:12,430.711,703710,SHK0000001,1972,1967,798,4095,4095,4095,0,0,0,0,0,1,0
26/08/25 10:42:13,431.723,703710,SHK0000001,1969,1969,797,4095,4095,4095,0,0,0,0,0,1,0
26/08/25 10:42:14,432.71,703710,SHK0000001,1966,1967,799,4095,4095,4095,0,0,0,0,0,1,0
26/08/25 10:42:15,433.724,703710,SHK0000001,1968,1967,798,4095,4095,4095,0,0,0,0,0,1,0
26/08/25 10:42:16,434.718,703710,SHK0000001,1970,1966,798,4095,4095,4095,0,0,0,0,0,1,0
26/08/25 10:42:17,435.724,703710,SHK0000001,1974,1974,799,4095,4095,4095,0,0,0,0,0,1,0
26/08/25 10:42:18,436.717,703710,SHK0000001,1971,1970,797,4095,4095,4095,0,0,0,0,0,1,0
26/08/25 10:42:19,437.72,703710,SHK0000001,1970,1969,799,4095,4095,4095,0,0,0,0,0,1,0
26/08/25 10:42:20,438.709,703710,SHK0000001,1970,1974,799,4095,4095,4095,0,0,0,0,0,1,0
26/08/25 10:42:21,439.718,703710,SHK0000001,1978,1968,798,4095,4095,4095,0,0,0,0,0,1,0
26/08/25 10:42:22,440.714,703710,SHK0000001,1974,1971,799,4095,4095,4095,0,0,0,0,0,1,0
26/08/25 10:42:23,441.719,703710,SHK0000001,1974,1977,799,4095,4095,4095,0,0,0,0,0,1,0
26/08/25 10:42:24,442.714,703710,SHK0000001,1974,1976,798,4095,4095,4095,0,0,0,0,0,1,0
26/08/25 10:42:25,443.719,703710,SHK0000001,1967,1970,799,4095,4095,4095,0,0,0,0,0,1,0
26/08/25 10:42:26,444.716,703710,SHK0000001,1974,1971,798,4095,4095,4095,0,0,0,0,0,1,0
26/08/25 10:42:27,445.726,703710,SHK0000001,1972,1971,797,4095,4095,4095,0,0,0,0,0,1,0
26/08/25 10:42:28,446.718,703710,SHK0000001,1975,1969,799,4095,4095,4095,0,0,0,0,0,1,0
26/08/25 10:42:29,447.721,703710,SHK0000001,1970,1967,797,4095,4095,4095,0,0,0,0,0,1,0
26/08/25 10:42:30,448.715,703710,SHK0000001,1970,1966,798,4095,4095,4095,0,0,0,0,0,1,0
26/08/25 10:42:31,449.718,703710,SHK0000001,1969,1970,799,4095,4095,4095,0,0,0,0,0,1,0
26/08/25 10:42:32,450.714,703710,SHK0000001,1975,1972,798,4095,4095,4095,0,0,0,0,0,1,0
26/08/25 10:42:33,451.719,703710,SHK0000001,1975,1966,799,4095,4095,4095,0,0,0,0,0,1,0
26/08/25 10:42:34,452.716,703710,SHK0000001,1967,1966,798,4095,4095,4095,0,0,0,0,0,1,0
26/08/25 10:42:35,453.725,703710,SHK0000001,1973,1975,798,4095,4095,4095,0,0,0,0,0,1,0
26/08/25 10:42:36,454.717,703710,SHK0000001,1973,1972,799,4095,4095,4095,0,0,0,0,0,1,0
26/08/25 10:42:37,455.721,703710,SHK0000001,1975,1972,799,4095,4095,4095,0,0,0,0,0,1,0
26/08/25 10:42:38,456.712,703710,SHK0000001,1973,1969,798,4095,4095,4095,0,0,0,0,0,1,0
26/08/25 10:42:39,457.721,703710,SHK0000001,1973,1973,800,4095,4095,4095,0,0,0,0,0,1,0
26/08/25 10:42:40,458.71,703710,SHK0000001,1969,1974,799,4095,4095,4095,0,0,0,0,0,1,0
26/08/25 10:42:41,459.722,703710,SHK0000001,1973,1975,798,4095,4095,4095,0,0,0,0,0,1,0
26/08/25 10:42:42,460.719,703710,SHK0000001,1967,1968,800,4095,4095,4095,0,0,0,0,0,1,0
26/08/25 10:42:43,461.722,703710,SHK0000001,1972,1973,798,4095,4095,4095,0,0,0,0,0,1,0
26/08/25 10:42:44,462.711,703710,SHK0000001,1971,1977,798,4095,4095,4095,0,0,0,0,0,1,0
26/08/25 10:42:45,463.717,703710,SHK0000001,1967,1970,800,4095,4095,4095,0,0,0,0,0,1,0
26/08/25 10:42:46,464.715,703710,SHK0000001,1973,1975,798,4095,4095,4095,0,0,0,0,0,1,0
26/08/25 10:42:47,465.721,703710,SHK0000001,1975,1974,798,4095,4095,4095,0,0,0,0,0,1,0
26/08/25 10:42:48,466.716,703710,SHK0000001,1971,1978,799,4095,4095,4095,0,0,0,0,0,1,0
26/08/25 10:42:49,467.725,703710,SHK0000001,1976,1977,797,4095,4095,4095,0,0,0,0,0,1,0
26/08/25 10:42:50,468.709,703710,SHK0000001,1966,1972,799,4095,4095,4095,0,0,0,0,0,1,0
26/08/25 10:42:51,469.718,703710,SHK0000001,1973,1969,799,4095,4095,4095,0,0,0,0,0,1,0
26/08/25 10:42:52,470.712,703710,SHK0000001,1966,1971,797,4095,4095,4095,0,0,0,0,0,1,0
26/08/25 10:42:53,471.72,703710,SHK0000001,1967,1972,800,4095,4095,4095,0,0,0,0,0,1,0
26/08/25 10:42:54,472.714,703710,SHK0000001,1972,1973,799,4095,4095,4095,0,0,0,0,0,1,0
26/08/25 10:42:55,473.727,703710,SHK0000001,1965,1969,798,4095,4095,4095,0,0,0,0,0,1,0
26/08/25 10:42:56,474.713,703710,SHK0000001,1975,1971,800,4095,4095,4095,0,0,0,0,0,1,0
26/08/25 10:42:57,475.717,703710,SHK0000001,1976,1969,798,4095,4095,4095,0,0,0,0,0,1,0
26/08/25 10:42:58,476.713,703710,SHK0000001,1973,1976,798,4095,4095,4095,0,0,0,0,0,1,0
26/08/25 10:42:59,477.72,703710,SHK0000001,1972,1975,800,4095,4095,4095,0,0,0,0,0,1,0
26/08/25 10:43:00,478.71,703710,SHK0000001,1969,1968,798,4095,4095,4095,0,0,0,0,0,1,0
26/08/25 10:43:01,479.723,703710,SHK0000001,1971,1976,799,4095,4095,4095,0,0,0,0,0,1,0
26/08/25 10:43:02,480.713,703710,SHK0000001,1972,1972,799,4095,4095,4095,0,0,0,0,0,1,0
26/08/25 10:43:03,481.72,703710,SHK0000001,1968,1970,798,4095,4095,4095,0,0,0,0,0,1,0
26/08/25 10:43:04,482.71,703710,SHK0000001,1969,1965,799,4095,4095,4095,0,0,0,0,0,1,0
26/08/25 10:43:05,483.725,703710,SHK0000001,1970,1961,800,4095,4095,4095,0,0,0,0,0,1,0
26/08/25 10:43:06,484.712,703710,SHK0000001,1972,1969,797,4095,4095,4095,0,0,0,0,0,1,0
26/08/25 10:43:07,485.717,703710,SHK0000001,1967,1980,798,4095,4095,4095,0,0,0,0,0,1,0
26/08/25 10:43:08,486.718,703710,SHK0000001,1975,1970,798,4095,4095,4095,0,0,0,0,0,1,0
26/08/25 10:43:09,487.725,703710,SHK0000001,1968,1967,797,4095,4095,4095,0,0,0,0,0,1,0
26/08/25 10:43:10,488.719,703710,SHK0000001,1969,1973,800,4095,4095,4095,0,0,0,0,0,1,0
26/08/25 10:43:11,489.717,703710,SHK0000001,1971,1975,799,4095,4095,4095,0,0,0,0,0,1,0
26/08/25 10:43:12,490.715,703710,SHK0000001,1964,1971,797,4095,4095,4095,0,0,0,0,0,1,0
26/08/25 10:43:13,491.72,703710,SHK0000001,1972,1972,800,4095,4095,4095,0,0,0,0,0,1,0
26/08/25 10:43:14,492.717,703710,SHK0000001,1971,1968,798,4095,4095,4095,0,0,0,0,0,1,0
26/08/25 10:43:15,493.721,703710,SHK0000001,1970,1974,798,4095,4095,4095,0,0,0,0,0,1,0
26/08/25 10:43:16,494.716,703710,SHK0000001,1970,1968,799,4095,4095,4095,0,0,0,0,0,1,0
26/08/25 10:43:17,495.724,703710,SHK0000001,1967,1975,798,4095,4095,4095,0,0,0,0,0,1,0
26/08/25 10:43:18,496.718,703710,SHK0000001,1970,1974,799,4095,4095,4095,0,0,0,0,0,1,0
26/08/25 10:43:19,497.723,703710,SHK0000001,1975,1964,799,4095,4095,4095,0,0,0,0,0,1,0
26/08/25 10:43:20,498.715,703710,SHK0000001,1974,1966,797,4095,4095,4095,0,0,0,0,0,1,0
26/08/25 10:43:21,499.723,703710,SHK0000001,1973,1968,798,4095,4095,4095,0,0,0,0,0,1,0
26/08/25 10:43:22,500.712,703710,SHK0000001,1967,1978,799,4095,4095,4095,0,0,0,0,0,1,0
26/08/25 10:43:23,501.722,703710,SHK0000001,1974,1977,798,4095,4095,4095,0,0,0,0,0,1,0
26/08/25 10:43:24,502.717,703710,SHK0000001,1969,1972,800,4095,4095,4095,0,0,0,0,0,1,0
26/08/25 10:43:25,503.728,703710,SHK0000001,1969,1969,798,4095,4095,4095,0,0,0,0,0,1,0
26/08/25 10:43:26,504.718,703710,SHK0000001,1972,1975,798,4095,4095,4095,0,0,0,0,0,1,0
26/08/25 10:43:27,505.726,703710,SHK0000001,1969,1972,800,4095,4095,4095,0,0,0,0,0,1,0
26/08/25 10:43:28,506.719,703710,SHK0000001,1970,1976,798,4095,4095,4095,0,0,0,0,0,1,0
26/08/25 10:43:29,507.722,703710,SHK0000001,1968,1968,799,4095,4095,4095,0,0,0,0,0,1,0
26/08/25 10:43:30,508.716,703710,SHK0000001,1969,1967,800,4095,4095,4095,0,0,0,0,0,1,0
26/08/25 10:43:31,509.717,703710,SHK0000001,1971,1969,798,4095,4095,4095,0,0,0,0,0,1,0
26/08/25 10:43:32,510.716,703710,SHK0000001,1973,1973,798,4095,4095,4095,0,0,0,0,0,1,0
26/08/25 10:43:33,511.726,703710,SHK0000001,1972,1966,799,4095,4095,4095,0,0,0,0,0,1,0
26/08/25 10:43:34,512.711,703710,SHK0000001,1968,1967,798,4095,4095,4095,0,0,0,0,0,1,0
26/08/25 10:43:35,513.721,703710,SHK0000001,1980,1966,799,4095,4095,4095,0,0,0,0,0,1,0
26/08/25 10:43:36,514.711,703710,SHK0000001,1978,1970,800,4095,4095,4095,0,0,0,0,0,1,0
26/08/25 10:43:37,515.719,703710,SHK0000001,1970,1970,798,4095,4095,4095,0,0,0,0,0,1,0
26/08/25 10:43:38,516.716,703710,SHK0000001,1971,1970,800,4095,4095,4095,0,0,0,0,0,1,0
26/08/25 10:43:39,517.721,703710,SHK0000001,1976,1975,799,4095,4095,4095,0,0,0,0,0,1,0
26/08/25 10:43:40,518.715,703710,SHK0000001,1966,1969,798,4095,4095,4095,0,0,0,0,0,1,0
26/08/25 10:43:41,519.724,703710,SHK0000001,1971,1969,800,4095,4095,4095,0,0,0,0,0,1,0
26/08/25 10:43:42,520.719,703710,SHK0000001,1969,1970,798,4095,4095,4095,0,0,0,0,0,1,0
26/08/25 10:43:43,521.724,703710,SHK0000001,1972,1977,798,4095,4095,4095,0,0,0,0,0,1,0
26/08/25 10:43:44,522.714,703710,SHK0000001,1968,1969,800,4095,4095,4095,0,0,0,0,0,1,0
26/08/25 10:43:45,523.717,703710,SHK0000001,1969,1968,798,4095,4095,4095,0,0,0,0,0,1,0
26/08/25 10:43:46,524.716,703710,SHK0000001,1970,1973,798,4095,4095,4095,0,0,0,0,0,1,0
26/08/25 10:43:47,525.72,703710,SHK0000001,1969,1973,799,4095,4095,4095,0,0,0,0,0,1,0
26/08/25 10:43:48,526.712,703710,SHK0000001,1971,1975,798,4095,4095,4095,0,0,0,0,0,1,0
26/08/25 10:43:49,527.725,703710,SHK0000001,1974,1973,798,4095,4095,4095,0,0,0,0,0,0,0
26/08/25 10:43:50,528.71,703710,SHK0000001,1970,1973,799,4095,4095,4095,0,0,0,0,0,0,0
26/08/25 10:43:51,529.724,703710,SHK0000001,1970,1973,798,4095,4095,4095,0,0,0,0,0,0,0
26/08/25 10:43:52,530.717,703710,SHK0000001,1970,1964,799,4095,4095,4095,0,0,0,0,0,0,0
26/08/25 10:43:53,531.721,703710,SHK0000001,1972,1977,799,4095,4095,4095,0,0,0,0,0,0,0
26/08/25 10:43:54,532.713,703710,SHK0000001,1972,1975,797,4095,4095,4095,0,0,0,0,0,0,0
26/08/25 10:43:55,533.721,703710,SHK0000001,1969,1974,800,4095,4095,4095,0,0,0,0,0,0,0
26/08/25 10:43:56,534.715,703710,SHK0000001,1966,1971,799,4095,4095,4095,0,0,0,0,0,0,0
26/08/25 10:43:57,535.727,703710,SHK0000001,1973,1975,798,4095,4095,4095,0,0,0,0,0,0,0
26/08/25 10:43:58,536.717,703710,SHK0000001,1966,1976,800,4095,4095,4095,0,0,0,0,0,0,0
26/08/25 10:43:59,537.725,703710,SHK0000001,1968,1977,799,4095,4095,4095,0,0,0,0,0,0,0
26/08/25 10:44:00,538.711,703710,SHK0000001,1965,1977,798,4095,4095,4095,0,0,0,0,0,0,0
26/08/25 10:44:01,539.717,703710,SHK0000001,1965,1971,799,4095,4095,4095,0,0,0,0,0,0,0
