Timestamp,Time,Time_gen,SN,V_radshort,V_radtotal,V_housing,VTC2,V_diode,V_probe,PumpStatus,SetPower,Power,Reflected-power,power_flag,antenna_cooling_flag,switch_cooling_flag
26/08/25 15:41:40,986.215,703710,SHK0000001,2080,2080,767,4095,4095,4095,0,0,0,0,0,0,0
26/08/25 15:41:41,987.207,703710,SHK0000001,2086,2078,769,4095,4095,4095,0,0,0,0,0,0,0
26/08/25 15:41:42,988.221,703710,SHK0000001,2077,2076,768,4095,4095,4095,0,0,0,0,0,0,0
26/08/25 15:41:43,989.213,703710,SHK0000001,2075,2077,767,4095,4095,4095,0,0,0,0,0,0,0
26/08/25 15:41:44,990.219,703710,SHK0000001,2080,2080,769,4095,4095,4095,0,0,0,0,0,0,0
26/08/25 15:41:45,991.21,703710,SHK0000001,2080,2070,768,4095,4095,4095,0,0,0,0,0,0,0
26/08/25 15:41:46,992.214,703710,SHK0000001,2078,2076,769,4095,4095,4095,0,0,0,0,0,0,0
26/08/25 15:41:47,993.209,703710,SHK0000001,2079,2083,770,4095,4095,4095,0,0,0,0,0,0,0
26/08/25 15:41:48,994.216,703710,SHK0000001,2085,2084,768,4095,4095,4095,0,0,0,0,0,0,0
26/08/25 15:41:49,995.208,703710,SHK0000001,2081,2080,769,4095,4095,4095,0,0,0,0,0,0,0
26/08/25 15:41:50,996.212,703710,SHK0000001,2079,2079,770,4095,4095,4095,0,0,0,0,0,0,0
26/08/25 15:41:51,997.211,703710,SHK0000001,2085,2088,769,4095,4095,4095,0,0,0,0,0,0,0
26/08/25 15:41:52,998.213,703710,SHK0000001,2079,2080,771,4095,4095,4095,0,0,0,0,0,0,0
26/08/25 15:41:53,999.211,703710,SHK0000001,2080,2084,771,4095,4095,4095,0,0,0,0,0,0,0
26/08/25 15:41:54,1000.222,703710,SHK0000001,2078,2076,770,4095,4095,4095,0,0,0,0,0,0,0
26/08/25 15:41:55,1001.205,703710,SHK0000001,2080,2076,773,4095,4095,4095,0,0,0,0,0,0,0
26/08/25 15:41:56,1002.22,703710,SHK0000001,2083,2082,771,4095,4095,4095,0,0,0,0,0,0,0
26/08/25 15:41:57,1003.205,703710,SHK0000001,2086,2081,771,4095,4095,4095,0,0,0,0,0,0,0
26/08/25 15:41:58,1004.213,703710,SHK0000001,2077,2079,773,4095,4095,4095,0,0,0,0,0,0,0
26/08/25 15:41:59,1005.207,703710,SHK0000001,2077,2084,772,4095,4095,4095,0,0,0,0,0,0,0
26/08/25 15:42:00,1006.217,703710,SHK0000001,2079,2085,772,4095,4095,4095,0,0,0,0,0,0,0
26/08/25 15:42:01,1007.204,703710,SHK0000001,2081,2078,774,4095,4095,4095,0,0,0,0,0,0,0
26/08/25 15:42:02,1008.213,703710,SHK0000001,2077,2080,773,4095,4095,4095,0,0,0,0,0,0,0
26/08/25 15:42:03,1009.209,703710,SHK0000001,2092,2084,773,4095,4095,4095,0,0,0,0,0,0,0
26/08/25 15:42:04,1010.213,703710,SHK0000001,2079,2085,775,4095,4095,4095,0,0,0,0,0,0,0
26/08/25 15:42:05,1011.206,703710,SHK0000001,2081,2083,774,4095,4095,4095,0,0,0,0,0,0,0
26/08/25 15:42:06,1012.217,703710,SHK0000001,2077,2078,775,4095,4095,4095,0,0,0,0,0,0,0
26/08/25 15:42:07,1013.206,703710,SHK0000001,2078,2083,776,4095,4095,4095,0,0,0,0,0,0,0
26/08/25 15:42:08,1014.219,703710,SHK0000001,2083,2087,775,4095,4095,4095,0,0,0,0,0,0,0
26/08/25 15:42:09,1015.206,703710,SHK0000001,2083,2070,777,4095,4095,4095,0,0,0,0,0,0,0
26/08/25 15:42:10,1016.215,703710,SHK0000001,2080,2078,776,4095,4095,4095,0,0,0,0,0,0,0
26/08/25 15:42:11,1017.212,703710,SHK0000001,2083,2080,775,4095,4095,4095,0,0,0,0,0,0,0
26/08/25 15:42:12,1018.215,703710,SHK0000001,2077,2081,778,4095,4095,4095,0,0,0,0,0,0,0
26/08/25 15:42:13,1019.212,703710,SHK0000001,2081,2081,777,4095,4095,4095,0,0,0,0,0,0,0
26/08/25 15:42:14,1020.216,703710,SHK0000001,2077,2086,776,4095,4095,4095,0,0,0,0,0,0,0
26/08/25 15:42:15,1021.206,703710,SHK0000001,2078,2078,778,4095,4095,4095,0,0,0,0,0,0,0
26/08/25 15:42:16,1022.218,703710,SHK0000001,2086,2082,777,4095,4095,4095,0,0,0,0,0,0,0
26/08/25 15:42:17,1023.207,703710,SHK0000001,2081,2079,777,4095,4095,4095,0,0,0,0,0,0,0
26/08/25 15:42:18,1024.214,703710,SHK0000001,2083,2083,779,4095,4095,4095,0,0,0,0,0,0,0
26/08/25 15:42:19,1025.212,703710,SHK0000001,2088,2078,777,4095,4095,4095,0,0,0,0,0,0,0
26/08/25 15:42:20,1026.222,703710,SHK0000001,2081,2081,778,4095,4095,4095,0,0,0,0,0,0,0
26/08/25 15:42:21,1027.213,703710,SHK0000001,2079,2078,779,4095,4095,4095,0,0,0,0,0,0,0
26/08/25 15:42:22,1028.218,703710,SHK0000001,2083,2082,777,4095,4095,4095,0,0,0,0,0,0,0
26/08/25 15:42:23,1029.211,703710,SHK0000001,2080,2080,778,4095,4095,4095,0,0,0,0,0,0,0
26/08/25 15:42:24,1030.212,703710,SHK0000001,2083,2078,779,4095,4095,4095,0,0,0,0,0,0,0
26/08/25 15:42:25,1031.211,703710,SHK0000001,2078,2083,778,4095,4095,4095,0,0,0,0,0,0,0
26/08/25 15:42:26,1032.214,703710,SHK0000001,2081,2076,780,4095,4095,4095,0,0,0,0,0,0,0
26/08/25 15:42:27,1033.208,703710,SHK0000001,2077,2075,779,4095,4095,4095,0,0,0,0,0,0,0
26/08/25 15:42:28,1034.213,703710,SHK0000001,2081,2081,778,4095,4095,4095,0,0,0,0,0,0,0
26/08/25 15:42:29,1035.213,703710,SHK0000001,2075,2082,780,4095,4095,4095,0,0,0,0,0,0,0
26/08/25 15:42:30,1036.214,703710,SHK0000001,2082,2078,778,4095,4095,4095,0,0,0,0,0,0,0
26/08/25 15:42:31,1037.205,703710,SHK0000001,2082,2085,778,4095,4095,4095,0,0,0,0,0,0,0
26/08/25 15:42:32,1038.213,703710,SHK0000001,2089,2088,780,4095,4095,4095,0,0,0,0,0,0,0
26/08/25 15:42:33,1039.204,703710,SHK0000001,2079,2079,779,4095,4095,4095,0,0,0,0,0,0,0
26/08/25 15:42:34,1040.22,703710,SHK0000001,2081,2081,782,4095,4095,4095,0,0,0,0,0,0,0
26/08/25 15:42:35,1041.209,703710,SHK0000001,2078,2082,784,4095,4095,4095,0,0,0,0,0,0,0
26/08/25 15:42:36,1042.212,703710,SHK0000001,2078,2082,782,4095,4095,4095,0,0,0,0,0,0,0
26/08/25 15:42:37,1043.208,703710,SHK0000001,2080,2080,783,4095,4095,4095,0,0,0,0,0,0,0
26/08/25 15:42:38,1044.219,703710,SHK0000001,2079,2086,784,4095,4095,4095,0,0,0,0,0,0,0
26/08/25 15:42:39,1045.209,703710,SHK0000001,2081,2079,783,4095,4095,4095,0,0,0,0,0,0,0
26/08/25 15:42:40,1046.216,703710,SHK0000001,2083,2079,786,4095,4095,4095,0,0,0,0,0,0,0
26/08/25 15:42:41,1047.213,703710,SHK0000001,2084,2091,786,4095,4095,4095,0,0,0,0,0,0,0
26/08/25 15:42:42,1048.219,703710,SHK0000001,2075,2083,785,4095,4095,4095,0,0,0,0,0,0,0
26/08/25 15:42:43,1049.21,703710,SHK0000001,2084,2073,787,4095,4095,4095,0,0,0,0,0,0,0
26/08/25 15:42:44,1050.216,703710,SHK0000001,2088,2088,786,4095,4095,4095,0,0,0,0,0,0,0
26/08/25 15:42:45,1051.208,703710,SHK0000001,2082,2083,786,4095,4095,4095,0,0,0,0,0,0,0
26/08/25 15:42:46,1052.212,703710,SHK0000001,2084,2083,789,4095,4095,4095,0,0,0,0,0,0,0
26/08/25 15:42:47,1053.213,703710,SHK0000001,2083,2078,787,4095,4095,4095,0,0,0,0,0,0,0
26/08/25 15:42:48,1054.22,703710,SHK0000001,2085,2084,788,4095,4095,4095,0,0,0,0,0,0,0
26/08/25 15:42:49,1055.215,703710,SHK0000001,2081,2082,790,4095,4095,4095,0,0,0,0,0,0,0
26/08/25 15:42:50,1056.215,703710,SHK0000001,2084,2076,789,4095,4095,4095,0,0,0,0,0,0,0
26/08/25 15:42:51,1057.213,703710,SHK0000001,2080,2075,790,4095,4095,4095,0,0,0,0,0,0,0
26/08/25 15:42:52,1058.219,703710,SHK0000001,2076,2082,791,4095,4095,4095,0,0,0,0,0,0,0
26/08/25 15:42:53,1059.211,703710,SHK0000001,2080,2084,789,4095,4095,4095,0,0,0,0,0,0,0
26/08/25 15:42:54,1060.214,703710,SHK0000001,2076,2078,791,4095,4095,4095,0,0,0,0,0,0,0
26/08/25 15:42:55,1061.208,703710,SHK0000001,2077,2078,791,4095,4095,4095,0,0,0,0,0,0,0
26/08/25 15:42:56,1062.217,703710,SHK0000001,2086,2081,791,4095,4095,4095,0,0,0,0,0,0,0
26/08/25 15:42:57,1063.21,703710,SHK0000001,2082,2083,792,4095,4095,4095,0,0,0,0,0,0,0
26/08/25 15:42:58,1064.216,703710,SHK0000001,2076,2082,791,4095,4095,4095,0,0,0,0,0,0,0
26/08/25 15:42:59,1065.213,703710,SHK0000001,2086,2081,791,4095,4095,4095,0,0,0,0,0,0,0
26/08/25 15:43:00,1066.218,703710,SHK0000001,2079,2082,793,4095,4095,4095,0,0,0,0,0,0,0
26/08/25 15:43:01,1067.208,703710,SHK0000001,2085,2078,792,4095,4095,4095,0,0,0,0,0,0,0
26/08/25 15:43:02,1068.218,703710,SHK0000001,2086,2079,792,4095,4095,4095,0,0,0,0,0,0,0
26/08/25 15:43:03,1069.211,703710,SHK0000001,2082,2090,792,4095,4095,4095,0,0,0,0,0,0,0
26/08/25 15:43:04,1070.213,703710,SHK0000001,2083,2090,791,4095,4095,4095,0,0,0,0,0,0,0
26/08/25 15:43:05,1071.212,703710,SHK0000001,2085,2083,790,4095,4095,4095,0,0,0,0,0,0,0
26/08/25 15:43:06,1072.215,703710,SHK0000001,2080,2081,791,4095,4095,4095,0,0,0,0,0,0,0
26/08/25 15:43:07,1073.209,703710,SHK0000001,2084,2088,789,4095,4095,4095,0,0,0,0,0,0,0
26/08/25 15:43:08,1074.222,703710,SHK0000001,2086,2086,791,4095,4095,4095,0,0,0,0,0,0,0
26/08/25 15:43:09,1075.205,703710,SHK0000001,2086,2083,791,4095,4095,4095,0,0,0,0,0,0,0
26/08/25 15:43:10,1076.22,703710,SHK0000001,2083,2084,789,4095,4095,4095,0,0,0,0,0,0,0
26/08/25 15:43:11,1077.206,703710,SHK0000001,2073,2086,791,4095,4095,4095,0,0,0,0,0,0,0
26/08/25 15:43:12,1078.213,703710,SHK0000001,2078,2085,790,4095,4095,4095,0,0,0,0,0,0,0
26/08/25 15:43:13,1079.205,703710,SHK0000001,2084,2083,789,4095,4095,4095,0,0,0,0,0,0,0
26/08/25 15:43:14,1080.218,703710,SHK0000001,2085,2078,791,4095,4095,4095,0,0,0,0,0,0,0
26/08/25 15:43:15,1081.209,703710,SHK0000001,2082,2087,790,4095,4095,4095,0,0,0,0,0,0,0
26/08/25 15:43:16,1082.215,703710,SHK0000001,2077,2083,789,4095,4095,4095,0,0,0,0,0,0,0
26/08/25 15:43:17,1083.21,703710,SHK0000001,2073,2075,791,4095,4095,4095,0,0,0,0,0,0,0
26/08/25 15:43:18,1084.218,703710,SHK0000001,2083,2084,789,4095,4095,4095,0,0,0,0,0,0,0
26/08/25 15:43:19,1085.211,703710,SHK0000001,2080,2081,790,4095,4095,4095,0,0,0,0,0,0,0
26/08/25 15:43:20,1086.221,703710,SHK0000001,2078,2084,791,4095,4095,4095,0,0,0,0,0,0,0
26/08/25 15:43:21,1087.205,703710,SHK0000001,2086,2078,790,4095,4095,4095,0,0,0,0,0,0,0
26/08/25 15:43:22,1088.217,703710,SHK0000001,2083,2078,790,4095,4095,4095,0,0,0,0,0,0,0
26/08/25 15:43:23,1089.211,703710,SHK0000001,2081,2080,791,4095,4095,4095,0,0,0,0,0,0,0
26/08/25 15:43:24,1090.212,703710,SHK0000001,2081,2076,790,4095,4095,4095,0,0,0,0,0,0,0
26/08/25 15:43:25,1091.213,703710,SHK0000001,2085,2082,792,4095,4095,4095,0,0,0,0,0,0,0
26/08/25 15:43:26,1092.212,703710,SHK0000001,2075,2081,791,4095,4095,4095,0,0,0,0,0,0,0
26/08/25 15:43:27,1093.21,703710,SHK0000001,2083,2085,791,4095,4095,4095,0,0,0,0,0,0,0
26/08/25 15:43:28,1094.217,703710,SHK0000001,2075,2076,792,4095,4095,4095,0,0,0,0,0,0,0
26/08/25 15:43:29,1095.206,703710,SHK0000001,2070,2083,792,4095,4095,4095,0,0,0,0,0,0,0
26/08/25 15:43:30,1096.213,703710,SHK0000001,2079,2081,790,4095,4095,4095,0,0,0,0,0,0,0
26/08/25 15:43:31,1097.212,703710,SHK0000001,2081,2072,793,4095,4095,4095,0,0,0,0,0,0,0
26/08/25 15:43:32,1098.218,703710,SHK0000001,2083,2078,791,4095,4095,4095,0,0,0,0,0,0,0
26/08/25 15:43:33,1099.212,703710,SHK0000001,2081,2077,791,4095,4095,4095,0,0,0,0,0,0,0
26/08/25 15:43:34,1100.219,703710,SHK0000001,2073,2073,793,4095,4095,4095,0,0,0,0,0,0,0
26/08/25 15:43:35,1101.214,703710,SHK0000001,2081,2076,792,4095,4095,4095,0,0,0,0,0,0,0
26/08/25 15:43:36,1102.222,703710,SHK0000001,2076,2076,792,4095,4095,4095,0,0,0,0,0,0,0
26/08/25 15:43:37,1103.214,703710,SHK0000001,2078,2076,793,4095,4095,4095,0,0,0,0,0,0,0
26/08/25 15:43:38,1104.216,703710,SHK0000001,2071,2075,792,4095,4095,4095,0,0,0,0,0,0,0
26/08/25 15:43:39,1105.207,703710,SHK0000001,2078,2073,793,4095,4095,4095,0,0,0,0,0,0,0
26/08/25 15:43:40,1106.212,703710,SHK0000001,2081,2080,793,4095,4095,4095,0,0,0,0,0,0,0
26/08/25 15:43:41,1107.208,703710,SHK0000001,2076,2074,792,4095,4095,4095,0,0,0,0,0,0,0
26/08/25 15:43:42,1108.214,703710,SHK0000001,2072,2069,794,4095,4095,4095,0,0,0,0,0,0,0
26/08/25 15:43:43,1109.212,703710,SHK0000001,2076,2069,794,4095,4095,4095,0,0,0,0,0,0,0
26/08/25 15:43:44,1110.212,703710,SHK0000001,2069,2065,793,4095,4095,4095,0,0,0,0,0,0,0
26/08/25 15:43:45,1111.206,703710,SHK0000001,2071,2064,795,4095,4095,4095,0,0,0,0,0,0,0
26/08/25 15:43:46,1112.213,703710,SHK0000001,2059,2065,794,4095,4095,4095,0,0,0,0,0,0,0
26/08/25 15:43:47,1113.211,703710,SHK0000001,1796,2036,796,4095,4095,4095,0,0,0,0,0,0,0
26/08/25 15:43:48,1114.212,703710,SHK0000001,2067,2064,797,4095,4095,4095,0,0,0,0,0,0,0
26/08/25 15:43:49,1115.203,703710,SHK0000001,1663,1641,795,4095,4095,4095,0,0,0,0,0,0,0
26/08/25 15:43:50,1116.215,703710,SHK0000001,1633,1641,794,4095,4095,4095,0,0,0,0,0,0,0
26/08/25 15:43:51,1117.208,703710,SHK0000001,1640,1640,796,4095,4095,4095,0,0,0,0,0,0,0
26/08/25 15:43:52,1118.216,703710,SHK0000001,1639,1651,795,4095,4095,4095,0,0,0,0,0,0,0
26/08/25 15:43:53,1119.209,703710,SHK0000001,1652,1659,796,4095,4095,4095,0,0,0,0,0,0,0
26/08/25 15:43:54,1120.221,703710,SHK0000001,1657,1654,797,4095,4095,4095,0,0,0,0,0,0,0
26/08/25 15:43:55,1121.214,703710,SHK0000001,1658,1661,795,4095,4095,4095,0,0,0,0,0,0,0
26/08/25 15:43:56,1122.212,703710,SHK0000001,1660,1654,798,4095,4095,4095,0,0,0,0,0,0,0
26/08/25 15:43:57,1123.206,703710,SHK0000001,1659,1662,798,4095,4095,4095,0,0,0,0,0,0,0
26/08/25 15:43:58,1124.221,703710,SHK0000001,1667,1661,797,4095,4095,4095,0,0,0,0,0,0,0
26/08/25 15:43:59,1125.204,703710,SHK0000001,1660,1651,798,4095,4095,4095,0,0,0,0,0,0,0
26/08/25 15:44:00,1126.214,703710,SHK0000001,1657,1651,798,4095,4095,4095,0,0,0,0,0,0,0
26/08/25 15:44:01,1127.208,703710,SHK0000001,1658,1655,798,4095,4095,4095,0,0,0,0,0,0,0
26/08/25 15:44:02,1128.221,703710,SHK0000001,1660,1657,799,4095,4095,4095,0,0,0,0,0,0,0
26/08/25 15:44:03,1129.213,703710,SHK0000001,1668,1666,798,4095,4095,4095,0,0,0,0,0,0,0
26/08/25 15:44:04,1130.221,703710,SHK0000001,1669,1672,799,4095,4095,4095,0,0,0,0,0,0,0
26/08/25 15:44:05,1131.206,703710,SHK0000001,1672,1666,800,4095,4095,4095,0,0,0,0,0,0,0
26/08/25 15:44:06,1132.217,703710,SHK0000001,1671,1668,799,4095,4095,4095,0,0,0,0,0,0,0
26/08/25 15:44:07,1133.213,703710,SHK0000001,1661,1659,800,4095,4095,4095,0,0,0,0,0,0,0
26/08/25 15:44:08,1134.22,703710,SHK0000001,1651,1655,800,4095,4095,4095,0,0,0,0,0,0,0
26/08/25 15:44:09,1135.205,703710,SHK0000001,1654,1649,799,4095,4095,4095,0,0,0,0,0,0,0
26/08/25 15:44:10,1136.216,703710,SHK0000001,1659,1652,801,4095,4095,4095,0,0,0,0,0,0,0
26/08/25 15:44:11,1137.213,703710,SHK0000001,1653,1650,800,4095,4095,4095,0,0,0,0,0,0,0
26/08/25 15:44:12,1138.217,703710,SHK0000001,1653,1659,800,4095,4095,4095,0,0,0,0,0,0,0
26/08/25 15:44:13,1139.203,703710,SHK0000001,1654,1654,802,4095,4095,4095,0,0,0,0,0,0,0
26/08/25 15:44:14,1140.216,703710,SHK0000001,1659,1660,801,4095,4095,4095,0,0,0,0,0,0,0
26/08/25 15:44:15,1141.208,703710,SHK0000001,1657,1656,800,4095,4095,4095,0,0,0,0,0,0,0
26/08/25 15:44:16,1142.212,703710,SHK0000001,1663,1667,802,4095,4095,4095,0,0,0,0,0,0,0
26/08/25 15:44:17,1143.21,703710,SHK0000001,1665,1656,801,4095,4095,4095,0,0,0,0,0,0,0
26/08/25 15:44:18,1144.218,703710,SHK0000001,1657,1662,802,4095,4095,4095,0,0,0,0,0,0,0
26/08/25 15:44:19,1145.213,703710,SHK0000001,1656,1655,803,4095,4095,4095,0,0,0,0,0,0,0
26/08/25 15:44:20,1146.222,703710,SHK0000001,1661,1668,802,4095,4095,4095,0,0,0,0,0,0,0
26/08/25 15:44:21,1147.206,703710,SHK0000001,1660,1658,802,4095,4095,4095,0,0,0,0,0,0,0
26/08/25 15:44:22,1148.212,703710,SHK0000001,1669,1660,804,4095,4095,4095,0,0,0,0,0,0,0
26/08/25 15:44:23,1149.208,703710,SHK0000001,1660,1661,802,4095,4095,4095,0,0,0,0,0,0,0
26/08/25 15:44:24,1150.213,703710,SHK0000001,1658,1663,804,4095,4095,4095,0,0,0,0,0,0,0
26/08/25 15:44:25,1151.204,703710,SHK0000001,1666,1657,804,4095,4095,4095,0,0,0,0,0,0,0
26/08/25 15:44:26,1152.221,703710,SHK0000001,1660,1658,802,4095,4095,4095,0,0,0,0,0,0,0
26/08/25 15:44:27,1153.207,703710,SHK0000001,1663,1659,804,4095,4095,4095,0,0,0,0,0,0,0
26/08/25 15:44:28,1154.22,703710,SHK0000001,1664,1661,804,4095,4095,4095,0,0,0,0,0,0,0
26/08/25 15:44:29,1155.207,703710,SHK0000001,1672,1666,802,4095,4095,4095,0,0,0,0,0,0,0
26/08/25 15:44:30,1156.216,703710,SHK0000001,1668,1663,804,4095,4095,4095,0,0,0,0,0,0,0
26/08/25 15:44:31,1157.212,703710,SHK0000001,1668,1665,803,4095,4095,4095,0,0,0,0,0,0,0
26/08/25 15:44:32,1158.214,703710,SHK0000001,1660,1662,804,4095,4095,4095,0,0,0,0,0,0,0
26/08/25 15:44:33,1159.206,703710,SHK0000001,1665,1666,805,4095,4095,4095,0,0,0,0,0,0,0
26/08/25 15:44:34,1160.217,703710,SHK0000001,1670,1663,803,4095,4095,4095,0,0,0,0,0,0,0
26/08/25 15:44:35,1161.209,703710,SHK0000001,1666,1662,804,4095,4095,4095,0,0,0,0,0,0,0
26/08/25 15:44:36,1162.217,703710,SHK0000001,1670,1667,805,4095,4095,4095,0,0,0,0,0,0,0
26/08/25 15:44:37,1163.213,703710,SHK0000001,1670,1667,803,4095,4095,4095,0,0,0,0,0,0,0
26/08/25 15:44:38,1164.222,703710,SHK0000001,1660,1672,806,4095,4095,4095,0,0,0,0,0,0,0
26/08/25 15:44:39,1165.211,703710,SHK0000001,1664,1666,805,4095,4095,4095,0,0,0,0,0,0,0
26/08/25 15:44:40,1166.217,703710,SHK0000001,1672,1671,804,4095,4095,4095,0,0,0,0,0,0,0
26/08/25 15:44:41,1167.213,703710,SHK0000001,1666,1675,805,4095,4095,4095,0,0,0,0,0,0,0
26/08/25 15:44:42,1168.219,703710,SHK0000001,1668,1665,806,4095,4095,4095,0,0,0,0,0,0,0
26/08/25 15:44:43,1169.209,703710,SHK0000001,1663,1671,805,4095,4095,4095,0,0,0,0,0,0,0
26/08/25 15:44:44,1170.215,703710,SHK0000001,1664,1668,806,4095,4095,4095,0,0,0,0,0,0,0
26/08/25 15:44:45,1171.208,703710,SHK0000001,1669,1671,805,4095,4095,4095,0,0,0,0,0,0,0
26/08/25 15:44:46,1172.22,703710,SHK0000001,1671,1674,805,4095,4095,4095,0,0,0,0,0,0,0
26/08/25 15:44:47,1173.204,703710,SHK0000001,1670,1673,807,4095,4095,4095,0,0,0,0,0,0,0
26/08/25 15:44:48,1174.214,703710,SHK0000001,1673,1674,805,4095,4095,4095,0,0,0,0,0,0,0
26/08/25 15:44:49,1175.204,703710,SHK0000001,1672,1671,806,4095,4095,4095,0,0,0,0,0,0,0
26/08/25 15:44:50,1176.215,703710,SHK0000001,1669,1677,807,4095,4095,4095,0,0,0,0,0,0,0
26/08/25 15:44:51,1177.21,703710,SHK0000001,1673,1674,805,4095,4095,4095,0,0,0,0,0,0,0
26/08/25 15:44:52,1178.213,703710,SHK0000001,1676,1670,806,4095,4095,4095,0,0,0,0,0,0,0
26/08/25 15:44:53,1179.206,703710,SHK0000001,1672,1671,807,4095,4095,4095,0,0,0,0,0,0,0
26/08/25 15:44:54,1180.214,703710,SHK0000001,1671,1674,806,4095,4095,4095,0,0,0,0,0,0,0
26/08/25 15:44:55,1181.204,703710,SHK0000001,1677,1671,807,4095,4095,4095,0,0,0,0,0,0,0
26/08/25 15:44:56,1182.213,703710,SHK0000001,1673,1677,808,4095,4095,4095,0,0,0,0,0,1,0
26/08/25 15:44:57,1183.213,703710,SHK0000001,1680,1672,806,4095,4095,4095,0,0,0,0,0,1,0
26/08/25 15:44:58,1184.216,703710,SHK0000001,1681,1673,808,4095,4095,4095,0,0,0,0,0,1,0
26/08/25 15:44:59,1185.206,703710,SHK0000001,1670,1678,807,4095,4095,4095,0,0,0,0,0,1,0
26/08/25 15:45:00,1186.212,703710,SHK0000001,1677,1683,807,4095,4095,4095,0,0,0,0,0,1,0
26/08/25 15:45:01,1187.208,703710,SHK0000001,1677,1676,809,4095,4095,4095,0,0,0,0,0,1,0
26/08/25 15:45:02,1188.214,703710,SHK0000001,1672,1680,808,4095,4095,4095,0,0,0,0,0,1,0
26/08/25 15:45:03,1189.209,703710,SHK0000001,1674,1672,808,4095,4095,4095,0,0,0,0,0,1,0
26/08/25 15:45:04,1190.219,703710,SHK0000001,1680,1681,809,4095,4095,4095,0,0,0,0,0,1,0
26/08/25 15:45:05,1191.212,703710,SHK0000001,1681,1679,807,4095,4095,4095,0,0,0,0,0,1,0
26/08/25 15:45:06,1192.219,703710,SHK0000001,1678,1677,807,4095,4095,4095,0,0,0,0,0,1,0
26/08/25 15:45:07,1193.207,703710,SHK0000001,1681,1682,809,4095,4095,4095,0,0,0,0,0,1,0
26/08/25 15:45:08,1194.221,703710,SHK0000001,1678,1679,807,4095,4095,4095,0,0,0,0,0,1,0
26/08/25 15:45:09,1195.208,703710,SHK0000001,1675,1682,808,4095,4095,4095,0,0,0,0,0,1,0
26/08/25 15:45:10,1196.212,703710,SHK0000001,1678,1673,809,4095,4095,4095,0,0,0,0,0,1,0
26/08/25 15:45:11,1197.212,703710,SHK0000001,1676,1677,807,4095,4095,4095,0,0,0,0,0,1,0
26/08/25 15:45:12,1198.215,703710,SHK0000001,1679,1678,809,4095,4095,4095,0,0,0,0,0,1,0
26/08/25 15:45:13,1199.212,703710,SHK0000001,1683,1681,809,4095,4095,4095,0,0,0,0,0,1,0
26/08/25 15:45:14,1200.217,703710,SHK0000001,1687,1681,808,4095,4095,4095,0,0,0,0,0,1,0
26/08/25 15:45:15,1201.212,703710,SHK0000001,1677,1676,810,4095,4095,4095,0,0,0,0,0,1,0
26/08/25 15:45:16,1202.22,703710,SHK0000001,1682,1685,809,4095,4095,4095,0,0,0,0,0,1,0
26/08/25 15:45:17,1203.209,703710,SHK0000001,1680,1681,809,4095,4095,4095,0,0,0,0,0,1,0
26/08/25 15:45:18,1204.22,703710,SHK0000001,1677,1682,811,4095,4095,4095,0,0,0,0,0,1,0
26/08/25 15:45:19,1205.207,703710,SHK0000001,1679,1681,809,4095,4095,4095,0,0,0,0,0,1,0
26/08/25 15:45:20,1206.218,703710,SHK0000001,1687,1683,809,4095,4095,4095,0,0,0,0,0,1,0
26/08/25 15:45:21,1207.206,703710,SHK0000001,1683,1681,810,4095,4095,4095,0,0,0,0,0,1,0
26/08/25 15:45:22,1208.22,703710,SHK0000001,1685,1680,808,4095,4095,4095,0,0,0,0,0,1,0
26/08/25 15:45:23,1209.211,703710,SHK0000001,1685,1682,810,4095,4095,4095,0,0,0,0,0,1,0
26/08/25 15:45:24,1210.212,703710,SHK0000001,1681,1684,810,4095,4095,4095,0,0,0,0,0,1,0
26/08/25 15:45:25,1211.213,703710,SHK0000001,1685,1684,809,4095,4095,4095,0,0,0,0,0,1,0
26/08/25 15:45:26,1212.214,703710,SHK0000001,1683,1687,810,4095,4095,4095,0,0,0,0,0,1,0
26/08/25 15:45:27,1213.207,703710,SHK0000001,1685,1682,811,4095,4095,4095,0,0,0,0,0,1,0
26/08/25 15:45:28,1214.214,703710,SHK0000001,1679,1684,809,4095,4095,4095,0,0,0,0,0,1,0
26/08/25 15:45:29,1215.213,703710,SHK0000001,1687,1681,810,4095,4095,4095,0,0,0,0,0,1,0
26/08/25 15:45:30,1216.216,703710,SHK0000001,1682,1686,810,4095,4095,4095,0,0,0,0,0,1,0
26/08/25 15:45:31,1217.207,703710,SHK0000001,1685,1684,810,4095,4095,4095,0,0,0,0,0,1,0
26/08/25 15:45:32,1218.218,703710,SHK0000001,1685,1683,811,4095,4095,4095,0,0,0,0,0,1,0
26/08/25 15:45:33,1219.205,703710,SHK0000001,1678,1682,810,4095,4095,4095,0,0,0,0,0,1,0
26/08/25 15:45:34,1220.218,703710,SHK0000001,1684,1684,809,4095,4095,4095,0,0,0,0,0,1,0
26/08/25 15:45:35,1221.208,703710,SHK0000001,1680,1685,812,4095,4095,4095,0,0,0,0,0,1,0
26/08/25 15:45:36,1222.22,703710,SHK0000001,1684,1684,810,4095,4095,4095,0,0,0,0,0,1,0
26/08/25 15:45:37,1223.206,703710,SHK0000001,1690,1684,811,4095,4095,4095,0,0,0,0,0,1,0
26/08/25 15:45:38,1224.22,703710,SHK0000001,1689,1687,811,4095,4095,4095,0,0,0,0,0,1,0
26/08/25 15:45:39,1225.206,703710,SHK0000001,1680,1688,811,4095,4095,4095,0,0,0,0,0,1,0
26/08/25 15:45:40,1226.212,703710,SHK0000001,1689,1676,813,4095,4095,4095,0,0,0,0,0,1,0
26/08/25 15:45:41,1227.204,703710,SHK0000001,1683,1685,812,4095,4095,4095,0,0,0,0,0,1,0
26/08/25 15:45:42,1228.218,703710,SHK0000001,1690,1686,810,4095,4095,4095,0,0,0,0,0,1,0
26/08/25 15:45:43,1229.21,703710,SHK0000001,1685,1690,813,4095,4095,4095,0,0,0,0,0,1,0
26/08/25 15:45:44,1230.214,703710,SHK0000001,1686,1689,812,4095,4095,4095,0,0,0,0,0,1,0
26/08/25 15:45:45,1231.207,703710,SHK0000001,1688,1687,811,4095,4095,4095,0,0,0,0,0,1,0
26/08/25 15:45:46,1232.217,703710,SHK0000001,1685,1691,813,4095,4095,4095,0,0,0,0,0,1,0
26/08/25 15:45:47,1233.207,703710,SHK0000001,1687,1688,812,4095,4095,4095,0,0,0,0,0,1,0
26/08/25 15:45:48,1234.221,703710,SHK0000001,1688,1691,812,4095,4095,4095,0,0,0,0,0,1,0
26/08/25 15:45:49,1235.205,703710,SHK0000001,1684,1689,813,4095,4095,4095,0,0,0,0,0,1,0
26/08/25 15:45:50,1236.217,703710,SHK0000001,1690,1691,812,4095,4095,4095,0,0,0,0,0,1,0
26/08/25 15:45:51,1237.21,703710,SHK0000001,1687,1686,812,4095,4095,4095,0,0,0,0,0,1,0
26/08/25 15:45:52,1238.214,703710,SHK0000001,1686,1686,814,4095,4095,4095,0,0,0,0,0,1,0
26/08/25 15:45:53,1239.214,703710,SHK0000001,1691,1686,812,4095,4095,4095,0,0,0,0,0,1,0
26/08/25 15:45:54,1240.216,703710,SHK0000001,1696,1689,812,4095,4095,4095,0,0,0,0,0,1,0
26/08/25 15:45:55,1241.208,703710,SHK0000001,1693,1695,814,4095,4095,4095,0,0,0,0,0,1,0
26/08/25 15:45:56,1242.212,703710,SHK0000001,1685,1689,812,4095,4095,4095,0,0,0,0,0,1,0
26/08/25 15:45:57,1243.208,703710,SHK0000001,1689,1695,813,4095,4095,4095,0,0,0,0,0,1,0
26/08/25 15:45:58,1244.22,703710,SHK0000001,1687,1685,814,4095,4095,4095,0,0,0,0,0,1,0
26/08/25 15:45:59,1245.209,703710,SHK0000001,1686,1692,813,4095,4095,4095,0,0,0,0,0,1,0
26/08/25 15:46:00,1246.221,703710,SHK0000001,1693,1692,814,4095,4095,4095,0,0,0,0,0,1,0
26/08/25 15:46:01,1247.207,703710,SHK0000001,1695,1697,813,4095,4095,4095,0,0,0,0,0,1,0
26/08/25 15:46:02,1248.218,703710,SHK0000001,1692,1692,813,4095,4095,4095,0,0,0,0,0,1,0
26/08/25 15:46:03,1249.208,703710,SHK0000001,1694,1689,815,4095,4095,4095,0,0,0,0,0,1,0
26/08/25 15:46:04,1250.215,703710,SHK0000001,1687,1693,813,4095,4095,4095,0,0,0,0,0,1,0
26/08/25 15:46:05,1251.205,703710,SHK0000001,1694,1700,814,4095,4095,4095,0,0,0,0,0,1,0
26/08/25 15:46:06,1252.211,703710,SHK0000001,1688,1690,815,4095,4095,4095,0,0,0,0,0,1,0
26/08/25 15:46:07,1253.204,703710,SHK0000001,1692,1694,813,4095,4095,4095,0,0,0,0,0,1,0
26/08/25 15:46:08,1254.217,703710,SHK0000001,1695,1686,815,4095,4095,4095,0,0,0,0,0,1,0
26/08/25 15:46:09,1255.212,703710,SHK0000001,1689,1690,815,4095,4095,4095,0,0,0,0,0,1,0
26/08/25 15:46:10,1256.212,703710,SHK0000001,1694,1697,813,4095,4095,4095,0,0,0,0,0,1,0
26/08/25 15:46:11,1257.206,703710,SHK0000001,1691,1695,815,4095,4095,4095,0,0,0,0,0,1,0
26/08/25 15:46:12,1258.215,703710,SHK0000001,1693,1694,815,4095,4095,4095,0,0,0,0,0,1,0
26/08/25 15:46:13,1259.205,703710,SHK0000001,1691,1696,813,4095,4095,4095,0,0,0,0,0,1,0
26/08/25 15:46:14,1260.212,703710,SHK0000001,1694,1696,815,4095,4095,4095,0,0,0,0,0,1,0
26/08/25 15:46:15,1261.204,703710,SHK0000001,1692,1697,815,4095,4095,4095,0,0,0,0,0,1,0
26/08/25 15:46:16,1262.214,703710,SHK0000001,1701,1695,814,4095,4095,4095,0,0,0,0,0,1,0
26/08/25 15:46:17,1263.213,703710,SHK0000001,1699,1696,816,4095,4095,4095,0,0,0,0,0,1,0
26/08/25 15:46:18,1264.216,703710,SHK0000001,1695,1692,814,4095,4095,4095,0,0,0,0,0,1,0
26/08/25 15:46:19,1265.211,703710,SHK0000001,1694,1691,815,4095,4095,4095,0,0,0,0,0,1,0
26/08/25 15:46:20,1266.22,703710,SHK0000001,1701,1688,816,4095,4095,4095,0,0,0,0,0,1,0
26/08/25 15:46:21,1267.21,703710,SHK0000001,1693,1696,815,4095,4095,4095,0,0,0,0,0,1,0
26/08/25 15:46:22,1268.218,703710,SHK0000001,1695,1694,815,4095,4095,4095,0,0,0,0,0,1,0
26/08/25 15:46:23,1269.211,703710,SHK0000001,1697,1700,816,4095,4095,4095,0,0,0,0,0,1,0
26/08/25 15:46:24,1270.218,703710,SHK0000001,1698,1689,814,4095,4095,4095,0,0,0,0,0,1,0
26/08/25 15:46:25,1271.211,703710,SHK0000001,1698,1685,816,4095,4095,4095,0,0,0,0,0,1,0
26/08/25 15:46:26,1272.217,703710,SHK0000001,1692,1698,816,4095,4095,4095,0,0,0,0,0,1,0
26/08/25 15:46:27,1273.213,703710,SHK0000001,1693,1691,815,4095,4095,4095,0,0,0,0,0,1,0
26/08/25 15:46:28,1274.212,703710,SHK0000001,1693,1697,816,4095,4095,4095,0,0,0,0,0,1,0
26/08/25 15:46:29,1275.211,703710,SHK0000001,1694,1705,816,4095,4095,4095,0,0,0,0,0,1,0
26/08/25 15:46:30,1276.215,703710,SHK0000001,1699,1700,815,4095,4095,4095,0,0,0,0,0,1,0
26/08/25 15:46:31,1277.211,703710,SHK0000001,1693,1689,817,4095,4095,4095,0,0,0,0,0,1,0
26/08/25 15:46:32,1278.221,703710,SHK0000001,1697,1698,816,4095,4095,4095,0,0,0,0,0,1,0
26/08/25 15:46:33,1279.204,703710,SHK0000001,1696,1693,816,4095,4095,4095,0,0,0,0,0,1,0
26/08/25 15:46:34,1280.213,703710,SHK0000001,1696,1698,817,4095,4095,4095,0,0,0,0,0,1,0
26/08/25 15:46:35,1281.208,703710,SHK0000001,1696,1694,815,4095,4095,4095,0,0,0,0,0,1,0
26/08/25 15:46:36,1282.214,703710,SHK0000001,1700,1696,816,4095,4095,4095,0,0,0,0,0,1,0
26/08/25 15:46:37,1283.205,703710,SHK0000001,1701,1694,818,4095,4095,4095,0,0,0,0,0,1,0
26/08/25 15:46:38,1284.217,703710,SHK0000001,1692,1693,816,4095,4095,4095,0,0,0,0,0,1,0
26/08/25 15:46:39,1285.206,703710,SHK0000001,1702,1701,816,4095,4095,4095,0,0,0,0,0,1,0
26/08/25 15:46:40,1286.215,703710,SHK0000001,1696,1702,817,4095,4095,4095,0,0,0,0,0,1,0
26/08/25 15:46:41,1287.208,703710,SHK0000001,1707,1704,816,4095,4095,4095,0,0,0,0,0,1,0
26/08/25 15:46:42,1288.212,703710,SHK0000001,1699,1699,818,4095,4095,4095,0,0,0,0,0,1,0
26/08/25 15:46:43,1289.211,703710,SHK0000001,1702,1700,817,4095,4095,4095,0,0,0,0,0,1,0
26/08/25 15:46:44,1290.216,703710,SHK0000001,1702,1695,816,4095,4095,4095,0,0,0,0,0,1,0
26/08/25 15:46:45,1291.212,703710,SHK0000001,1699,1692,818,4095,4095,4095,0,0,0,0,0,1,0
26/08/25 15:46:46,1292.22,703710,SHK0000001,1702,1703,817,4095,4095,4095,0,0,0,0,0,1,0
26/08/25 15:46:47,1293.204,703710,SHK0000001,1703,1703,816,4095,4095,4095,0,0,0,0,0,1,0
26/08/25 15:46:48,1294.213,703710,SHK0000001,1704,1697,819,4095,4095,4095,0,0,0,0,0,1,0
26/08/25 15:46:49,1295.208,703710,SHK0000001,1701,1705,817,4095,4095,4095,0,0,0,0,0,1,0
26/08/25 15:46:50,1296.211,703710,SHK0000001,1706,1698,816,4095,4095,4095,0,0,0,0,0,1,0
26/08/25 15:46:51,1297.207,703710,SHK0000001,1699,1711,819,4095,4095,4095,0,0,0,0,0,1,0
26/08/25 15:46:52,1298.219,703710,SHK0000001,1702,1706,817,4095,4095,4095,0,0,0,0,0,1,0
26/08/25 15:46:53,1299.206,703710,SHK0000001,1704,1698,818,4095,4095,4095,0,0,0,0,0,1,0
26/08/25 15:46:54,1300.212,703710,SHK0000001,1703,1704,818,4095,4095,4095,0,0,0,0,0,1,0
26/08/25 15:46:55,1301.206,703710,SHK0000001,1711,1704,817,4095,4095,4095,0,0,0,0,0,1,0
26/08/25 15:46:56,1302.212,703710,SHK0000001,1702,1700,819,4095,4095,4095,0,0,0,0,0,1,0
26/08/25 15:46:57,1303.213,703710,SHK0000001,1707,1700,819,4095,4095,4095,0,0,0,0,0,1,0
26/08/25 15:46:58,1304.217,703710,SHK0000001,1707,1704,817,4095,4095,4095,0,0,0,0,0,1,0
26/08/25 15:46:59,1305.206,703710,SHK0000001,1702,1698,819,4095,4095,4095,0,0,0,0,0,1,0
26/08/25 15:47:00,1306.215,703710,SHK0000001,1705,1701,819,4095,4095,4095,0,0,0,0,0,0,0
26/08/25 15:47:01,1307.21,703710,SHK0000001,1707,1705,818,4095,4095,4095,0,0,0,0,0,0,0
26/08/25 15:47:02,1308.214,703710,SHK0000001,1704,1707,820,4095,4095,4095,0,0,0,0,0,0,0
26/08/25 15:47:03,1309.211,703710,SHK0000001,1703,1708,818,4095,4095,4095,0,0,0,0,0,0,0
26/08/25 15:47:04,1310.212,703710,SHK0000001,1705,1712,818,4095,4095,4095,0,0,0,0,0,0,0
26/08/25 15:47:05,1311.208,703710,SHK0000001,1709,1706,820,4095,4095,4095,0,0,0,0,0,0,0
26/08/25 15:47:06,1312.214,703710,SHK0000001,1708,1709,818,4095,4095,4095,0,0,0,0,0,0,0
26/08/25 15:47:07,1313.205,703710,SHK0000001,1703,1713,819,4095,4095,4095,0,0,0,0,0,0,0
26/08/25 15:47:08,1314.219,703710,SHK0000001,1716,1706,821,4095,4095,4095,0,0,0,0,0,0,0
26/08/25 15:47:09,1315.213,703710,SHK0000001,1710,1705,819,4095,4095,4095,0,0,0,0,0,0,0
26/08/25 15:47:10,1316.22,703710,SHK0000001,1703,1708,821,4095,4095,4095,0,0,0,0,0,0,0
26/08/25 15:47:11,1317.209,703710,SHK0000001,1711,1708,821,4095,4095,4095,0,0,0,0,0,0,0
26/08/25 15:47:12,1318.212,703710,SHK0000001,1702,1707,819,4095,4095,4095,0,0,0,0,0,0,0
26/08/25 15:47:13,1319.206,703710,SHK0000001,1707,1708,820,4095,4095,4095,0,0,0,0,0,0,0
26/08/25 15:47:14,1320.217,703710,SHK0000001,1713,1713,820,4095,4095,4095,0,0,0,0,0,0,0
26/08/25 15:47:15,1321.212,703710,SHK0000001,1724,1718,819,4095,4095,4095,0,0,0,0,0,0,0
26/08/25 15:47:16,1322.214,703710,SHK0000001,1709,1700,822,4095,4095,4095,0,0,0,0,0,0,0
26/08/25 15:47:17,1323.208,703710,SHK0000001,1706,1699,820,4095,4095,4095,0,0,0,0,0,0,0
26/08/25 15:47:18,1324.216,703710,SHK0000001,1706,1704,820,4095,4095,4095,0,0,0,0,0,0,0
26/08/25 15:47:19,1325.213,703710,SHK0000001,1700,1709,821,4095,4095,4095,0,0,0,0,0,0,0
26/08/25 15:47:20,1326.218,703710,SHK0000001,1699,1710,820,4095,4095,4095,0,0,0,0,0,0,0
26/08/25 15:47:21,1327.206,703710,SHK0000001,1710,1703,820,4095,4095,4095,0,0,0,0,0,0,0
26/08/25 15:47:22,1328.217,703710,SHK0000001,2067,2065,822,4095,4095,4095,0,0,0,0,0,0,0
26/08/25 15:47:23,1329.204,703710,SHK0000001,2068,2068,820,4095,4095,4095,0,0,0,0,0,0,0
26/08/25 15:47:24,1330.217,703710,SHK0000001,2078,2074,821,4095,4095,4095,0,0,0,0,0,0,0
26/08/25 15:47:25,1331.209,703710,SHK0000001,2075,2082,821,4095,4095,4095,0,0,0,0,0,0,0
26/08/25 15:47:26,1332.214,703710,SHK0000001,2077,2080,820,4095,4095,4095,0,0,0,0,0,0,0
26/08/25 15:47:27,1333.208,703710,SHK0000001,2079,2081,822,4095,4095,4095,0,0,0,0,0,0,0
26/08/25 15:47:28,1334.215,703710,SHK0000001,2074,2076,822,4095,4095,4095,0,0,0,0,0,0,0
26/08/25 15:47:29,1335.205,703710,SHK0000001,2082,2075,819,4095,4095,4095,0,0,0,0,0,0,0
26/08/25 15:47:30,1336.219,703710,SHK0000001,2079,2087,822,4095,4095,4095,0,0,0,0,0,0,0
26/08/25 15:47:31,1337.213,703710,SHK0000001,2076,2080,821,4095,4095,4095,0,0,0,0,0,0,0
26/08/25 15:47:32,1338.214,703710,SHK0000001,2086,2083,820,4095,4095,4095,0,0,0,0,0,0,0
26/08/25 15:47:33,1339.21,703710,SHK0000001,2078,2081,822,4095,4095,4095,0,0,0,0,0,0,0
26/08/25 15:47:34,1340.215,703710,SHK0000001,2083,2081,820,4095,4095,4095,0,0,0,0,0,0,0
26/08/25 15:47:35,1341.206,703710,SHK0000001,2077,2077,820,4095,4095,4095,0,0,0,0,0,0,0
26/08/25 15:47:36,1342.216,703710,SHK0000001,2079,2079,822,4095,4095,4095,0,0,0,0,0,0,0
26/08/25 15:47:37,1343.209,703710,SHK0000001,2081,2077,819,4095,4095,4095,0,0,0,0,0,0,0
26/08/25 15:47:38,1344.213,703710,SHK0000001,2073,2081,820,4095,4095,4095,0,0,0,0,0,0,0
26/08/25 15:47:39,1345.206,703710,SHK0000001,2079,2077,821,4095,4095,4095,0,0,0,0,0,0,0
26/08/25 15:47:40,1346.212,703710,SHK0000001,2081,2078,819,4095,4095,4095,0,0,0,0,0,0,0
26/08/25 15:47:41,1347.205,703710,SHK0000001,2083,2083,821,4095,4095,4095,0,0,0,0,0,0,0
26/08/25 15:47:42,1348.219,703710,SHK0000001,2080,2084,820,4095,4095,4095,0,0,0,0,0,0,0
26/08/25 15:47:43,1349.205,703710,SHK0000001,2080,2085,819,4095,4095,4095,0,0,0,0,0,0,0
26/08/25 15:47:44,1350.212,703710,SHK0000001,2079,2080,821,4095,4095,4095,0,0,0,0,0,0,0
26/08/25 15:47:45,1351.207,703710,SHK0000001,2085,2085,820,4095,4095,4095,0,0,0,0,0,0,0
26/08/25 15:47:46,1352.219,703710,SHK0000001,2081,2083,818,4095,4095,4095,0,0,0,0,0,0,0
26/08/25 15:47:47,1353.209,703710,SHK0000001,2080,2082,820,4095,4095,4095,0,0,0,0,0,0,0
26/08/25 15:47:48,1354.218,703710,SHK0000001,2078,2085,819,4095,4095,4095,0,0,0,0,0,0,0
26/08/25 15:47:49,1355.205,703710,SHK0000001,2077,2084,818,4095,4095,4095,0,0,0,0,0,0,0
26/08/25 15:47:50,1356.216,703710,SHK0000001,2075,2083,820,4095,4095,4095,0,0,0,0,0,0,0
26/08/25 15:47:51,1357.207,703710,SHK0000001,2085,2082,818,4095,4095,4095,0,0,0,0,0,0,0
26/08/25 15:47:52,1358.219,703710,SHK0000001,2070,2081,819,4095,4095,4095,0,0,0,0,0,0,0
26/08/25 15:47:53,1359.209,703710,SHK0000001,2081,2078,819,4095,4095,4095,0,0,0,0,0,0,0
26/08/25 15:47:54,1360.221,703710,SHK0000001,2075,2073,818,4095,4095,4095,0,0,0,0,0,0,0
26/08/25 15:47:55,1361.211,703710,SHK0000001,2083,2079,819,4095,4095,4095,0,0,0,0,0,0,0
26/08/25 15:47:56,1362.211,703710,SHK0000001,2077,2073,820,4095,4095,4095,0,0,0,0,0,0,0
26/08/25 15:47:57,1363.208,703710,SHK0000001,2078,2084,818,4095,4095,4095,0,0,0,0,0,0,0
26/08/25 15:47:58,1364.22,703710,SHK0000001,2082,2082,819,4095,4095,4095,0,0,0,0,0,0,0
26/08/25 15:47:59,1365.213,703710,SHK0000001,2080,2081,818,4095,4095,4095,0,0,0,0,0,0,0
26/08/25 15:48:00,1366.216,703710,SHK0000001,2077,2073,817,4095,4095,4095,0,0,0,0,0,0,0
26/08/25 15:48:01,1367.214,703710,SHK0000001,2081,2079,819,4095,4095,4095,0,0,0,0,0,0,0
26/08/25 15:48:02,1368.215,703710,SHK0000001,2085,2080,819,4095,4095,4095,0,0,0,0,0,0,0
26/08/25 15:48:03,1369.208,703710,SHK0000001,2073,2078,817,4095,4095,4095,0,0,0,0,0,0,0
26/08/25 15:48:04,1370.217,703710,SHK0000001,2071,2079,818,4095,4095,4095,0,0,0,0,0,0,0
26/08/25 15:48:05,1371.213,703710,SHK0000001,2083,2080,817,4095,4095,4095,0,0,0,0,0,0,0
26/08/25 15:48:06,1372.213,703710,SHK0000001,2081,2081,816,4095,4095,4095,0,0,0,0,0,0,0
26/08/25 15:48:07,1373.212,703710,SHK0000001,2085,2076,818,4095,4095,4095,0,0,0,0,0,0,0
26/08/25 15:48:08,1374.211,703710,SHK0000001,2081,2081,816,4095,4095,4095,0,0,0,0,0,0,0
26/08/25 15:48:09,1375.208,703710,SHK0000001,2084,2078,817,4095,4095,4095,0,0,0,0,0,0,0
26/08/25 15:48:10,1376.212,703710,SHK0000001,2084,2084,818,4095,4095,4095,0,0,0,0,0,0,0
26/08/25 15:48:11,1377.206,703710,SHK0000001,2074,2083,816,4095,4095,4095,0,0,0,0,0,0,0
26/08/25 15:48:12,1378.212,703710,SHK0000001,2081,2080,818,4095,4095,4095,0,0,0,0,0,0,0
26/08/25 15:48:13,1379.211,703710,SHK0000001,2085,2077,816,4095,4095,4095,0,0,0,0,0,0,0
26/08/25 15:48:14,1380.215,703710,SHK0000001,2085,2076,816,4095,4095,4095,0,0,0,0,0,0,0
26/08/25 15:48:15,1381.21,703710,SHK0000001,2082,2077,818,4095,4095,4095,0,0,0,0,0,0,0
26/08/25 15:48:16,1382.213,703710,SHK0000001,2076,2084,817,4095,4095,4095,0,0,0,0,0,0,0
26/08/25 15:48:17,1383.206,703710,SHK0000001,2077,2078,816,4095,4095,4095,0,0,0,0,0,0,0
26/08/25 15:48:18,1384.213,703710,SHK0000001,2083,2080,818,4095,4095,4095,0,0,0,0,0,0,0
26/08/25 15:48:19,1385.212,703710,SHK0000001,2082,2082,816,4095,4095,4095,0,0,0,0,0,0,0
26/08/25 15:48:20,1386.217,703710,SHK0000001,2077,2087,817,4095,4095,4095,0,0,0,0,0,0,0
26/08/25 15:48:21,1387.213,703710,SHK0000001,2083,2080,818,4095,4095,4095,0,0,0,0,0,0,0
26/08/25 15:48:22,1388.212,703710,SHK0000001,2077,2075,816,4095,4095,4095,0,0,0,0,0,0,0
26/08/25 15:48:23,1389.213,703710,SHK0000001,2079,2078,817,4095,4095,4095,0,0,0,0,0,0,0
26/08/25 15:48:24,1390.212,703710,SHK0000001,2078,2077,817,4095,4095,4095,0,0,0,0,0,0,0
26/08/25 15:48:25,1391.21,703710,SHK0000001,2081,2080,815,4095,4095,4095,0,0,0,0,0,0,0
26/08/25 15:48:26,1392.221,703710,SHK0000001,2085,2080,816,4095,4095,4095,0,0,0,0,0,0,0
26/08/25 15:48:27,1393.205,703710,SHK0000001,2080,2082,817,4095,4095,4095,0,0,0,0,0,0,0
26/08/25 15:48:28,1394.219,703710,SHK0000001,2080,2083,815,4095,4095,4095,0,0,0,0,0,0,0
26/08/25 15:48:29,1395.207,703710,SHK0000001,2078,2087,817,4095,4095,4095,0,0,0,0,0,0,0
26/08/25 15:48:30,1396.221,703710,SHK0000001,2078,2077,816,4095,4095,4095,0,0,0,0,0,0,0
26/08/25 15:48:31,1397.212,703710,SHK0000001,2081,2087,815,4095,4095,4095,0,0,0,0,0,0,0
26/08/25 15:48:32,1398.216,703710,SHK0000001,2081,2082,818,4095,4095,4095,0,0,0,0,0,0,0
26/08/25 15:48:33,1399.205,703710,SHK0000001,2076,2081,816,4095,4095,4095,0,0,0,0,0,0,0
26/08/25 15:48:34,1400.214,703710,SHK0000001,2072,2077,816,4095,4095,4095,0,0,0,0,0,0,0
26/08/25 15:48:35,1401.21,703710,SHK0000001,2076,2075,817,4095,4095,4095,0,0,0,0,0,0,0
26/08/25 15:48:36,1402.219,703710,SHK0000001,2077,2079,815,4095,4095,4095,0,0,0,0,0,0,0
26/08/25 15:48:37,1403.209,703710,SHK0000001,2081,2079,817,4095,4095,4095,0,0,0,0,0,0,0
26/08/25 15:48:38,1404.218,703710,SHK0000001,2081,2082,817,4095,4095,4095,0,0,0,0,0,0,0
26/08/25 15:48:39,1405.211,703710,SHK0000001,2076,2081,815,4095,4095,4095,0,0,0,0,0,0,0
26/08/25 15:48:40,1406.218,703710,SHK0000001,2078,2076,816,4095,4095,4095,0,0,0,0,0,0,0
26/08/25 15:48:41,1407.208,703710,SHK0000001,2085,2081,816,4095,4095,4095,0,0,0,0,0,0,0
26/08/25 15:48:42,1408.215,703710,SHK0000001,2081,2075,815,4095,4095,4095,0,0,0,0,0,0,0
26/08/25 15:48:43,1409.205,703710,SHK0000001,2079,2079,816,4095,4095,4095,0,0,0,0,0,0,0
26/08/25 15:48:44,1410.214,703710,SHK0000001,2081,2081,816,4095,4095,4095,0,0,0,0,0,0,0
26/08/25 15:48:45,1411.205,703710,SHK0000001,2081,2082,815,4095,4095,4095,0,0,0,0,0,0,0
26/08/25 15:48:46,1412.218,703710,SHK0000001,2084,2079,817,4095,4095,4095,0,0,0,0,0,0,0
26/08/25 15:48:47,1413.212,703710,SHK0000001,2080,2075,816,4095,4095,4095,0,0,0,0,0,0,0
26/08/25 15:48:48,1414.212,703710,SHK0000001,1905,1897,814,4095,4095,4095,0,0,0,0,0,0,0
26/08/25 15:48:49,1415.203,703710,SHK0000001,1911,1911,817,4095,4095,4095,0,0,0,0,0,0,0
26/08/25 15:48:50,1416.216,703710,SHK0000001,1900,1910,815,4095,4095,4095,0,0,0,0,0,0,0
26/08/25 15:48:51,1417.207,703710,SHK0000001,1904,1908,815,4095,4095,4095,0,0,0,0,0,0,0
26/08/25 15:48:52,1418.219,703710,SHK0000001,1916,1915,817,4095,4095,4095,0,0,0,0,0,0,0
26/08/25 15:48:53,1419.21,703710,SHK0000001,1910,1906,814,4095,4095,4095,0,0,0,0,0,0,0
26/08/25 15:48:54,1420.221,703710,SHK0000001,1896,1888,816,4095,4095,4095,0,0,0,0,0,0,0
26/08/25 15:48:55,1421.212,703710,SHK0000001,1903,1900,816,4095,4095,4095,0,0,0,0,0,0,0
26/08/25 15:48:56,1422.218,703710,SHK0000001,1908,1906,815,4095,4095,4095,0,0,0,0,0,0,0
26/08/25 15:48:57,1423.206,703710,SHK0000001,1906,1912,816,4095,4095,4095,0,0,0,0,0,0,0
26/08/25 15:48:58,1424.221,703710,SHK0000001,1914,1910,816,4095,4095,4095,0,0,0,0,0,0,0
26/08/25 15:48:59,1425.21,703710,SHK0000001,1906,1904,814,4095,4095,4095,0,0,0,0,0,0,0
26/08/25 15:49:00,1426.213,703710,SHK0000001,1905,1902,816,4095,4095,4095,0,0,0,0,0,0,0
26/08/25 15:49:01,1427.205,703710,SHK0000001,1912,1915,815,4095,4095,4095,0,0,0,0,0,0,0
26/08/25 15:49:02,1428.216,703710,SHK0000001,1902,1900,814,4095,4095,4095,0,0,0,0,0,0,0
26/08/25 15:49:03,1429.208,703710,SHK0000001,1887,1908,815,4095,4095,4095,0,0,0,0,0,0,0
26/08/25 15:49:04,1430.213,703710,SHK0000001,1905,1918,814,4095,4095,4095,0,0,0,0,0,0,0
26/08/25 15:49:05,1431.212,703710,SHK0000001,1907,1911,814,4095,4095,4095,0,0,0,0,0,0,0
26/08/25 15:49:06,1432.213,703710,SHK0000001,1912,1911,816,4095,4095,4095,0,0,0,0,0,0,0
26/08/25 15:49:07,1433.21,703710,SHK0000001,1908,1907,814,4095,4095,4095,0,0,0,0,0,0,0
26/08/25 15:49:08,1434.219,703710,SHK0000001,1910,1905,815,4095,4095,4095,0,0,0,0,0,0,0
26/08/25 15:49:09,1435.212,703710,SHK0000001,1910,1911,815,4095,4095,4095,0,0,0,0,0,0,0
26/08/25 15:49:10,1436.211,703710,SHK0000001,1911,1906,814,4095,4095,4095,0,0,0,0,0,0,0
26/08/25 15:49:11,1437.212,703710,SHK0000001,1908,1904,816,4095,4095,4095,0,0,0,0,0,0,0
26/08/25 15:49:12,1438.217,703710,SHK0000001,1900,1911,816,4095,4095,4095,0,0,0,0,0,0,0
26/08/25 15:49:13,1439.207,703710,SHK0000001,1894,1911,814,4095,4095,4095,0,0,0,0,0,0,0
26/08/25 15:49:14,1440.22,703710,SHK0000001,1898,1902,815,4095,4095,4095,0,0,0,0,0,0,0
26/08/25 15:49:15,1441.212,703710,SHK0000001,1906,1901,815,4095,4095,4095,0,0,0,0,0,0,0
26/08/25 15:49:16,1442.212,703710,SHK0000001,1903,1904,814,4095,4095,4095,0,0,0,0,0,0,0
26/08/25 15:49:17,1443.206,703710,SHK0000001,1904,1906,816,4095,4095,4095,0,0,0,0,0,0,0
26/08/25 15:49:18,1444.216,703710,SHK0000001,1903,1910,815,4095,4095,4095,0,0,0,0,0,0,0
26/08/25 15:49:19,1445.208,703710,SHK0000001,1910,1906,815,4095,4095,4095,0,0,0,0,0,0,0
26/08/25 15:49:20,1446.214,703710,SHK0000001,1912,1914,816,4095,4095,4095,0,0,0,0,0,0,0
26/08/25 15:49:21,1447.206,703710,SHK0000001,1908,1911,814,4095,4095,4095,0,0,0,0,0,0,0
26/08/25 15:49:22,1448.214,703710,SHK0000001,1910,1907,815,4095,4095,4095,0,0,0,0,0,0,0
26/08/25 15:49:23,1449.209,703710,SHK0000001,1905,1906,816,4095,4095,4095,0,0,0,0,0,0,0
26/08/25 15:49:24,1450.218,703710,SHK0000001,1909,1912,814,4095,4095,4095,0,0,0,0,0,0,0
26/08/25 15:49:25,1451.209,703710,SHK0000001,1915,1926,816,4095,4095,4095,0,0,0,0,0,0,0
26/08/25 15:49:26,1452.221,703710,SHK0000001,1921,1912,816,4095,4095,4095,0,0,0,0,0,0,0
26/08/25 15:49:27,1453.214,703710,SHK0000001,1914,1908,814,4095,4095,4095,0,0,0,0,0,0,0
26/08/25 15:49:28,1454.216,703710,SHK0000001,1920,1916,815,4095,4095,4095,0,0,0,0,0,0,0
26/08/25 15:49:29,1455.209,703710,SHK0000001,1859,1873,815,4095,4095,4095,0,0,0,0,0,0,0
26/08/25 15:49:30,1456.218,703710,SHK0000001,1914,1911,814,4095,4095,4095,0,0,0,0,0,0,0
26/08/25 15:49:31,1457.209,703710,SHK0000001,1929,1953,815,4095,4095,4095,0,0,0,0,0,0,0
26/08/25 15:49:32,1458.217,703710,SHK0000001,1939,1933,815,4095,4095,4095,0,0,0,0,0,0,0
26/08/25 15:49:33,1459.204,703710,SHK0000001,1936,1941,814,4095,4095,4095,0,0,0,0,0,0,0
26/08/25 15:49:34,1460.22,703710,SHK0000001,1930,1939,816,4095,4095,4095,0,0,0,0,0,0,0
26/08/25 15:49:35,1461.206,703710,SHK0000001,1967,1958,814,4095,4095,4095,0,0,0,0,0,0,0
26/08/25 15:49:36,1462.214,703710,SHK0000001,1951,1957,814,4095,4095,4095,0,0,0,0,0,0,0
26/08/25 15:49:37,1463.206,703710,SHK0000001,1913,1907,815,4095,4095,4095,0,0,0,0,0,0,0
26/08/25 15:49:38,1464.217,703710,SHK0000001,1917,1931,813,4095,4095,4095,0,0,0,0,0,0,0
26/08/25 15:49:39,1465.207,703710,SHK0000001,1907,1911,816,4095,4095,4095,0,0,0,0,0,0,0
26/08/25 15:49:40,1466.212,703710,SHK0000001,1916,1910,815,4095,4095,4095,0,0,0,0,0,0,0
26/08/25 15:49:41,1467.207,703710,SHK0000001,1911,1910,814,4095,4095,4095,0,0,0,0,0,0,0
26/08/25 15:49:42,1468.221,703710,SHK0000001,1908,1903,815,4095,4095,4095,0,0,0,0,0,0,0
26/08/25 15:49:43,1469.213,703710,SHK0000001,1904,1898,815,4095,4095,4095,0,0,0,0,0,0,0
26/08/25 15:49:44,1470.214,703710,SHK0000001,1913,1911,814,4095,4095,4095,0,0,0,0,0,0,0
26/08/25 15:49:45,1471.212,703710,SHK0000001,1905,1910,815,4095,4095,4095,0,0,0,0,0,0,0
26/08/25 15:49:46,1472.215,703710,SHK0000001,1903,1902,815,4095,4095,4095,0,0,0,0,0,0,0
26/08/25 15:49:47,1473.209,703710,SHK0000001,1901,1909,814,4095,4095,4095,0,0,0,0,0,0,0
26/08/25 15:49:48,1474.215,703710,SHK0000001,1900,1904,815,4095,4095,4095,0,0,0,0,0,0,0
26/08/25 15:49:49,1475.208,703710,SHK0000001,1904,1904,814,4095,4095,4095,0,0,0,0,0,0,0
26/08/25 15:49:50,1476.212,703710,SHK0000001,1910,1905,814,4095,4095,4095,0,0,0,0,0,0,0
26/08/25 15:49:51,1477.213,703710,SHK0000001,1904,1902,815,4095,4095,4095,0,0,0,0,0,0,0
26/08/25 15:49:52,1478.217,703710,SHK0000001,1910,1903,814,4095,4095,4095,0,0,0,0,0,0,0
26/08/25 15:49:53,1479.211,703710,SHK0000001,1903,1906,814,4095,4095,4095,0,0,0,0,0,0,0
26/08/25 15:49:54,1480.217,703710,SHK0000001,1902,1903,815,4095,4095,4095,0,0,0,0,0,0,0
26/08/25 15:49:55,1481.208,703710,SHK0000001,1895,1905,813,4095,4095,4095,0,0,0,0,0,0,0
26/08/25 15:49:56,1482.216,703710,SHK0000001,1904,1903,814,4095,4095,4095,0,0,0,0,0,0,0
26/08/25 15:49:57,1483.205,703710,SHK0000001,1900,1902,815,4095,4095,4095,0,0,0,0,0,0,0
26/08/25 15:49:58,1484.213,703710,SHK0000001,1904,1904,813,4095,4095,4095,0,0,0,0,0,0,0
26/08/25 15:49:59,1485.204,703710,SHK0000001,1901,1904,815,4095,4095,4095,0,0,0,0,0,0,0
26/08/25 15:50:00,1486.217,703710,SHK0000001,1901,1899,814,4095,4095,4095,0,0,0,0,0,0,0
26/08/25 15:50:01,1487.205,703710,SHK0000001,1903,1898,813,4095,4095,4095,0,0,0,0,0,0,0
26/08/25 15:50:02,1488.218,703710,SHK0000001,1905,1903,814,4095,4095,4095,0,0,0,0,0,0,0
26/08/25 15:50:03,1489.209,703710,SHK0000001,1897,1908,814,4095,4095,4095,0,0,0,0,0,0,0
26/08/25 15:50:04,1490.212,703710,SHK0000001,1900,1901,812,4095,4095,4095,0,0,0,0,0,0,0
26/08/25 15:50:05,1491.208,703710,SHK0000001,1897,1903,814,4095,4095,4095,0,0,0,0,0,0,0
26/08/25 15:50:06,1492.217,703710,SHK0000001,1903,1899,813,4095,4095,4095,0,0,0,0,0,0,0
26/08/25 15:50:07,1493.204,703710,SHK0000001,1899,1902,813,4095,4095,4095,0,0,0,0,0,0,0
26/08/25 15:50:08,1494.219,703710,SHK0000001,1900,1904,815,4095,4095,4095,0,0,0,0,0,0,0
26/08/25 15:50:09,1495.208,703710,SHK0000001,1901,1898,813,4095,4095,4095,0,0,0,0,0,0,0
26/08/25 15:50:10,1496.217,703710,SHK0000001,1902,1903,814,4095,4095,4095,0,0,0,0,0,0,0
26/08/25 15:50:11,1497.209,703710,SHK0000001,1906,1902,814,4095,4095,4095,0,0,0,0,0,0,0
26/08/25 15:50:12,1498.215,703710,SHK0000001,1894,1900,813,4095,4095,4095,0,0,0,0,0,1,0
26/08/25 15:50:13,1499.211,703710,SHK0000001,1901,1900,815,4095,4095,4095,0,0,0,0,0,1,0
26/08/25 15:50:14,1500.213,703710,SHK0000001,1899,1893,814,4095,4095,4095,0,0,0,0,0,1,0
26/08/25 15:50:15,1501.211,703710,SHK0000001,1892,1894,812,4095,4095,4095,0,0,0,0,0,1,0
26/08/25 15:50:16,1502.213,703710,SHK0000001,1900,1901,814,4095,4095,4095,0,0,0,0,0,1,0
26/08/25 15:50:17,1503.212,703710,SHK0000001,1900,1900,813,4095,4095,4095,0,0,0,0,0,1,0
26/08/25 15:50:18,1504.218,703710,SHK0000001,1899,1903,813,4095,4095,4095,0,0,0,0,0,1,0
26/08/25 15:50:19,1505.211,703710,SHK0000001,1904,1900,815,4095,4095,4095,0,0,0,0,0,1,0
26/08/25 15:50:20,1506.212,703710,SHK0000001,1895,1897,813,4095,4095,4095,0,0,0,0,0,1,0
26/08/25 15:50:21,1507.209,703710,SHK0000001,1901,1902,813,4095,4095,4095,0,0,0,0,0,1,0
26/08/25 15:50:22,1508.22,703710,SHK0000001,1901,1903,815,4095,4095,4095,0,0,0,0,0,1,0
26/08/25 15:50:23,1509.204,703710,SHK0000001,1904,1892,813,4095,4095,4095,0,0,0,0,0,1,0
26/08/25 15:50:24,1510.212,703710,SHK0000001,1897,1903,814,4095,4095,4095,0,0,0,0,0,1,0
26/08/25 15:50:25,1511.21,703710,SHK0000001,1894,1905,814,4095,4095,4095,0,0,0,0,0,1,0
26/08/25 15:50:26,1512.219,703710,SHK0000001,1897,1904,813,4095,4095,4095,0,0,0,0,0,1,0
26/08/25 15:50:27,1513.208,703710,SHK0000001,1900,1900,815,4095,4095,4095,0,0,0,0,0,1,0
26/08/25 15:50:28,1514.217,703710,SHK0000001,1901,1901,814,4095,4095,4095,0,0,0,0,0,1,0
26/08/25 15:50:29,1515.205,703710,SHK0000001,1893,1898,812,4095,4095,4095,0,0,0,0,0,1,0
26/08/25 15:50:30,1516.218,703710,SHK0000001,1900,1896,814,4095,4095,4095,0,0,0,0,0,1,0
26/08/25 15:50:31,1517.213,703710,SHK0000001,1901,1902,814,4095,4095,4095,0,0,0,0,0,1,0
26/08/25 15:50:32,1518.211,703710,SHK0000001,1899,1902,812,4095,4095,4095,0,0,0,0,0,1,0
26/08/25 15:50:33,1519.204,703710,SHK0000001,1897,1899,814,4095,4095,4095,0,0,0,0,0,1,0
26/08/25 15:50:34,1520.215,703710,SHK0000001,1900,1899,813,4095,4095,4095,0,0,0,0,0,1,0
26/08/25 15:50:35,1521.207,703710,SHK0000001,1898,1903,812,4095,4095,4095,0,0,0,0,0,1,0
26/08/25 15:50:36,1522.212,703710,SHK0000001,1904,1897,815,4095,4095,4095,0,0,0,0,0,1,0
26/08/25 15:50:37,1523.213,703710,SHK0000001,1892,1893,813,4095,4095,4095,0,0,0,0,0,1,0
26/08/25 15:50:38,1524.22,703710,SHK0000001,1902,1902,813,4095,4095,4095,0,0,0,0,0,1,0
26/08/25 15:50:39,1525.205,703710,SHK0000001,1888,1899,814,4095,4095,4095,0,0,0,0,0,1,0
26/08/25 15:50:40,1526.216,703710,SHK0000001,1896,1909,812,4095,4095,4095,0,0,0,0,0,1,0
26/08/25 15:50:41,1527.204,703710,SHK0000001,1894,1902,814,4095,4095,4095,0,0,0,0,0,1,0
26/08/25 15:50:42,1528.219,703710,SHK0000001,1905,1895,814,4095,4095,4095,0,0,0,0,0,1,0
26/08/25 15:50:43,1529.214,703710,SHK0000001,1893,1903,813,4095,4095,4095,0,0,0,0,0,1,0
26/08/25 15:50:44,1530.214,703710,SHK0000001,1903,1897,814,4095,4095,4095,0,0,0,0,0,1,0
26/08/25 15:50:45,1531.212,703710,SHK0000001,1892,1894,814,4095,4095,4095,0,0,0,0,0,1,0
26/08/25 15:50:46,1532.22,703710,SHK0000001,1901,1904,812,4095,4095,4095,0,0,0,0,0,1,0
26/08/25 15:50:47,1533.213,703710,SHK0000001,1895,1903,813,4095,4095,4095,0,0,0,0,0,1,0
26/08/25 15:50:48,1534.216,703710,SHK0000001,1897,1894,814,4095,4095,4095,0,0,0,0,0,1,0
26/08/25 15:50:49,1535.206,703710,SHK0000001,1895,1893,812,4095,4095,4095,0,0,0,0,0,1,0
26/08/25 15:50:50,1536.217,703710,SHK0000001,1893,1897,815,4095,4095,4095,0,0,0,0,0,1,0
26/08/25 15:50:51,1537.205,703710,SHK0000001,1899,1896,813,4095,4095,4095,0,0,0,0,0,1,0
26/08/25 15:50:52,1538.215,703710,SHK0000001,1907,1901,813,4095,4095,4095,0,0,0,0,0,1,0
26/08/25 15:50:53,1539.211,703710,SHK0000001,1896,1893,814,4095,4095,4095,0,0,0,0,0,1,0
26/08/25 15:50:54,1540.213,703710,SHK0000001,1904,1897,813,4095,4095,4095,0,0,0,0,0,1,0
26/08/25 15:50:55,1541.208,703710,SHK0000001,1899,1893,813,4095,4095,4095,0,0,0,0,0,1,0
26/08/25 15:50:56,1542.218,703710,SHK0000001,1905,1900,814,4095,4095,4095,0,0,0,0,0,1,0
26/08/25 15:50:57,1543.203,703710,SHK0000001,1900,1901,813,4095,4095,4095,0,0,0,0,0,1,0
26/08/25 15:50:58,1544.221,703710,SHK0000001,1896,1894,813,4095,4095,4095,0,0,0,0,0,1,0
26/08/25 15:50:59,1545.212,703710,SHK0000001,1903,1898,813,4095,4095,4095,0,0,0,0,0,1,0
26/08/25 15:51:00,1546.219,703710,SHK0000001,1897,1899,812,4095,4095,4095,0,0,0,0,0,1,0
26/08/25 15:51:01,1547.203,703710,SHK0000001,1895,1898,815,4095,4095,4095,0,0,0,0,0,1,0
26/08/25 15:51:02,1548.22,703710,SHK0000001,1903,1897,813,4095,4095,4095,0,0,0,0,0,1,0
26/08/25 15:51:03,1549.203,703710,SHK0000001,1897,1901,812,4095,4095,4095,0,0,0,0,0,1,0
26/08/25 15:51:04,1550.213,703710,SHK0000001,1901,1905,814,4095,4095,4095,0,0,0,0,0,1,0
26/08/25 15:51:05,1551.206,703710,SHK0000001,1897,1900,813,4095,4095,4095,0,0,0,0,0,1,0
26/08/25 15:51:06,1552.217,703710,SHK0000001,1906,1900,813,4095,4095,4095,0,0,0,0,0,1,0
26/08/25 15:51:07,1553.203,703710,SHK0000001,1901,1901,814,4095,4095,4095,0,0,0,0,0,1,0
26/08/25 15:51:08,1554.22,703710,SHK0000001,1897,1895,813,4095,4095,4095,0,0,0,0,0,1,0
26/08/25 15:51:09,1555.207,703710,SHK0000001,1895,1898,814,4095,4095,4095,0,0,0,0,0,1,0
26/08/25 15:51:10,1556.212,703710,SHK0000001,1895,1904,814,4095,4095,4095,0,0,0,0,0,1,0
26/08/25 15:51:11,1557.208,703710,SHK0000001,1889,1910,812,4095,4095,4095,0,0,0,0,0,1,0
26/08/25 15:51:12,1558.212,703710,SHK0000001,1898,1900,813,4095,4095,4095,0,0,0,0,0,1,0
26/08/25 15:51:13,1559.21,703710,SHK0000001,1899,1901,814,4095,4095,4095,0,0,0,0,0,1,0
26/08/25 15:51:14,1560.219,703710,SHK0000001,1895,1896,812,4095,4095,4095,0,0,0,0,0,1,0
26/08/25 15:51:15,1561.203,703710,SHK0000001,1893,1901,814,4095,4095,4095,0,0,0,0,0,1,0
26/08/25 15:51:16,1562.215,703710,SHK0000001,1896,1899,814,4095,4095,4095,0,0,0,0,0,1,0
26/08/25 15:51:17,1563.213,703710,SHK0000001,1894,1898,813,4095,4095,4095,0,0,0,0,0,1,0
26/08/25 15:51:18,1564.214,703710,SHK0000001,1904,1908,814,4095,4095,4095,0,0,0,0,0,1,0
26/08/25 15:51:19,1565.211,703710,SHK0000001,1904,1894,812,4095,4095,4095,0,0,0,0,0,1,0
26/08/25 15:51:20,1566.212,703710,SHK0000001,1893,1894,812,4095,4095,4095,0,0,0,0,0,1,0
26/08/25 15:51:21,1567.211,703710,SHK0000001,1897,1895,814,4095,4095,4095,0,0,0,0,0,1,0
26/08/25 15:51:22,1568.212,703710,SHK0000001,1897,1902,812,4095,4095,4095,0,0,0,0,0,1,0
26/08/25 15:51:23,1569.21,703710,SHK0000001,1891,1898,812,4095,4095,4095,0,0,0,0,0,1,0
26/08/25 15:51:24,1570.219,703710,SHK0000001,1896,1898,814,4095,4095,4095,0,0,0,0,0,1,0
26/08/25 15:51:25,1571.212,703710,SHK0000001,1897,1894,812,4095,4095,4095,0,0,0,0,0,1,0
26/08/25 15:51:26,1572.22,703710,SHK0000001,1902,1893,813,4095,4095,4095,0,0,0,0,0,1,0
26/08/25 15:51:27,1573.206,703710,SHK0000001,1896,1889,814,4095,4095,4095,0,0,0,0,0,1,0
26/08/25 15:51:28,1574.214,703710,SHK0000001,1895,1890,812,4095,4095,4095,0,0,0,0,0,1,0
26/08/25 15:51:29,1575.203,703710,SHK0000001,1894,1897,814,4095,4095,4095,0,0,0,0,0,1,0
26/08/25 15:51:30,1576.221,703710,SHK0000001,1895,1893,813,4095,4095,4095,0,0,0,0,0,1,0
26/08/25 15:51:31,1577.209,703710,SHK0000001,1902,1894,812,4095,4095,4095,0,0,0,0,0,1,0
26/08/25 15:51:32,1578.212,703710,SHK0000001,1902,1900,813,4095,4095,4095,0,0,0,0,0,1,0
26/08/25 15:51:33,1579.207,703710,SHK0000001,1899,1897,812,4095,4095,4095,0,0,0,0,0,1,0
26/08/25 15:51:34,1580.213,703710,SHK0000001,1890,1896,812,4095,4095,4095,0,0,0,0,0,1,0
26/08/25 15:51:35,1581.205,703710,SHK0000001,1899,1891,814,4095,4095,4095,0,0,0,0,0,1,0
26/08/25 15:51:36,1582.214,703710,SHK0000001,1892,1897,813,4095,4095,4095,0,0,0,0,0,1,0
26/08/25 15:51:37,1583.206,703710,SHK0000001,1901,1895,812,4095,4095,4095,0,0,0,0,0,1,0
26/08/25 15:51:38,1584.215,703710,SHK0000001,1901,1904,814,4095,4095,4095,0,0,0,0,0,1,0
26/08/25 15:51:39,1585.21,703710,SHK0000001,1900,1899,812,4095,4095,4095,0,0,0,0,0,1,0
26/08/25 15:51:40,1586.217,703710,SHK0000001,1898,1897,813,4095,4095,4095,0,0,0,0,0,1,0
26/08/25 15:51:41,1587.21,703710,SHK0000001,1896,1899,813,4095,4095,4095,0,0,0,0,0,1,0
26/08/25 15:51:42,1588.212,703710,SHK0000001,1905,1898,812,4095,4095,4095,0,0,0,0,0,1,0
26/08/25 15:51:43,1589.204,703710,SHK0000001,1898,1894,814,4095,4095,4095,0,0,0,0,0,1,0
26/08/25 15:51:44,1590.217,703710,SHK0000001,1894,1894,813,4095,4095,4095,0,0,0,0,0,1,0
26/08/25 15:51:45,1591.213,703710,SHK0000001,1900,1898,812,4095,4095,4095,0,0,0,0,0,1,0
26/08/25 15:51:46,1592.218,703710,SHK0000001,1894,1896,814,4095,4095,4095,0,0,0,0,0,1,0
26/08/25 15:51:47,1593.21,703710,SHK0000001,1898,1897,814,4095,4095,4095,0,0,0,0,0,1,0
26/08/25 15:51:48,1594.222,703710,SHK0000001,1894,1895,813,4095,4095,4095,0,0,0,0,0,1,0
26/08/25 15:51:49,1595.204,703710,SHK0000001,1901,1909,814,4095,4095,4095,0,0,0,0,0,1,0
26/08/25 15:51:50,1596.215,703710,SHK0000001,1895,1896,813,4095,4095,4095,0,0,0,0,0,1,0
26/08/25 15:51:51,1597.212,703710,SHK0000001,1892,1903,812,4095,4095,4095,0,0,0,0,0,1,0
26/08/25 15:51:52,1598.215,703710,SHK0000001,1899,1902,814,4095,4095,4095,0,0,0,0,0,1,0
26/08/25 15:51:53,1599.204,703710,SHK0000001,1902,1897,812,4095,4095,4095,0,0,0,0,0,1,0
26/08/25 15:51:54,1600.215,703710,SHK0000001,1903,1892,813,4095,4095,4095,0,0,0,0,0,1,0
26/08/25 15:51:55,1601.203,703710,SHK0000001,1901,1893,814,4095,4095,4095,0,0,0,0,0,1,0
26/08/25 15:51:56,1602.217,703710,SHK0000001,1897,1896,812,4095,4095,4095,0,0,0,0,0,1,0
26/08/25 15:51:57,1603.209,703710,SHK0000001,1890,1896,813,4095,4095,4095,0,0,0,0,0,1,0
26/08/25 15:51:58,1604.219,703710,SHK0000001,1899,1900,814,4095,4095,4095,0,0,0,0,0,1,0
26/08/25 15:51:59,1605.209,703710,SHK0000001,1892,1900,812,4095,4095,4095,0,0,0,0,0,1,0
26/08/25 15:52:00,1606.212,703710,SHK0000001,1904,1902,814,4095,4095,4095,0,0,0,0,0,1,0
26/08/25 15:52:01,1607.208,703710,SHK0000001,1892,1894,813,4095,4095,4095,0,0,0,0,0,1,0
26/08/25 15:52:02,1608.213,703710,SHK0000001,1897,1894,812,4095,4095,4095,0,0,0,0,0,1,0
26/08/25 15:52:03,1609.21,703710,SHK0000001,1894,1898,814,4095,4095,4095,0,0,0,0,0,1,0
26/08/25 15:52:04,1610.219,703710,SHK0000001,1901,1896,814,4095,4095,4095,0,0,0,0,0,1,0
26/08/25 15:52:05,1611.204,703710,SHK0000001,1898,1894,813,4095,4095,4095,0,0,0,0,0,1,0
26/08/25 15:52:06,1612.215,703710,SHK0000001,1905,1897,814,4095,4095,4095,0,0,0,0,0,1,0
26/08/25 15:52:07,1613.21,703710,SHK0000001,1892,1896,812,4095,4095,4095,0,0,0,0,0,1,0
26/08/25 15:52:08,1614.221,703710,SHK0000001,1899,1897,814,4095,4095,4095,0,0,0,0,0,1,0
26/08/25 15:52:09,1615.213,703710,SHK0000001,1901,1897,814,4095,4095,4095,0,0,0,0,0,1,0
26/08/25 15:52:10,1616.219,703710,SHK0000001,1898,1902,813,4095,4095,4095,0,0,0,0,0,1,0
26/08/25 15:52:11,1617.209,703710,SHK0000001,1899,1903,813,4095,4095,4095,0,0,0,0,0,1,0
26/08/25 15:52:12,1618.214,703710,SHK0000001,1899,1900,814,4095,4095,4095,0,0,0,0,0,1,0
26/08/25 15:52:13,1619.205,703710,SHK0000001,1900,1902,812,4095,4095,4095,0,0,0,0,0,1,0
26/08/25 15:52:14,1620.217,703710,SHK0000001,1893,1896,814,4095,4095,4095,0,0,0,0,0,1,0
26/08/25 15:52:15,1621.211,703710,SHK0000001,1897,1893,814,4095,4095,4095,0,0,0,0,0,0,0
26/08/25 15:52:16,1622.213,703710,SHK0000001,1900,1898,812,4095,4095,4095,0,0,0,0,0,0,0
26/08/25 15:52:17,1623.212,703710,SHK0000001,1902,1898,814,4095,4095,4095,0,0,0,0,0,0,0
26/08/25 15:52:18,1624.218,703710,SHK0000001,1895,1892,814,4095,4095,4095,0,0,0,0,0,0,0
