Timestamp,Time,Time_gen,SN,V_radshort,V_radtotal,V_housing,VTC2,V_diode,V_probe,PumpStatus,SetPower,Power,Reflected-power,power_flag,antenna_cooling_flag,switch_cooling_flag
26/08/25 15:13:32,152.618,703710,SHK0000001,2163,2164,809,4095,4095,4095,0,0,0,0,0,0,0
26/08/25 15:13:33,153.607,703710,SHK0000001,2156,2155,807,4095,4095,4095,0,0,0,0,0,0,0
26/08/25 15:13:34,154.612,703710,SHK0000001,2153,2156,808,4095,4095,4095,0,0,0,0,0,0,0
26/08/25 15:13:35,155.606,703710,SHK0000001,2151,2155,809,4095,4095,4095,0,0,0,0,0,0,0
26/08/25 15:13:36,156.61,703710,SHK0000001,2159,2154,808,4095,4095,4095,0,0,0,0,0,0,0
26/08/25 15:13:37,157.603,703710,SHK0000001,2160,2161,809,4095,4095,4095,0,0,0,0,0,0,0
26/08/25 15:13:38,158.61,703710,SHK0000001,2156,2162,808,4095,4095,4095,0,0,0,0,0,0,0
26/08/25 15:13:39,159.608,703710,SHK0000001,2161,2154,807,4095,4095,4095,0,0,0,0,0,0,0
26/08/25 15:13:40,160.614,703710,SHK0000001,2158,2159,810,4095,4095,4095,0,0,0,0,0,0,0
26/08/25 15:13:41,161.606,703710,SHK0000001,2161,2158,809,4095,4095,4095,0,0,0,0,0,0,0
26/08/25 15:13:42,162.616,703710,SHK0000001,2174,2159,808,4095,4095,4095,0,0,0,0,0,0,0
26/08/25 15:13:43,163.601,703710,SHK0000001,2161,2153,810,4095,4095,4095,0,0,0,0,0,0,0
26/08/25 15:13:44,164.613,703710,SHK0000001,2157,2159,808,4095,4095,4095,0,0,0,0,0,0,0
26/08/25 15:13:45,165.609,703710,SHK0000001,2168,2195,809,4095,4095,4095,0,0,0,0,0,0,0
26/08/25 15:13:46,166.614,703710,SHK0000001,2203,2199,810,4095,4095,4095,0,0,0,0,0,0,0
26/08/25 15:13:47,167.603,703710,SHK0000001,2198,2201,808,4095,4095,4095,0,0,0,0,0,0,0
26/08/25 15:13:48,168.615,703710,SHK0000001,2202,2203,810,4095,4095,4095,0,0,0,0,0,0,0
26/08/25 15:13:49,169.61,703710,SHK0000001,2205,2203,810,4095,4095,4095,0,0,0,0,0,0,0
26/08/25 15:13:50,170.609,703710,SHK0000001,2199,2204,807,4095,4095,4095,0,0,0,0,0,0,0
26/08/25 15:13:51,171.607,703710,SHK0000001,2206,2200,809,4095,4095,4095,0,0,0,0,0,0,0
26/08/25 15:13:52,172.617,703710,SHK0000001,2197,2194,809,4095,4095,4095,0,0,0,0,0,0,0
26/08/25 15:13:53,173.605,703710,SHK0000001,2193,2192,808,4095,4095,4095,0,0,0,0,0,0,0
26/08/25 15:13:54,174.612,703710,SHK0000001,2200,2202,810,4095,4095,4095,0,0,0,0,0,0,0
26/08/25 15:13:55,175.601,703710,SHK0000001,2200,2206,809,4095,4095,4095,0,0,0,0,0,0,0
26/08/25 15:13:56,176.613,703710,SHK0000001,2197,2199,807,4095,4095,4095,0,0,0,0,0,0,0
26/08/25 15:13:57,177.608,703710,SHK0000001,2199,2201,811,4095,4095,4095,0,0,0,0,0,0,0
26/08/25 15:13:58,178.612,703710,SHK0000001,2204,2201,808,4095,4095,4095,0,0,0,0,0,0,0
26/08/25 15:13:59,179.609,703710,SHK0000001,2195,2208,808,4095,4095,4095,0,0,0,0,0,0,0
26/08/25 15:14:00,180.613,703710,SHK0000001,2202,2202,809,4095,4095,4095,0,0,0,0,0,0,0
26/08/25 15:14:01,181.602,703710,SHK0000001,2201,2199,809,4095,4095,4095,0,0,0,0,0,0,0
26/08/25 15:14:02,182.609,703710,SHK0000001,2195,2200,809,4095,4095,4095,0,0,0,0,0,0,0
26/08/25 15:14:03,183.601,703710,SHK0000001,2203,2198,810,4095,4095,4095,0,0,0,0,0,0,0
26/08/25 15:14:04,184.614,703710,SHK0000001,2197,2204,808,4095,4095,4095,0,0,0,0,0,0,0
26/08/25 15:14:05,185.602,703710,SHK0000001,2201,2195,808,4095,4095,4095,0,0,0,0,0,0,0
26/08/25 15:14:06,186.609,703710,SHK0000001,2201,2206,810,4095,4095,4095,0,0,0,0,0,0,0
26/08/25 15:14:07,187.609,703710,SHK0000001,2201,2199,808,4095,4095,4095,0,0,0,0,0,0,0
26/08/25 15:14:08,188.611,703710,SHK0000001,2205,2199,811,4095,4095,4095,0,0,0,0,0,0,0
26/08/25 15:14:09,189.609,703710,SHK0000001,2198,2193,809,4095,4095,4095,0,0,0,0,0,0,0
26/08/25 15:14:10,190.617,703710,SHK0000001,2197,2198,808,4095,4095,4095,0,0,0,0,0,0,0
26/08/25 15:14:11,191.606,703710,SHK0000001,2197,2201,810,4095,4095,4095,0,0,0,0,0,0,0
26/08/25 15:14:12,192.608,703710,SHK0000001,2205,2197,809,4095,4095,4095,0,0,0,0,0,0,0
26/08/25 15:14:13,193.607,703710,SHK0000001,2208,2203,808,4095,4095,4095,0,0,0,0,0,0,0
26/08/25 15:14:14,194.614,703710,SHK0000001,2196,2198,810,4095,4095,4095,0,0,0,0,0,0,0
26/08/25 15:14:15,195.6,703710,SHK0000001,2199,2205,810,4095,4095,4095,0,0,0,0,0,0,0
26/08/25 15:14:16,196.616,703710,SHK0000001,2199,2204,809,4095,4095,4095,0,0,0,0,0,0,0
26/08/25 15:14:17,197.607,703710,SHK0000001,2196,2200,810,4095,4095,4095,0,0,0,0,0,0,0
26/08/25 15:14:18,198.611,703710,SHK0000001,2201,2206,809,4095,4095,4095,0,0,0,0,0,0,0
26/08/25 15:14:19,199.606,703710,SHK0000001,2195,2203,809,4095,4095,4095,0,0,0,0,0,0,0
26/08/25 15:14:20,200.61,703710,SHK0000001,2201,2204,810,4095,4095,4095,0,0,0,0,0,0,0
26/08/25 15:14:21,201.606,703710,SHK0000001,2203,2198,808,4095,4095,4095,0,0,0,0,0,0,0
26/08/25 15:14:22,202.614,703710,SHK0000001,2200,2200,810,4095,4095,4095,0,0,0,0,0,0,0
26/08/25 15:14:23,203.6,703710,SHK0000001,2202,2205,809,4095,4095,4095,0,0,0,0,0,0,0
26/08/25 15:14:24,204.61,703710,SHK0000001,2196,2195,808,4095,4095,4095,0,0,0,0,0,0,0
26/08/25 15:14:25,205.61,703710,SHK0000001,2199,2205,811,4095,4095,4095,0,0,0,0,0,0,0
26/08/25 15:14:26,206.613,703710,SHK0000001,2204,2200,809,4095,4095,4095,0,0,0,0,0,1,0
26/08/25 15:14:27,207.6,703710,SHK0000001,2204,2202,808,4095,4095,4095,0,0,0,0,0,1,0
26/08/25 15:14:28,208.609,703710,SHK0000001,2198,2198,810,4095,4095,4095,0,0,0,0,0,1,0
26/08/25 15:14:29,209.603,703710,SHK0000001,2202,2201,809,4095,4095,4095,0,0,0,0,0,1,0
26/08/25 15:14:30,210.609,703710,SHK0000001,2204,2196,808,4095,4095,4095,0,0,0,0,0,1,0
26/08/25 15:14:31,211.6,703710,SHK0000001,2197,2197,810,4095,4095,4095,0,0,0,0,0,1,0
26/08/25 15:14:32,212.611,703710,SHK0000001,2200,2202,808,4095,4095,4095,0,0,0,0,0,1,0
26/08/25 15:14:33,213.6,703710,SHK0000001,2199,2199,809,4095,4095,4095,0,0,0,0,0,1,0
26/08/25 15:14:34,214.612,703710,SHK0000001,2198,2194,810,4095,4095,4095,0,0,0,0,0,1,0
26/08/25 15:14:35,215.607,703710,SHK0000001,2202,2193,808,4095,4095,4095,0,0,0,0,0,1,0
26/08/25 15:14:36,216.617,703710,SHK0000001,2200,2193,811,4095,4095,4095,0,0,0,0,0,1,0
26/08/25 15:14:37,217.607,703710,SHK0000001,2198,2198,809,4095,4095,4095,0,0,0,0,0,1,0
26/08/25 15:14:38,218.612,703710,SHK0000001,2195,2200,808,4095,4095,4095,0,0,0,0,0,1,0
26/08/25 15:14:39,219.6,703710,SHK0000001,2197,2200,810,4095,4095,4095,0,0,0,0,0,1,0
26/08/25 15:14:40,220.617,703710,SHK0000001,2202,2205,809,4095,4095,4095,0,0,0,0,0,1,0
26/08/25 15:14:41,221.601,703710,SHK0000001,2197,2204,808,4095,4095,4095,0,0,0,0,0,1,0
26/08/25 15:14:42,222.612,703710,SHK0000001,2201,2199,810,4095,4095,4095,0,0,0,0,0,1,0
26/08/25 15:14:43,223.606,703710,SHK0000001,2202,2191,809,4095,4095,4095,0,0,0,0,0,1,0
26/08/25 15:14:44,224.61,703710,SHK0000001,2199,2191,808,4095,4095,4095,0,0,0,0,0,1,0
26/08/25 15:14:45,225.603,703710,SHK0000001,2197,2197,809,4095,4095,4095,0,0,0,0,0,1,0
26/08/25 15:14:46,226.611,703710,SHK0000001,2196,2211,808,4095,4095,4095,0,0,0,0,0,1,0
26/08/25 15:14:47,227.6,703710,SHK0000001,2199,2198,809,4095,4095,4095,0,0,0,0,0,1,0
26/08/25 15:14:48,228.614,703710,SHK0000001,2207,2192,811,4095,4095,4095,0,0,0,0,0,1,0
26/08/25 15:14:49,229.607,703710,SHK0000001,2198,2201,808,4095,4095,4095,0,0,0,0,0,1,0
26/08/25 15:14:50,230.617,703710,SHK0000001,2204,2197,810,4095,4095,4095,0,0,0,0,0,1,0
26/08/25 15:14:51,231.609,703710,SHK0000001,2202,2201,810,4095,4095,4095,0,0,0,0,0,1,0
26/08/25 15:14:52,232.61,703710,SHK0000001,2204,2191,808,4095,4095,4095,0,0,0,0,0,1,0
26/08/25 15:14:53,233.6,703710,SHK0000001,2205,2206,809,4095,4095,4095,0,0,0,0,0,1,0
26/08/25 15:14:54,234.61,703710,SHK0000001,2198,2195,809,4095,4095,4095,0,0,0,0,0,1,0
26/08/25 15:14:55,235.608,703710,SHK0000001,2197,2197,808,4095,4095,4095,0,0,0,0,0,1,0
26/08/25 15:14:56,236.612,703710,SHK0000001,2201,2200,810,4095,4095,4095,0,0,0,0,0,1,0
26/08/25 15:14:57,237.609,703710,SHK0000001,2199,2197,808,4095,4095,4095,0,0,0,0,0,1,0
26/08/25 15:14:58,238.612,703710,SHK0000001,2202,2199,809,4095,4095,4095,0,0,0,0,0,1,0
26/08/25 15:14:59,239.61,703710,SHK0000001,2202,2194,810,4095,4095,4095,0,0,0,0,0,1,0
26/08/25 15:15:00,240.612,703710,SHK0000001,2196,2196,808,4095,4095,4095,0,0,0,0,0,1,0
26/08/25 15:15:01,241.609,703710,SHK0000001,2194,2195,808,4095,4095,4095,0,0,0,0,0,1,0
26/08/25 15:15:02,242.613,703710,SHK0000001,2199,2197,810,4095,4095,4095,0,0,0,0,0,1,0
26/08/25 15:15:03,243.602,703710,SHK0000001,2195,2197,808,4095,4095,4095,0,0,0,0,0,1,0
26/08/25 15:15:04,244.613,703710,SHK0000001,2201,2197,809,4095,4095,4095,0,0,0,0,0,1,0
26/08/25 15:15:05,245.601,703710,SHK0000001,2199,2196,809,4095,4095,4095,0,0,0,0,0,1,0
26/08/25 15:15:06,246.611,703710,SHK0000001,2200,2193,808,4095,4095,4095,0,0,0,0,0,1,0
26/08/25 15:15:07,247.606,703710,SHK0000001,2202,2196,809,4095,4095,4095,0,0,0,0,0,1,0
26/08/25 15:15:08,248.616,703710,SHK0000001,2198,2197,810,4095,4095,4095,0,0,0,0,0,1,0
26/08/25 15:15:09,249.606,703710,SHK0000001,2196,2195,808,4095,4095,4095,0,0,0,0,0,1,0
26/08/25 15:15:10,250.612,703710,SHK0000001,2202,2197,810,4095,4095,4095,0,0,0,0,0,1,0
26/08/25 15:15:11,251.608,703710,SHK0000001,2196,2193,809,4095,4095,4095,0,0,0,0,0,1,0
26/08/25 15:15:12,252.615,703710,SHK0000001,2197,2197,809,4095,4095,4095,0,0,0,0,0,1,0
26/08/25 15:15:13,253.606,703710,SHK0000001,2202,2201,810,4095,4095,4095,0,0,0,0,0,1,0
26/08/25 15:15:14,254.61,703710,SHK0000001,2197,2194,809,4095,4095,4095,0,0,0,0,0,1,0
26/08/25 15:15:15,255.602,703710,SHK0000001,2196,2202,809,4095,4095,4095,0,0,0,0,0,1,0
26/08/25 15:15:16,256.614,703710,SHK0000001,2199,2199,810,4095,4095,4095,0,0,0,0,0,1,0
26/08/25 15:15:17,257.606,703710,SHK0000001,2202,2204,808,4095,4095,4095,0,0,0,0,0,1,0
26/08/25 15:15:18,258.616,703710,SHK0000001,2196,2204,809,4095,4095,4095,0,0,0,0,0,1,0
26/08/25 15:15:19,259.605,703710,SHK0000001,2197,2198,810,4095,4095,4095,0,0,0,0,0,1,0
26/08/25 15:15:20,260.613,703710,SHK0000001,2199,2199,808,4095,4095,4095,0,0,0,0,0,1,0
26/08/25 15:15:21,261.608,703710,SHK0000001,2202,2192,810,4095,4095,4095,0,0,0,0,0,1,0
26/08/25 15:15:22,262.614,703710,SHK0000001,2197,2201,809,4095,4095,4095,0,0,0,0,0,1,0
26/08/25 15:15:23,263.609,703710,SHK0000001,2198,2200,808,4095,4095,4095,0,0,0,0,0,1,0
26/08/25 15:15:24,264.616,703710,SHK0000001,2199,2200,810,4095,4095,4095,0,0,0,0,0,1,0
26/08/25 15:15:25,265.609,703710,SHK0000001,2201,2202,809,4095,4095,4095,0,0,0,0,0,1,0
26/08/25 15:15:26,266.615,703710,SHK0000001,2194,2202,808,4095,4095,4095,0,0,0,0,0,1,0
26/08/25 15:15:27,267.605,703710,SHK0000001,2201,2195,810,4095,4095,4095,0,0,0,0,0,1,0
26/08/25 15:15:28,268.615,703710,SHK0000001,2200,2203,809,4095,4095,4095,0,0,0,0,0,1,0
26/08/25 15:15:29,269.601,703710,SHK0000001,2202,2206,808,4095,4095,4095,0,0,0,0,0,1,0
26/08/25 15:15:30,270.61,703710,SHK0000001,2200,2201,811,4095,4095,4095,0,0,0,0,0,1,0
26/08/25 15:15:31,271.607,703710,SHK0000001,2201,2198,808,4095,4095,4095,0,0,0,0,0,1,0
26/08/25 15:15:32,272.614,703710,SHK0000001,2205,2202,809,4095,4095,4095,0,0,0,0,0,1,0
26/08/25 15:15:33,273.603,703710,SHK0000001,2197,2193,810,4095,4095,4095,0,0,0,0,0,1,0
26/08/25 15:15:34,274.616,703710,SHK0000001,2191,2203,808,4095,4095,4095,0,0,0,0,0,1,0
26/08/25 15:15:35,275.601,703710,SHK0000001,2199,2197,810,4095,4095,4095,0,0,0,0,0,1,0
26/08/25 15:15:36,276.614,703710,SHK0000001,2200,2192,810,4095,4095,4095,0,0,0,0,0,1,0
26/08/25 15:15:37,277.602,703710,SHK0000001,2199,2207,808,4095,4095,4095,0,0,0,0,0,1,0
26/08/25 15:15:38,278.611,703710,SHK0000001,2204,2201,811,4095,4095,4095,0,0,0,0,0,1,0
26/08/25 15:15:39,279.607,703710,SHK0000001,2206,2208,810,4095,4095,4095,0,0,0,0,0,1,0
26/08/25 15:15:40,280.614,703710,SHK0000001,2199,2201,809,4095,4095,4095,0,0,0,0,0,1,0
26/08/25 15:15:41,281.607,703710,SHK0000001,2199,2200,810,4095,4095,4095,0,0,0,0,0,1,0
26/08/25 15:15:42,282.608,703710,SHK0000001,2202,2202,809,4095,4095,4095,0,0,0,0,0,1,0
26/08/25 15:15:43,283.607,703710,SHK0000001,2201,2196,809,4095,4095,4095,0,0,0,0,0,1,0
26/08/25 15:15:44,284.617,703710,SHK0000001,2204,2195,810,4095,4095,4095,0,0,0,0,0,1,0
26/08/25 15:15:45,285.607,703710,SHK0000001,2200,2201,809,4095,4095,4095,0,0,0,0,0,1,0
26/08/25 15:15:46,286.613,703710,SHK0000001,2199,2203,808,4095,4095,4095,0,0,0,0,0,1,0
26/08/25 15:15:47,287.606,703710,SHK0000001,2201,2202,810,4095,4095,4095,0,0,0,0,0,1,0
26/08/25 15:15:48,288.609,703710,SHK0000001,2199,2192,808,4095,4095,4095,0,0,0,0,0,1,0
26/08/25 15:15:49,289.61,703710,SHK0000001,2197,2200,810,4095,4095,4095,0,0,0,0,0,1,0
26/08/25 15:15:50,290.609,703710,SHK0000001,2200,2199,810,4095,4095,4095,0,0,0,0,0,1,0
26/08/25 15:15:51,291.605,703710,SHK0000001,2203,2201,808,4095,4095,4095,0,0,0,0,0,1,0
26/08/25 15:15:52,292.613,703710,SHK0000001,2198,2203,810,4095,4095,4095,0,0,0,0,0,1,0
26/08/25 15:15:53,293.608,703710,SHK0000001,2199,2206,810,4095,4095,4095,0,0,0,0,0,1,0
26/08/25 15:15:54,294.613,703710,SHK0000001,2196,2206,809,4095,4095,4095,0,0,0,0,0,1,0
26/08/25 15:15:55,295.606,703710,SHK0000001,2207,2199,810,4095,4095,4095,0,0,0,0,0,1,0
26/08/25 15:15:56,296.609,703710,SHK0000001,2198,2202,809,4095,4095,4095,0,0,0,0,0,1,0
26/08/25 15:15:57,297.61,703710,SHK0000001,2196,2197,808,4095,4095,4095,0,0,0,0,0,1,0
26/08/25 15:15:58,298.614,703710,SHK0000001,2198,2203,811,4095,4095,4095,0,0,0,0,0,1,0
26/08/25 15:15:59,299.6,703710,SHK0000001,2202,2203,809,4095,4095,4095,0,0,0,0,0,1,0
26/08/25 15:16:00,300.618,703710,SHK0000001,2203,2201,809,4095,4095,4095,0,0,0,0,0,1,0
26/08/25 15:16:01,301.603,703710,SHK0000001,2200,2200,810,4095,4095,4095,0,0,0,0,0,1,0
26/08/25 15:16:02,302.613,703710,SHK0000001,2199,2201,808,4095,4095,4095,0,0,0,0,0,1,0
26/08/25 15:16:03,303.604,703710,SHK0000001,2195,2201,809,4095,4095,4095,0,0,0,0,0,1,0
26/08/25 15:16:04,304.617,703710,SHK0000001,2204,2203,810,4095,4095,4095,0,0,0,0,0,1,0
26/08/25 15:16:05,305.604,703710,SHK0000001,2204,2199,809,4095,4095,4095,0,0,0,0,0,1,0
26/08/25 15:16:06,306.612,703710,SHK0000001,2194,2210,810,4095,4095,4095,0,0,0,0,0,1,0
26/08/25 15:16:07,307.6,703710,SHK0000001,2200,2196,810,4095,4095,4095,0,0,0,0,0,1,0
26/08/25 15:16:08,308.614,703710,SHK0000001,2195,2198,809,4095,4095,4095,0,0,0,0,0,1,0
26/08/25 15:16:09,309.606,703710,SHK0000001,2203,2203,811,4095,4095,4095,0,0,0,0,0,1,0
26/08/25 15:16:10,310.61,703710,SHK0000001,2197,2199,809,4095,4095,4095,0,0,0,0,0,1,0
26/08/25 15:16:11,311.61,703710,SHK0000001,2200,2206,808,4095,4095,4095,0,0,0,0,0,1,0
26/08/25 15:16:12,312.613,703710,SHK0000001,2203,2204,810,4095,4095,4095,0,0,0,0,0,1,0
26/08/25 15:16:13,313.602,703710,SHK0000001,2204,2204,809,4095,4095,4095,0,0,0,0,0,1,0
26/08/25 15:16:14,314.609,703710,SHK0000001,2201,2198,809,4095,4095,4095,0,0,0,0,0,1,0
26/08/25 15:16:15,315.604,703710,SHK0000001,2196,2199,811,4095,4095,4095,0,0,0,0,0,1,0
26/08/25 15:16:16,316.616,703710,SHK0000001,2202,2201,809,4095,4095,4095,0,0,0,0,0,1,0
26/08/25 15:16:17,317.608,703710,SHK0000001,2201,2205,809,4095,4095,4095,0,0,0,0,0,1,0
26/08/25 15:16:18,318.613,703710,SHK0000001,2210,2203,811,4095,4095,4095,0,0,0,0,0,1,0
26/08/25 15:16:19,319.606,703710,SHK0000001,2197,2196,809,4095,4095,4095,0,0,0,0,0,1,0
26/08/25 15:16:20,320.613,703710,SHK0000001,2204,2199,810,4095,4095,4095,0,0,0,0,0,1,0
26/08/25 15:16:21,321.605,703710,SHK0000001,2197,2202,810,4095,4095,4095,0,0,0,0,0,1,0
26/08/25 15:16:22,322.611,703710,SHK0000001,2201,2199,808,4095,4095,4095,0,0,0,0,0,1,0
26/08/25 15:16:23,323.602,703710,SHK0000001,2199,2196,810,4095,4095,4095,0,0,0,0,0,1,0
26/08/25 15:16:24,324.609,703710,SHK0000001,2204,2203,810,4095,4095,4095,0,0,0,0,0,1,0
26/08/25 15:16:25,325.602,703710,SHK0000001,2195,2196,809,4095,4095,4095,0,0,0,0,0,1,0
26/08/25 15:16:26,326.612,703710,SHK0000001,2209,2202,811,4095,4095,4095,0,0,0,0,0,1,0
26/08/25 15:16:27,327.609,703710,SHK0000001,2199,2206,810,4095,4095,4095,0,0,0,0,0,1,0
26/08/25 15:16:28,328.609,703710,SHK0000001,2196,2199,809,4095,4095,4095,0,0,0,0,0,1,0
26/08/25 15:16:29,329.6,703710,SHK0000001,2201,2197,811,4095,4095,4095,0,0,0,0,0,1,0
26/08/25 15:16:30,330.617,703710,SHK0000001,2200,2199,809,4095,4095,4095,0,0,0,0,0,1,0
26/08/25 15:16:31,331.609,703710,SHK0000001,2201,2200,809,4095,4095,4095,0,0,0,0,0,1,0
26/08/25 15:16:32,332.614,703710,SHK0000001,2200,2203,811,4095,4095,4095,0,0,0,0,0,1,0
26/08/25 15:16:33,333.603,703710,SHK0000001,2205,2202,809,4095,4095,4095,0,0,0,0,0,1,0
26/08/25 15:16:34,334.614,703710,SHK0000001,2199,2201,810,4095,4095,4095,0,0,0,0,0,0,0
26/08/25 15:16:35,335.604,703710,SHK0000001,2205,2206,810,4095,4095,4095,0,0,0,0,0,0,0
26/08/25 15:16:36,336.609,703710,SHK0000001,2194,2202,809,4095,4095,4095,0,0,0,0,0,0,0
26/08/25 15:16:37,337.604,703710,SHK0000001,2196,2200,810,4095,4095,4095,0,0,0,0,0,0,0
26/08/25 15:16:38,338.612,703710,SHK0000001,2202,2205,810,4095,4095,4095,0,0,0,0,0,0,0
26/08/25 15:16:39,339.605,703710,SHK0000001,2200,2199,808,4095,4095,4095,0,0,0,0,0,0,0
26/08/25 15:16:40,340.615,703710,SHK0000001,2199,2201,810,4095,4095,4095,0,0,0,0,0,0,0
26/08/25 15:16:41,341.605,703710,SHK0000001,2199,2197,810,4095,4095,4095,0,0,0,0,0,0,0
26/08/25 15:16:42,342.608,703710,SHK0000001,2202,2208,809,4095,4095,4095,0,0,0,0,0,0,0
26/08/25 15:16:43,343.601,703710,SHK0000001,2203,2203,810,4095,4095,4095,0,0,0,0,0,0,0
26/08/25 15:16:44,344.611,703710,SHK0000001,2205,2203,810,4095,4095,4095,0,0,0,0,0,0,0
26/08/25 15:16:45,345.604,703710,SHK0000001,2209,2197,809,4095,4095,4095,0,0,0,0,0,0,0
26/08/25 15:16:46,346.609,703710,SHK0000001,2198,2205,811,4095,4095,4095,0,0,0,0,0,0,0
26/08/25 15:16:47,347.607,703710,SHK0000001,2216,2202,809,4095,4095,4095,0,0,0,0,0,0,0
26/08/25 15:16:48,348.612,703710,SHK0000001,2197,2199,810,4095,4095,4095,0,0,0,0,0,0,0
26/08/25 15:16:49,349.606,703710,SHK0000001,2205,2202,811,4095,4095,4095,0,0,0,0,0,0,0
26/08/25 15:16:50,350.616,703710,SHK0000001,2202,2207,809,4095,4095,4095,0,0,0,0,0,0,0
26/08/25 15:16:51,351.6,703710,SHK0000001,2200,2203,810,4095,4095,4095,0,0,0,0,0,0,0
26/08/25 15:16:52,352.616,703710,SHK0000001,2205,2201,810,4095,4095,4095,0,0,0,0,0,0,0
26/08/25 15:16:53,353.603,703710,SHK0000001,2204,2203,808,4095,4095,4095,0,0,0,0,0,0,0
26/08/25 15:16:54,354.617,703710,SHK0000001,2198,2204,810,4095,4095,4095,0,0,0,0,0,0,0
26/08/25 15:16:55,355.603,703710,SHK0000001,2204,2198,809,4095,4095,4095,0,0,0,0,0,0,0
26/08/25 15:16:56,356.608,703710,SHK0000001,2201,2194,809,4095,4095,4095,0,0,0,0,0,0,0
26/08/25 15:16:57,357.6,703710,SHK0000001,2199,2204,811,4095,4095,4095,0,0,0,0,0,0,0
26/08/25 15:16:58,358.611,703710,SHK0000001,2205,2201,810,4095,4095,4095,0,0,0,0,0,0,0
26/08/25 15:16:59,359.603,703710,SHK0000001,2200,2205,808,4095,4095,4095,0,0,0,0,0,0,0
26/08/25 15:17:00,360.611,703710,SHK0000001,2205,2199,811,4095,4095,4095,0,0,0,0,0,0,0
26/08/25 15:17:01,361.606,703710,SHK0000001,2199,2203,810,4095,4095,4095,0,0,0,0,0,0,0
26/08/25 15:17:02,362.61,703710,SHK0000001,2202,2194,810,4095,4095,4095,0,0,0,0,0,0,0
26/08/25 15:17:03,363.61,703710,SHK0000001,2161,2159,811,4095,4095,4095,0,0,0,0,0,0,0
26/08/25 15:17:04,364.616,703710,SHK0000001,2164,2161,809,4095,4095,4095,0,0,0,0,0,0,0
26/08/25 15:17:05,365.609,703710,SHK0000001,2165,2160,810,4095,4095,4095,0,0,0,0,0,0,0
26/08/25 15:17:06,366.611,703710,SHK0000001,2170,2157,811,4095,4095,4095,0,0,0,0,0,0,0
26/08/25 15:17:07,367.604,703710,SHK0000001,2163,2159,810,4095,4095,4095,0,0,0,0,0,0,0
26/08/25 15:17:08,368.614,703710,SHK0000001,2162,2165,811,4095,4095,4095,0,0,0,0,0,0,0
26/08/25 15:17:09,369.607,703710,SHK0000001,2158,2159,811,4095,4095,4095,0,0,0,0,0,0,0
26/08/25 15:17:10,370.617,703710,SHK0000001,2155,2167,809,4095,4095,4095,0,0,0,0,0,0,0
26/08/25 15:17:11,371.602,703710,SHK0000001,2162,2164,812,4095,4095,4095,0,0,0,0,0,0,0
26/08/25 15:17:12,372.612,703710,SHK0000001,2167,2165,810,4095,4095,4095,0,0,0,0,0,0,0
26/08/25 15:17:13,373.606,703710,SHK0000001,2157,2152,809,4095,4095,4095,0,0,0,0,0,0,0
26/08/25 15:17:14,374.615,703710,SHK0000001,2151,2155,812,4095,4095,4095,0,0,0,0,0,0,0
26/08/25 15:17:15,375.606,703710,SHK0000001,2166,2161,811,4095,4095,4095,0,0,0,0,0,0,0
26/08/25 15:17:16,376.608,703710,SHK0000001,2160,2159,811,4095,4095,4095,0,0,0,0,0,0,0
26/08/25 15:17:17,377.607,703710,SHK0000001,2157,2158,812,4095,4095,4095,0,0,0,0,0,0,0
26/08/25 15:17:18,378.618,703710,SHK0000001,2159,2163,811,4095,4095,4095,0,0,0,0,0,0,0
26/08/25 15:17:19,379.601,703710,SHK0000001,2156,2161,811,4095,4095,4095,0,0,0,0,0,0,0
26/08/25 15:17:20,380.61,703710,SHK0000001,2156,2162,812,4095,4095,4095,0,0,0,0,0,0,0
26/08/25 15:17:21,381.606,703710,SHK0000001,2163,2157,811,4095,4095,4095,0,0,0,0,0,0,0
26/08/25 15:17:22,382.614,703710,SHK0000001,2155,2157,812,4095,4095,4095,0,0,0,0,0,0,0
26/08/25 15:17:23,383.607,703710,SHK0000001,2158,2157,813,4095,4095,4095,0,0,0,0,0,0,0
26/08/25 15:17:24,384.614,703710,SHK0000001,2155,2156,812,4095,4095,4095,0,0,0,0,0,0,0
26/08/25 15:17:25,385.602,703710,SHK0000001,2141,2160,814,4095,4095,4095,0,0,0,0,0,0,0
26/08/25 15:17:26,386.61,703710,SHK0000001,2153,2124,814,4095,4095,4095,0,0,0,0,0,0,0
26/08/25 15:17:27,387.6,703710,SHK0000001,2157,2159,812,4095,4095,4095,0,0,0,0,0,0,0
26/08/25 15:17:28,388.608,703710,SHK0000001,2160,2159,814,4095,4095,4095,0,0,0,0,0,0,0
26/08/25 15:17:29,389.603,703710,SHK0000001,2153,2160,813,4095,4095,4095,0,0,0,0,0,0,0
26/08/25 15:17:30,390.617,703710,SHK0000001,2153,2165,813,4095,4095,4095,0,0,0,0,0,0,0
26/08/25 15:17:31,391.602,703710,SHK0000001,2158,2165,815,4095,4095,4095,0,0,0,0,0,0,0
26/08/25 15:17:32,392.613,703710,SHK0000001,2159,2166,814,4095,4095,4095,0,0,0,0,0,0,0
26/08/25 15:17:33,393.605,703710,SHK0000001,2172,2167,814,4095,4095,4095,0,0,0,0,0,0,0
26/08/25 15:17:34,394.618,703710,SHK0000001,2159,2169,816,4095,4095,4095,0,0,0,0,0,0,0
26/08/25 15:17:35,395.601,703710,SHK0000001,2168,2165,814,4095,4095,4095,0,0,0,0,0,0,0
26/08/25 15:17:36,396.609,703710,SHK0000001,2168,2167,815,4095,4095,4095,0,0,0,0,0,0,0
26/08/25 15:17:37,397.609,703710,SHK0000001,2166,2160,815,4095,4095,4095,0,0,0,0,0,0,0
26/08/25 15:17:38,398.616,703710,SHK0000001,2170,2162,814,4095,4095,4095,0,0,0,0,0,0,0
26/08/25 15:17:39,399.609,703710,SHK0000001,2168,2167,815,4095,4095,4095,0,0,0,0,0,0,0
26/08/25 15:17:40,400.616,703710,SHK0000001,2167,1943,816,4095,4095,4095,0,0,0,0,0,0,0
26/08/25 15:17:41,401.603,703710,SHK0000001,2044,2069,814,4095,4095,4095,0,0,0,0,0,0,0
26/08/25 15:17:42,402.612,703710,SHK0000001,2103,2037,817,4095,4095,4095,0,0,0,0,0,0,0
26/08/25 15:17:43,403.601,703710,SHK0000001,2071,2013,815,4095,4095,4095,0,0,0,0,0,0,0
26/08/25 15:17:44,404.61,703710,SHK0000001,2103,2105,814,4095,4095,4095,0,0,0,0,0,0,0
26/08/25 15:17:45,405.606,703710,SHK0000001,2083,2126,817,4095,4095,4095,0,0,0,0,0,0,0
26/08/25 15:17:46,406.608,703710,SHK0000001,2122,2126,815,4095,4095,4095,0,0,0,0,0,0,0
26/08/25 15:17:47,407.602,703710,SHK0000001,2107,2098,815,4095,4095,4095,0,0,0,0,0,0,0
26/08/25 15:17:48,408.618,703710,SHK0000001,2099,2139,816,4095,4095,4095,0,0,0,0,0,0,0
26/08/25 15:17:49,409.61,703710,SHK0000001,2133,2129,815,4095,4095,4095,0,0,0,0,0,0,0
26/08/25 15:17:50,410.613,703710,SHK0000001,2150,2155,817,4095,4095,4095,0,0,0,0,0,0,0
26/08/25 15:17:51,411.602,703710,SHK0000001,2155,2161,817,4095,4095,4095,0,0,0,0,0,0,0
26/08/25 15:17:52,412.611,703710,SHK0000001,2113,2158,815,4095,4095,4095,0,0,0,0,0,0,0
26/08/25 15:17:53,413.604,703710,SHK0000001,2137,2156,817,4095,4095,4095,0,0,0,0,0,0,0
26/08/25 15:17:54,414.612,703710,SHK0000001,2159,2151,817,4095,4095,4095,0,0,0,0,0,0,0
26/08/25 15:17:55,415.602,703710,SHK0000001,2090,2088,815,4095,4095,4095,0,0,0,0,0,0,0
26/08/25 15:17:56,416.608,703710,SHK0000001,2078,2079,818,4095,4095,4095,0,0,0,0,0,0,0
26/08/25 15:17:57,417.604,703710,SHK0000001,2080,2079,817,4095,4095,4095,0,0,0,0,0,0,0
26/08/25 15:17:58,418.615,703710,SHK0000001,2078,2075,816,4095,4095,4095,0,0,0,0,0,0,0
26/08/25 15:17:59,419.607,703710,SHK0000001,2081,2082,819,4095,4095,4095,0,0,0,0,0,0,0
26/08/25 15:18:00,420.612,703710,SHK0000001,2080,2081,817,4095,4095,4095,0,0,0,0,0,0,0
26/08/25 15:18:01,421.608,703710,SHK0000001,2071,2080,817,4095,4095,4095,0,0,0,0,0,0,0
26/08/25 15:18:02,422.611,703710,SHK0000001,2079,2088,818,4095,4095,4095,0,0,0,0,0,0,0
26/08/25 15:18:03,423.605,703710,SHK0000001,2080,2084,817,4095,4095,4095,0,0,0,0,0,0,0
26/08/25 15:18:04,424.615,703710,SHK0000001,2084,2082,817,4095,4095,4095,0,0,0,0,0,0,0
26/08/25 15:18:05,425.602,703710,SHK0000001,2081,2081,819,4095,4095,4095,0,0,0,0,0,0,0
26/08/25 15:18:06,426.614,703710,SHK0000001,2078,2082,816,4095,4095,4095,0,0,0,0,0,0,0
26/08/25 15:18:07,427.602,703710,SHK0000001,2086,2087,816,4095,4095,4095,0,0,0,0,0,0,0
26/08/25 15:18:08,428.613,703710,SHK0000001,2075,2085,818,4095,4095,4095,0,0,0,0,0,0,0
26/08/25 15:18:09,429.603,703710,SHK0000001,2084,2086,816,4095,4095,4095,0,0,0,0,0,0,0
26/08/25 15:18:10,430.612,703710,SHK0000001,2082,2086,818,4095,4095,4095,0,0,0,0,0,0,0
26/08/25 15:18:11,431.606,703710,SHK0000001,2076,2082,817,4095,4095,4095,0,0,0,0,0,0,0
26/08/25 15:18:12,432.614,703710,SHK0000001,2079,2079,816,4095,4095,4095,0,0,0,0,0,0,0
26/08/25 15:18:13,433.601,703710,SHK0000001,2080,2077,819,4095,4095,4095,0,0,0,0,0,0,0
26/08/25 15:18:14,434.612,703710,SHK0000001,2069,2073,817,4095,4095,4095,0,0,0,0,0,0,0
26/08/25 15:18:15,435.607,703710,SHK0000001,2080,2078,817,4095,4095,4095,0,0,0,0,0,0,0
26/08/25 15:18:16,436.616,703710,SHK0000001,2082,2082,819,4095,4095,4095,0,0,0,0,0,0,0
26/08/25 15:18:17,437.607,703710,SHK0000001,2078,2076,817,4095,4095,4095,0,0,0,0,0,0,0
26/08/25 15:18:18,438.612,703710,SHK0000001,2075,2074,818,4095,4095,4095,0,0,0,0,0,0,0
26/08/25 15:18:19,439.602,703710,SHK0000001,2080,2080,819,4095,4095,4095,0,0,0,0,0,0,0
26/08/25 15:18:20,440.609,703710,SHK0000001,2081,2089,817,4095,4095,4095,0,0,0,0,0,0,0
26/08/25 15:18:21,441.609,703710,SHK0000001,2087,2093,818,4095,4095,4095,0,0,0,0,0,0,0
26/08/25 15:18:22,442.616,703710,SHK0000001,2210,2208,819,4095,4095,4095,0,0,0,0,0,0,0
26/08/25 15:18:23,443.606,703710,SHK0000001,2221,2213,817,4095,4095,4095,0,0,0,0,0,0,0
26/08/25 15:18:24,444.616,703710,SHK0000001,2223,2213,819,4095,4095,4095,0,0,0,0,0,0,0
26/08/25 15:18:25,445.607,703710,SHK0000001,2219,2215,819,4095,4095,4095,0,0,0,0,0,0,0
26/08/25 15:18:26,446.608,703710,SHK0000001,2224,2228,817,4095,4095,4095,0,0,0,0,0,0,0
26/08/25 15:18:27,447.6,703710,SHK0000001,2214,2218,818,4095,4095,4095,0,0,0,0,0,0,0
26/08/25 15:18:28,448.614,703710,SHK0000001,2222,2214,819,4095,4095,4095,0,0,0,0,0,0,0
26/08/25 15:18:29,449.602,703710,SHK0000001,2224,2224,817,4095,4095,4095,0,0,0,0,0,0,0
26/08/25 15:18:30,450.608,703710,SHK0000001,2221,2224,819,4095,4095,4095,0,0,0,0,0,0,0
26/08/25 15:18:31,451.61,703710,SHK0000001,2088,2063,819,4095,4095,4095,0,0,0,0,0,0,0
26/08/25 15:18:32,452.614,703710,SHK0000001,2215,2216,817,4095,4095,4095,0,0,0,0,0,0,0
26/08/25 15:18:33,453.609,703710,SHK0000001,2215,2212,819,4095,4095,4095,0,0,0,0,0,0,0
26/08/25 15:18:34,454.61,703710,SHK0000001,2222,2212,818,4095,4095,4095,0,0,0,0,0,0,0
26/08/25 15:18:35,455.603,703710,SHK0000001,2218,2213,817,4095,4095,4095,0,0,0,0,0,0,0
26/08/25 15:18:36,456.613,703710,SHK0000001,2213,2213,819,4095,4095,4095,0,0,0,0,0,0,0
26/08/25 15:18:37,457.608,703710,SHK0000001,2219,2214,818,4095,4095,4095,0,0,0,0,0,0,0
26/08/25 15:18:38,458.615,703710,SHK0000001,2217,2218,818,4095,4095,4095,0,0,0,0,0,0,0
26/08/25 15:18:39,459.604,703710,SHK0000001,2211,2216,819,4095,4095,4095,0,0,0,0,0,0,0
26/08/25 15:18:40,460.617,703710,SHK0000001,2220,2210,817,4095,4095,4095,0,0,0,0,0,0,0
26/08/25 15:18:41,461.604,703710,SHK0000001,2218,2218,818,4095,4095,4095,0,0,0,0,0,0,0
26/08/25 15:18:42,462.609,703710,SHK0000001,2211,2215,819,4095,4095,4095,0,0,0,0,0,0,0
26/08/25 15:18:43,463.603,703710,SHK0000001,2222,2218,818,4095,4095,4095,0,0,0,0,0,0,0
26/08/25 15:18:44,464.617,703710,SHK0000001,2223,2221,819,4095,4095,4095,0,0,0,0,0,0,0
26/08/25 15:18:45,465.608,703710,SHK0000001,2216,2225,819,4095,4095,4095,0,0,0,0,0,0,0
26/08/25 15:18:46,466.617,703710,SHK0000001,2217,2223,818,4095,4095,4095,0,0,0,0,0,0,0
26/08/25 15:18:47,467.602,703710,SHK0000001,2223,2224,820,4095,4095,4095,0,0,0,0,0,0,0
26/08/25 15:18:48,468.616,703710,SHK0000001,2218,2222,818,4095,4095,4095,0,0,0,0,0,0,0
26/08/25 15:18:49,469.602,703710,SHK0000001,2221,2225,817,4095,4095,4095,0,0,0,0,0,0,0
26/08/25 15:18:50,470.609,703710,SHK0000001,2216,2218,818,4095,4095,4095,0,0,0,0,0,0,0
26/08/25 15:18:51,471.602,703710,SHK0000001,2212,2220,816,4095,4095,4095,0,0,0,0,0,0,0
26/08/25 15:18:52,472.612,703710,SHK0000001,2222,2222,817,4095,4095,4095,0,0,0,0,0,0,0
26/08/25 15:18:53,473.606,703710,SHK0000001,2220,2223,818,4095,4095,4095,0,0,0,0,0,0,0
26/08/25 15:18:54,474.614,703710,SHK0000001,2221,2219,816,4095,4095,4095,0,0,0,0,0,0,0
26/08/25 15:18:55,475.603,703710,SHK0000001,2215,2220,818,4095,4095,4095,0,0,0,0,0,0,0
26/08/25 15:18:56,476.609,703710,SHK0000001,2218,2219,818,4095,4095,4095,0,0,0,0,0,0,0
26/08/25 15:18:57,477.609,703710,SHK0000001,2215,2216,816,4095,4095,4095,0,0,0,0,0,0,0
26/08/25 15:18:58,478.61,703710,SHK0000001,2217,2217,817,4095,4095,4095,0,0,0,0,0,0,0
26/08/25 15:18:59,479.609,703710,SHK0000001,2216,2217,817,4095,4095,4095,0,0,0,0,0,0,0
26/08/25 15:19:00,480.608,703710,SHK0000001,2219,2213,816,4095,4095,4095,0,0,0,0,0,0,0
26/08/25 15:19:01,481.6,703710,SHK0000001,2217,2216,818,4095,4095,4095,0,0,0,0,0,0,0
26/08/25 15:19:02,482.617,703710,SHK0000001,2213,2223,816,4095,4095,4095,0,0,0,0,0,0,0
26/08/25 15:19:03,483.609,703710,SHK0000001,2219,2213,816,4095,4095,4095,0,0,0,0,0,0,0
26/08/25 15:19:04,484.617,703710,SHK0000001,2218,2218,817,4095,4095,4095,0,0,0,0,0,0,0
26/08/25 15:19:05,485.607,703710,SHK0000001,2210,2212,812,4095,4095,4095,0,0,0,0,0,0,0
26/08/25 15:19:06,486.612,703710,SHK0000001,2217,2215,812,4095,4095,4095,0,0,0,0,0,0,0
26/08/25 15:19:07,487.605,703710,SHK0000001,2207,2216,811,4095,4095,4095,0,0,0,0,0,0,0
26/08/25 15:19:08,488.614,703710,SHK0000001,2214,2214,808,4095,4095,4095,0,0,0,0,0,0,0
26/08/25 15:19:09,489.605,703710,SHK0000001,2211,2216,807,4095,4095,4095,0,0,0,0,0,0,0
26/08/25 15:19:10,490.613,703710,SHK0000001,2204,2211,806,4095,4095,4095,0,0,0,0,0,0,0
26/08/25 15:19:11,491.604,703710,SHK0000001,2211,2215,805,4095,4095,4095,0,0,0,0,0,0,0
26/08/25 15:19:12,492.611,703710,SHK0000001,2209,2210,809,4095,4095,4095,0,0,0,0,0,0,0
26/08/25 15:19:13,493.601,703710,SHK0000001,2210,2211,809,4095,4095,4095,0,0,0,0,0,0,0
26/08/25 15:19:14,494.609,703710,SHK0000001,2204,2210,809,4095,4095,4095,0,0,0,0,0,0,0
26/08/25 15:19:15,495.61,703710,SHK0000001,2212,2209,811,4095,4095,4095,0,0,0,0,0,0,0
26/08/25 15:19:16,496.609,703710,SHK0000001,2209,2209,810,4095,4095,4095,0,0,0,0,0,0,0
26/08/25 15:19:17,497.606,703710,SHK0000001,2209,2206,810,4095,4095,4095,0,0,0,0,0,0,0
26/08/25 15:19:18,498.614,703710,SHK0000001,2206,2203,812,4095,4095,4095,0,0,0,0,0,0,0
26/08/25 15:19:19,499.599,703710,SHK0000001,2202,2211,810,4095,4095,4095,0,0,0,0,0,0,0
26/08/25 15:19:20,500.614,703710,SHK0000001,2205,2215,810,4095,4095,4095,0,0,0,0,0,0,0
26/08/25 15:19:21,501.601,703710,SHK0000001,2206,2209,812,4095,4095,4095,0,0,0,0,0,0,0
26/08/25 15:19:22,502.611,703710,SHK0000001,2205,2207,810,4095,4095,4095,0,0,0,0,0,0,0
26/08/25 15:19:23,503.607,703710,SHK0000001,2212,2202,811,4095,4095,4095,0,0,0,0,0,0,0
26/08/25 15:19:24,504.615,703710,SHK0000001,2209,2211,812,4095,4095,4095,0,0,0,0,0,0,0
26/08/25 15:19:25,505.608,703710,SHK0000001,2209,2207,810,4095,4095,4095,0,0,0,0,0,0,0
26/08/25 15:19:26,506.617,703710,SHK0000001,2205,2206,811,4095,4095,4095,0,0,0,0,0,0,0
26/08/25 15:19:27,507.605,703710,SHK0000001,2201,2206,811,4095,4095,4095,0,0,0,0,0,0,0
26/08/25 15:19:28,508.613,703710,SHK0000001,2212,2207,810,4095,4095,4095,0,0,0,0,0,0,0
26/08/25 15:19:29,509.6,703710,SHK0000001,2205,2211,812,4095,4095,4095,0,0,0,0,0,0,0
26/08/25 15:19:30,510.614,703710,SHK0000001,2211,2206,811,4095,4095,4095,0,0,0,0,0,0,0
26/08/25 15:19:31,511.607,703710,SHK0000001,2215,2207,810,4095,4095,4095,0,0,0,0,0,0,0
26/08/25 15:19:32,512.615,703710,SHK0000001,2205,2204,812,4095,4095,4095,0,0,0,0,0,0,0
26/08/25 15:19:33,513.601,703710,SHK0000001,2210,2207,810,4095,4095,4095,0,0,0,0,0,0,0
26/08/25 15:19:34,514.609,703710,SHK0000001,2204,2207,811,4095,4095,4095,0,0,0,0,0,0,0
26/08/25 15:19:35,515.608,703710,SHK0000001,2209,2203,812,4095,4095,4095,0,0,0,0,0,0,0
26/08/25 15:19:36,516.615,703710,SHK0000001,2206,2205,810,4095,4095,4095,0,0,0,0,0,0,0
26/08/25 15:19:37,517.601,703710,SHK0000001,2206,2204,811,4095,4095,4095,0,0,0,0,0,0,0
26/08/25 15:19:38,518.617,703710,SHK0000001,2206,2210,811,4095,4095,4095,0,0,0,0,0,0,0
26/08/25 15:19:39,519.605,703710,SHK0000001,2201,2207,810,4095,4095,4095,0,0,0,0,0,0,0
26/08/25 15:19:40,520.612,703710,SHK0000001,2203,2203,812,4095,4095,4095,0,0,0,0,0,0,0
26/08/25 15:19:41,521.606,703710,SHK0000001,2210,2200,811,4095,4095,4095,0,0,0,0,0,0,0
26/08/25 15:19:42,522.617,703710,SHK0000001,2203,2204,810,4095,4095,4095,0,0,0,0,0,0,0
26/08/25 15:19:43,523.603,703710,SHK0000001,2203,2202,811,4095,4095,4095,0,0,0,0,0,0,0
26/08/25 15:19:44,524.615,703710,SHK0000001,2207,2205,811,4095,4095,4095,0,0,0,0,0,0,0
26/08/25 15:19:45,525.608,703710,SHK0000001,2205,2202,809,4095,4095,4095,0,0,0,0,0,0,0
26/08/25 15:19:46,526.611,703710,SHK0000001,2206,2210,810,4095,4095,4095,0,0,0,0,0,0,0
26/08/25 15:19:47,527.604,703710,SHK0000001,2209,2203,807,4095,4095,4095,0,0,0,0,0,0,0
26/08/25 15:19:48,528.609,703710,SHK0000001,2209,2206,805,4095,4095,4095,0,0,0,0,0,0,0
26/08/25 15:19:49,529.609,703710,SHK0000001,2200,2199,805,4095,4095,4095,0,0,0,0,0,0,0
26/08/25 15:19:50,530.613,703710,SHK0000001,2199,2201,804,4095,4095,4095,0,0,0,0,0,0,0
26/08/25 15:19:51,531.608,703710,SHK0000001,2204,2204,805,4095,4095,4095,0,0,0,0,0,0,0
26/08/25 15:19:52,532.608,703710,SHK0000001,2206,2205,807,4095,4095,4095,0,0,0,0,0,0,0
26/08/25 15:19:53,533.601,703710,SHK0000001,2204,2202,807,4095,4095,4095,0,0,0,0,0,0,0
26/08/25 15:19:54,534.611,703710,SHK0000001,2198,2202,807,4095,4095,4095,0,0,0,0,0,0,0
26/08/25 15:19:55,535.603,703710,SHK0000001,2201,2199,808,4095,4095,4095,0,0,0,0,0,0,0
26/08/25 15:19:56,536.614,703710,SHK0000001,2215,2204,807,4095,4095,4095,0,0,0,0,0,0,0
26/08/25 15:19:57,537.602,703710,SHK0000001,2204,2202,808,4095,4095,4095,0,0,0,0,0,0,0
26/08/25 15:19:58,538.611,703710,SHK0000001,2207,2202,808,4095,4095,4095,0,0,0,0,0,0,0
26/08/25 15:19:59,539.608,703710,SHK0000001,2205,2205,807,4095,4095,4095,0,0,0,0,0,0,0
26/08/25 15:20:00,540.608,703710,SHK0000001,2201,2201,809,4095,4095,4095,0,0,0,0,0,0,0
26/08/25 15:20:01,541.606,703710,SHK0000001,2202,2205,807,4095,4095,4095,0,0,0,0,0,0,0
26/08/25 15:20:02,542.615,703710,SHK0000001,2197,2204,807,4095,4095,4095,0,0,0,0,0,0,0
26/08/25 15:20:03,543.608,703710,SHK0000001,2200,2197,809,4095,4095,4095,0,0,0,0,0,0,0
26/08/25 15:20:04,544.615,703710,SHK0000001,2198,2199,808,4095,4095,4095,0,0,0,0,0,0,0
26/08/25 15:20:05,545.602,703710,SHK0000001,2195,2200,807,4095,4095,4095,0,0,0,0,0,0,0
26/08/25 15:20:06,546.611,703710,SHK0000001,2198,2202,809,4095,4095,4095,0,0,0,0,0,0,0
26/08/25 15:20:07,547.608,703710,SHK0000001,2200,2199,807,4095,4095,4095,0,0,0,0,0,0,0
26/08/25 15:20:08,548.616,703710,SHK0000001,2200,2201,808,4095,4095,4095,0,0,0,0,0,0,0
26/08/25 15:20:09,549.605,703710,SHK0000001,2203,2206,809,4095,4095,4095,0,0,0,0,0,0,0
26/08/25 15:20:10,550.609,703710,SHK0000001,2201,2201,807,4095,4095,4095,0,0,0,0,0,0,0
26/08/25 15:20:11,551.61,703710,SHK0000001,2201,2197,808,4095,4095,4095,0,0,0,0,0,0,0
26/08/25 15:20:12,552.612,703710,SHK0000001,2201,2202,807,4095,4095,4095,0,0,0,0,0,0,0
26/08/25 15:20:13,553.6,703710,SHK0000001,2199,2197,807,4095,4095,4095,0,0,0,0,0,0,0
26/08/25 15:20:14,554.61,703710,SHK0000001,2198,2200,808,4095,4095,4095,0,0,0,0,0,0,0
26/08/25 15:20:15,555.607,703710,SHK0000001,2197,2198,807,4095,4095,4095,0,0,0,0,0,0,0
26/08/25 15:20:16,556.608,703710,SHK0000001,2203,2200,807,4095,4095,4095,0,0,0,0,0,0,0
26/08/25 15:20:17,557.603,703710,SHK0000001,2199,2198,809,4095,4095,4095,0,0,0,0,0,0,0
26/08/25 15:20:18,558.616,703710,SHK0000001,2200,2204,808,4095,4095,4095,0,0,0,0,0,0,0
26/08/25 15:20:19,559.608,703710,SHK0000001,2199,2195,807,4095,4095,4095,0,0,0,0,0,0,0
26/08/25 15:20:20,560.607,703710,SHK0000001,2199,2204,809,4095,4095,4095,0,0,0,0,0,0,0
26/08/25 15:20:21,561.607,703710,SHK0000001,2197,2194,807,4095,4095,4095,0,0,0,0,0,0,0
26/08/25 15:20:22,562.615,703710,SHK0000001,2200,2200,807,4095,4095,4095,0,0,0,0,0,0,0
26/08/25 15:20:23,563.604,703710,SHK0000001,2198,2197,808,4095,4095,4095,0,0,0,0,0,0,0
26/08/25 15:20:24,564.616,703710,SHK0000001,2194,2202,807,4095,4095,4095,0,0,0,0,0,0,0
26/08/25 15:20:25,565.607,703710,SHK0000001,2196,2196,808,4095,4095,4095,0,0,0,0,0,1,0
26/08/25 15:20:26,566.614,703710,SHK0000001,2201,2197,807,4095,4095,4095,0,0,0,0,0,1,0
26/08/25 15:20:27,567.602,703710,SHK0000001,2203,2198,807,4095,4095,4095,0,0,0,0,0,1,0
26/08/25 15:20:28,568.608,703710,SHK0000001,2204,2196,808,4095,4095,4095,0,0,0,0,0,1,0
26/08/25 15:20:29,569.607,703710,SHK0000001,2198,2203,808,4095,4095,4095,0,0,0,0,0,1,0
26/08/25 15:20:30,570.612,703710,SHK0000001,2199,2200,806,4095,4095,4095,0,0,0,0,0,1,0
26/08/25 15:20:31,571.609,703710,SHK0000001,2195,2197,808,4095,4095,4095,0,0,0,0,0,1,0
26/08/25 15:20:32,572.608,703710,SHK0000001,2201,2203,807,4095,4095,4095,0,0,0,0,0,1,0
26/08/25 15:20:33,573.605,703710,SHK0000001,2201,2204,807,4095,4095,4095,0,0,0,0,0,1,0
26/08/25 15:20:34,574.609,703710,SHK0000001,2199,2197,809,4095,4095,4095,0,0,0,0,0,1,0
26/08/25 15:20:35,575.603,703710,SHK0000001,2198,2199,806,4095,4095,4095,0,0,0,0,0,1,0
26/08/25 15:20:36,576.616,703710,SHK0000001,2198,2197,807,4095,4095,4095,0,0,0,0,0,1,0
26/08/25 15:20:37,577.601,703710,SHK0000001,2198,2199,807,4095,4095,4095,0,0,0,0,0,1,0
26/08/25 15:20:38,578.616,703710,SHK0000001,2201,2194,806,4095,4095,4095,0,0,0,0,0,1,0
26/08/25 15:20:39,579.608,703710,SHK0000001,2201,2195,807,4095,4095,4095,0,0,0,0,0,1,0
26/08/25 15:20:40,580.609,703710,SHK0000001,2196,2200,808,4095,4095,4095,0,0,0,0,0,1,0
26/08/25 15:20:41,581.604,703710,SHK0000001,2199,2197,806,4095,4095,4095,0,0,0,0,0,1,0
26/08/25 15:20:42,582.611,703710,SHK0000001,2201,2201,808,4095,4095,4095,0,0,0,0,0,1,0
26/08/25 15:20:43,583.603,703710,SHK0000001,2200,2200,807,4095,4095,4095,0,0,0,0,0,1,0
26/08/25 15:20:44,584.616,703710,SHK0000001,2200,2200,806,4095,4095,4095,0,0,0,0,0,1,0
26/08/25 15:20:45,585.6,703710,SHK0000001,2203,2196,808,4095,4095,4095,0,0,0,0,0,1,0
26/08/25 15:20:46,586.614,703710,SHK0000001,2197,2199,807,4095,4095,4095,0,0,0,0,0,1,0
26/08/25 15:20:47,587.604,703710,SHK0000001,2199,2202,807,4095,4095,4095,0,0,0,0,0,1,0
26/08/25 15:20:48,588.611,703710,SHK0000001,2197,2201,808,4095,4095,4095,0,0,0,0,0,1,0
26/08/25 15:20:49,589.603,703710,SHK0000001,2195,2193,806,4095,4095,4095,0,0,0,0,0,1,0
26/08/25 15:20:50,590.611,703710,SHK0000001,2197,2198,807,4095,4095,4095,0,0,0,0,0,1,0
26/08/25 15:20:51,591.606,703710,SHK0000001,2197,2197,807,4095,4095,4095,0,0,0,0,0,1,0
26/08/25 15:20:52,592.618,703710,SHK0000001,2200,2197,806,4095,4095,4095,0,0,0,0,0,1,0
26/08/25 15:20:53,593.605,703710,SHK0000001,2199,2199,807,4095,4095,4095,0,0,0,0,0,1,0
26/08/25 15:20:54,594.617,703710,SHK0000001,2198,2195,807,4095,4095,4095,0,0,0,0,0,1,0
26/08/25 15:20:55,595.608,703710,SHK0000001,2198,2197,806,4095,4095,4095,0,0,0,0,0,1,0
26/08/25 15:20:56,596.608,703710,SHK0000001,2203,2194,808,4095,4095,4095,0,0,0,0,0,1,0
26/08/25 15:20:57,597.604,703710,SHK0000001,2197,2207,807,4095,4095,4095,0,0,0,0,0,1,0
26/08/25 15:20:58,598.613,703710,SHK0000001,2199,2200,806,4095,4095,4095,0,0,0,0,0,1,0
26/08/25 15:20:59,599.605,703710,SHK0000001,2200,2202,808,4095,4095,4095,0,0,0,0,0,1,0
26/08/25 15:21:00,600.611,703710,SHK0000001,2208,2199,807,4095,4095,4095,0,0,0,0,0,1,0
26/08/25 15:21:01,601.61,703710,SHK0000001,2199,2198,805,4095,4095,4095,0,0,0,0,0,1,0
26/08/25 15:21:02,602.614,703710,SHK0000001,2197,2197,807,4095,4095,4095,0,0,0,0,0,1,0
26/08/25 15:21:03,603.606,703710,SHK0000001,2193,2198,806,4095,4095,4095,0,0,0,0,0,1,0
26/08/25 15:21:04,604.607,703710,SHK0000001,2196,2200,806,4095,4095,4095,0,0,0,0,0,1,0
26/08/25 15:21:05,605.608,703710,SHK0000001,2189,2202,808,4095,4095,4095,0,0,0,0,0,1,0
26/08/25 15:21:06,606.611,703710,SHK0000001,2203,2205,806,4095,4095,4095,0,0,0,0,0,1,0
26/08/25 15:21:07,607.605,703710,SHK0000001,2197,2201,806,4095,4095,4095,0,0,0,0,0,1,0
26/08/25 15:21:08,608.608,703710,SHK0000001,2202,2195,807,4095,4095,4095,0,0,0,0,0,1,0
26/08/25 15:21:09,609.609,703710,SHK0000001,2194,2193,805,4095,4095,4095,0,0,0,0,0,1,0
26/08/25 15:21:10,610.612,703710,SHK0000001,2197,2198,806,4095,4095,4095,0,0,0,0,0,1,0
26/08/25 15:21:11,611.603,703710,SHK0000001,2197,2194,807,4095,4095,4095,0,0,0,0,0,1,0
26/08/25 15:21:12,612.616,703710,SHK0000001,2199,2201,805,4095,4095,4095,0,0,0,0,0,1,0
26/08/25 15:21:13,613.609,703710,SHK0000001,2192,2204,807,4095,4095,4095,0,0,0,0,0,1,0
26/08/25 15:21:14,614.613,703710,SHK0000001,2195,2197,807,4095,4095,4095,0,0,0,0,0,1,0
26/08/25 15:21:15,615.608,703710,SHK0000001,2202,2199,805,4095,4095,4095,0,0,0,0,0,1,0
26/08/25 15:21:16,616.615,703710,SHK0000001,2205,2201,808,4095,4095,4095,0,0,0,0,0,1,0
26/08/25 15:21:17,617.606,703710,SHK0000001,2198,2192,806,4095,4095,4095,0,0,0,0,0,1,0
26/08/25 15:21:18,618.617,703710,SHK0000001,2198,2197,805,4095,4095,4095,0,0,0,0,0,1,0
26/08/25 15:21:19,619.609,703710,SHK0000001,2196,2192,807,4095,4095,4095,0,0,0,0,0,1,0
26/08/25 15:21:20,620.611,703710,SHK0000001,2196,2199,805,4095,4095,4095,0,0,0,0,0,1,0
26/08/25 15:21:21,621.604,703710,SHK0000001,2199,2204,805,4095,4095,4095,0,0,0,0,0,1,0
26/08/25 15:21:22,622.612,703710,SHK0000001,2195,2192,807,4095,4095,4095,0,0,0,0,0,1,0
26/08/25 15:21:23,623.606,703710,SHK0000001,2196,2193,805,4095,4095,4095,0,0,0,0,0,1,0
26/08/25 15:21:24,624.615,703710,SHK0000001,2203,2198,806,4095,4095,4095,0,0,0,0,0,1,0
26/08/25 15:21:25,625.609,703710,SHK0000001,2194,2193,807,4095,4095,4095,0,0,0,0,0,1,0
26/08/25 15:21:26,626.61,703710,SHK0000001,2191,2198,805,4095,4095,4095,0,0,0,0,0,1,0
26/08/25 15:21:27,627.606,703710,SHK0000001,2197,2199,806,4095,4095,4095,0,0,0,0,0,1,0
26/08/25 15:21:28,628.608,703710,SHK0000001,2200,2197,806,4095,4095,4095,0,0,0,0,0,1,0
26/08/25 15:21:29,629.603,703710,SHK0000001,2191,2201,805,4095,4095,4095,0,0,0,0,0,1,0
26/08/25 15:21:30,630.615,703710,SHK0000001,2196,2196,806,4095,4095,4095,0,0,0,0,0,1,0
26/08/25 15:21:31,631.607,703710,SHK0000001,2199,2194,806,4095,4095,4095,0,0,0,0,0,1,0
26/08/25 15:21:32,632.616,703710,SHK0000001,2197,2194,805,4095,4095,4095,0,0,0,0,0,1,0
26/08/25 15:21:33,633.601,703710,SHK0000001,2198,2195,807,4095,4095,4095,0,0,0,0,0,1,0
26/08/25 15:21:34,634.612,703710,SHK0000001,2202,2199,805,4095,4095,4095,0,0,0,0,0,1,0
26/08/25 15:21:35,635.607,703710,SHK0000001,2194,2202,805,4095,4095,4095,0,0,0,0,0,1,0
26/08/25 15:21:36,636.613,703710,SHK0000001,2206,2200,806,4095,4095,4095,0,0,0,0,0,1,0
26/08/25 15:21:37,637.608,703710,SHK0000001,2200,2196,805,4095,4095,4095,0,0,0,0,0,1,0
26/08/25 15:21:38,638.61,703710,SHK0000001,2198,2201,806,4095,4095,4095,0,0,0,0,0,1,0
26/08/25 15:21:39,639.607,703710,SHK0000001,2195,2195,806,4095,4095,4095,0,0,0,0,0,1,0
26/08/25 15:21:40,640.612,703710,SHK0000001,2191,2199,805,4095,4095,4095,0,0,0,0,0,1,0
26/08/25 15:21:41,641.602,703710,SHK0000001,2193,2192,806,4095,4095,4095,0,0,0,0,0,1,0
26/08/25 15:21:42,642.613,703710,SHK0000001,2196,2191,806,4095,4095,4095,0,0,0,0,0,1,0
26/08/25 15:21:43,643.603,703710,SHK0000001,2201,2190,805,4095,4095,4095,0,0,0,0,0,1,0
26/08/25 15:21:44,644.613,703710,SHK0000001,2189,2199,806,4095,4095,4095,0,0,0,0,0,1,0
26/08/25 15:21:45,645.602,703710,SHK0000001,2199,2199,806,4095,4095,4095,0,0,0,0,0,1,0
26/08/25 15:21:46,646.612,703710,SHK0000001,2188,2199,805,4095,4095,4095,0,0,0,0,0,1,0
26/08/25 15:21:47,647.606,703710,SHK0000001,2192,2199,807,4095,4095,4095,0,0,0,0,0,1,0
26/08/25 15:21:48,648.615,703710,SHK0000001,2192,2199,805,4095,4095,4095,0,0,0,0,0,1,0
26/08/25 15:21:49,649.6,703710,SHK0000001,2197,2197,805,4095,4095,4095,0,0,0,0,0,1,0
26/08/25 15:21:50,650.612,703710,SHK0000001,2196,2190,806,4095,4095,4095,0,0,0,0,0,1,0
26/08/25 15:21:51,651.603,703710,SHK0000001,2199,2186,805,4095,4095,4095,0,0,0,0,0,1,0
26/08/25 15:21:52,652.617,703710,SHK0000001,2201,2196,805,4095,4095,4095,0,0,0,0,0,1,0
26/08/25 15:21:53,653.601,703710,SHK0000001,2197,2193,806,4095,4095,4095,0,0,0,0,0,1,0
26/08/25 15:21:54,654.609,703710,SHK0000001,2198,2196,805,4095,4095,4095,0,0,0,0,0,1,0
26/08/25 15:21:55,655.601,703710,SHK0000001,2197,2200,806,4095,4095,4095,0,0,0,0,0,1,0
26/08/25 15:21:56,656.613,703710,SHK0000001,2195,2192,806,4095,4095,4095,0,0,0,0,0,1,0
26/08/25 15:21:57,657.607,703710,SHK0000001,2197,2190,804,4095,4095,4095,0,0,0,0,0,1,0
26/08/25 15:21:58,658.61,703710,SHK0000001,2194,2196,806,4095,4095,4095,0,0,0,0,0,1,0
26/08/25 15:21:59,659.606,703710,SHK0000001,2195,2194,805,4095,4095,4095,0,0,0,0,0,1,0
26/08/25 15:22:00,660.607,703710,SHK0000001,2200,2199,804,4095,4095,4095,0,0,0,0,0,1,0
26/08/25 15:22:01,661.603,703710,SHK0000001,2198,2193,807,4095,4095,4095,0,0,0,0,0,1,0
26/08/25 15:22:02,662.611,703710,SHK0000001,2195,2192,805,4095,4095,4095,0,0,0,0,0,1,0
26/08/25 15:22:03,663.604,703710,SHK0000001,2184,2195,804,4095,4095,4095,0,0,0,0,0,1,0
26/08/25 15:22:04,664.611,703710,SHK0000001,2197,2194,806,4095,4095,4095,0,0,0,0,0,1,0
26/08/25 15:22:05,665.606,703710,SHK0000001,2197,2191,805,4095,4095,4095,0,0,0,0,0,1,0
26/08/25 15:22:06,666.614,703710,SHK0000001,2207,2193,805,4095,4095,4095,0,0,0,0,0,1,0
26/08/25 15:22:07,667.606,703710,SHK0000001,2197,2191,806,4095,4095,4095,0,0,0,0,0,1,0
26/08/25 15:22:08,668.617,703710,SHK0000001,2197,2194,804,4095,4095,4095,0,0,0,0,0,1,0
26/08/25 15:22:09,669.608,703710,SHK0000001,2196,2196,805,4095,4095,4095,0,0,0,0,0,1,0
26/08/25 15:22:10,670.617,703710,SHK0000001,2193,2190,806,4095,4095,4095,0,0,0,0,0,1,0
26/08/25 15:22:11,671.603,703710,SHK0000001,2195,2199,804,4095,4095,4095,0,0,0,0,0,1,0
26/08/25 15:22:12,672.614,703710,SHK0000001,2196,2197,805,4095,4095,4095,0,0,0,0,0,1,0
26/08/25 15:22:13,673.608,703710,SHK0000001,2197,2197,806,4095,4095,4095,0,0,0,0,0,1,0
26/08/25 15:22:14,674.611,703710,SHK0000001,2194,2199,804,4095,4095,4095,0,0,0,0,0,1,0
26/08/25 15:22:15,675.601,703710,SHK0000001,2192,2196,805,4095,4095,4095,0,0,0,0,0,1,0
26/08/25 15:22:16,676.616,703710,SHK0000001,2197,2197,806,4095,4095,4095,0,0,0,0,0,1,0
26/08/25 15:22:17,677.604,703710,SHK0000001,2195,2191,804,4095,4095,4095,0,0,0,0,0,1,0
26/08/25 15:22:18,678.613,703710,SHK0000001,2197,2192,806,4095,4095,4095,0,0,0,0,0,1,0
26/08/25 15:22:19,679.604,703710,SHK0000001,2196,2193,804,4095,4095,4095,0,0,0,0,0,1,0
26/08/25 15:22:20,680.61,703710,SHK0000001,2198,2192,804,4095,4095,4095,0,0,0,0,0,1,0
26/08/25 15:22:21,681.61,703710,SHK0000001,2191,2195,806,4095,4095,4095,0,0,0,0,0,1,0
26/08/25 15:22:22,682.608,703710,SHK0000001,2196,2199,804,4095,4095,4095,0,0,0,0,0,1,0
26/08/25 15:22:23,683.608,703710,SHK0000001,2192,2196,805,4095,4095,4095,0,0,0,0,0,1,0
26/08/25 15:22:24,684.615,703710,SHK0000001,2199,2184,806,4095,4095,4095,0,0,0,0,0,1,0
26/08/25 15:22:25,685.602,703710,SHK0000001,2195,2192,804,4095,4095,4095,0,0,0,0,0,1,0
26/08/25 15:22:26,686.612,703710,SHK0000001,2188,2190,806,4095,4095,4095,0,0,0,0,0,1,0
26/08/25 15:22:27,687.602,703710,SHK0000001,2189,2194,805,4095,4095,4095,0,0,0,0,0,1,0
26/08/25 15:22:28,688.616,703710,SHK0000001,2202,2197,804,4095,4095,4095,0,0,0,0,0,1,0
26/08/25 15:22:29,689.609,703710,SHK0000001,2200,2201,805,4095,4095,4095,0,0,0,0,0,1,0
26/08/25 15:22:30,690.618,703710,SHK0000001,2198,2192,805,4095,4095,4095,0,0,0,0,0,1,0
26/08/25 15:22:31,691.608,703710,SHK0000001,2189,2196,804,4095,4095,4095,0,0,0,0,0,1,0
26/08/25 15:22:32,692.609,703710,SHK0000001,2197,2195,806,4095,4095,4095,0,0,0,0,0,1,0
26/08/25 15:22:33,693.6,703710,SHK0000001,2198,2194,805,4095,4095,4095,0,0,0,0,0,1,0
26/08/25 15:22:34,694.615,703710,SHK0000001,2197,2191,805,4095,4095,4095,0,0,0,0,0,1,0
26/08/25 15:22:35,695.602,703710,SHK0000001,2197,2196,806,4095,4095,4095,0,0,0,0,0,1,0
26/08/25 15:22:36,696.617,703710,SHK0000001,2192,2196,805,4095,4095,4095,0,0,0,0,0,1,0
26/08/25 15:22:37,697.605,703710,SHK0000001,2198,2198,805,4095,4095,4095,0,0,0,0,0,0,0
26/08/25 15:22:38,698.613,703710,SHK0000001,2197,2196,806,4095,4095,4095,0,0,0,0,0,0,0
26/08/25 15:22:39,699.608,703710,SHK0000001,2192,2191,804,4095,4095,4095,0,0,0,0,0,0,0
26/08/25 15:22:40,700.617,703710,SHK0000001,2191,2195,806,4095,4095,4095,0,0,0,0,0,0,0
26/08/25 15:22:41,701.603,703710,SHK0000001,2200,2197,805,4095,4095,4095,0,0,0,0,0,0,0
26/08/25 15:22:42,702.617,703710,SHK0000001,2193,2194,804,4095,4095,4095,0,0,0,0,0,0,0
26/08/25 15:22:43,703.605,703710,SHK0000001,2198,2195,806,4095,4095,4095,0,0,0,0,0,0,0
26/08/25 15:22:44,704.612,703710,SHK0000001,2194,2190,806,4095,4095,4095,0,0,0,0,0,0,0
26/08/25 15:22:45,705.603,703710,SHK0000001,2196,2189,804,4095,4095,4095,0,0,0,0,0,0,0
26/08/25 15:22:46,706.614,703710,SHK0000001,2201,2195,806,4095,4095,4095,0,0,0,0,0,0,0
26/08/25 15:22:47,707.6,703710,SHK0000001,2196,2192,805,4095,4095,4095,0,0,0,0,0,0,0
26/08/25 15:22:48,708.614,703710,SHK0000001,2195,2193,804,4095,4095,4095,0,0,0,0,0,0,0
26/08/25 15:22:49,709.608,703710,SHK0000001,2194,2190,805,4095,4095,4095,0,0,0,0,0,0,0
26/08/25 15:22:50,710.617,703710,SHK0000001,2194,2200,805,4095,4095,4095,0,0,0,0,0,0,0
26/08/25 15:22:51,711.604,703710,SHK0000001,2200,2195,805,4095,4095,4095,0,0,0,0,0,0,0
26/08/25 15:22:52,712.617,703710,SHK0000001,2194,2192,807,4095,4095,4095,0,0,0,0,0,0,0
26/08/25 15:22:53,713.602,703710,SHK0000001,2193,2197,805,4095,4095,4095,0,0,0,0,0,0,0
26/08/25 15:22:54,714.617,703710,SHK0000001,2195,2200,806,4095,4095,4095,0,0,0,0,0,0,0
26/08/25 15:22:55,715.609,703710,SHK0000001,2199,2178,807,4095,4095,4095,0,0,0,0,0,0,0
26/08/25 15:22:56,716.611,703710,SHK0000001,2200,2200,805,4095,4095,4095,0,0,0,0,0,0,0
26/08/25 15:22:57,717.607,703710,SHK0000001,2191,2198,807,4095,4095,4095,0,0,0,0,0,0,0
26/08/25 15:22:58,718.612,703710,SHK0000001,2199,2195,807,4095,4095,4095,0,0,0,0,0,0,0
26/08/25 15:22:59,719.601,703710,SHK0000001,2196,2193,806,4095,4095,4095,0,0,0,0,0,0,0
26/08/25 15:23:00,720.613,703710,SHK0000001,2199,2200,807,4095,4095,4095,0,0,0,0,0,0,0
26/08/25 15:23:01,721.602,703710,SHK0000001,2196,2196,807,4095,4095,4095,0,0,0,0,0,0,0
26/08/25 15:23:02,722.61,703710,SHK0000001,2195,2188,805,4095,4095,4095,0,0,0,0,0,0,0
26/08/25 15:23:03,723.608,703710,SHK0000001,2196,2191,808,4095,4095,4095,0,0,0,0,0,0,0
26/08/25 15:23:04,724.608,703710,SHK0000001,2192,2094,806,4095,4095,4095,0,0,0,0,0,0,0
26/08/25 15:23:05,725.605,703710,SHK0000001,2074,2077,806,4095,4095,4095,0,0,0,0,0,0,0
26/08/25 15:23:06,726.61,703710,SHK0000001,2068,2071,809,4095,4095,4095,0,0,0,0,0,0,0
26/08/25 15:23:07,727.603,703710,SHK0000001,2070,2066,807,4095,4095,4095,0,0,0,0,0,0,0
26/08/25 15:23:08,728.61,703710,SHK0000001,2075,2072,808,4095,4095,4095,0,0,0,0,0,0,0
