Timestamp,Time,Time_gen,SN,V_radshort,V_radtotal,V_housing,VTC2,V_diode,V_probe,PumpStatus,SetPower,Power,Reflected-power,power_flag,antenna_cooling_flag,switch_cooling_flag
25/08/25 13:16:56,13.292,703710,SHK0000001,2088,2088,765,4095,4095,4095,0,0,0,0,0,0,0
25/08/25 13:16:57,14.28,703710,SHK0000001,2088,2089,764,4095,4095,4095,0,0,0,0,0,0,0
25/08/25 13:16:58,15.288,703710,SHK0000001,2090,2091,766,4095,4095,4095,0,0,0,0,0,0,0
25/08/25 13:16:59,16.287,703710,SHK0000001,2088,2085,765,4095,4095,4095,0,0,0,0,0,0,0
25/08/25 13:17:00,17.289,703710,SHK0000001,2095,2092,764,4095,4095,4095,0,0,0,0,0,0,0
25/08/25 13:17:01,18.289,703710,SHK0000001,2090,2087,766,4095,4095,4095,0,0,0,0,0,0,0
25/08/25 13:17:02,19.29,703710,SHK0000001,2087,2090,766,4095,4095,4095,0,0,0,0,0,0,0
25/08/25 13:17:03,20.28,703710,SHK0000001,2086,2088,765,4095,4095,4095,0,0,0,0,0,0,0
25/08/25 13:17:04,21.295,703710,SHK0000001,2084,2086,767,4095,4095,4095,0,0,0,0,0,0,0
25/08/25 13:17:05,22.287,703710,SHK0000001,2091,2090,765,4095,4095,4095,0,0,0,0,0,0,0
25/08/25 13:17:06,23.288,703710,SHK0000001,2092,2092,766,4095,4095,4095,0,0,0,0,0,0,0
25/08/25 13:17:07,24.282,703710,SHK0000001,2086,2088,768,4095,4095,4095,0,0,0,0,0,0,0
25/08/25 13:17:08,25.289,703710,SHK0000001,2085,2081,766,4095,4095,4095,0,0,0,0,0,0,0
25/08/25 13:17:09,26.283,703710,SHK0000001,2082,2087,766,4095,4095,4095,0,0,0,0,0,0,0
25/08/25 13:17:10,27.296,703710,SHK0000001,2088,2075,767,4095,4095,4095,0,0,0,0,0,0,0
25/08/25 13:17:11,28.282,703710,SHK0000001,2042,2044,766,4095,4095,4095,0,0,0,0,0,0,0
25/08/25 13:17:12,29.296,703710,SHK0000001,1566,1548,768,4095,4095,4095,0,0,0,0,0,0,0
25/08/25 13:17:13,30.283,703710,SHK0000001,1568,1569,768,4095,4095,4095,0,0,0,0,0,0,0
25/08/25 13:17:14,31.294,703710,SHK0000001,1560,1575,767,4095,4095,4095,0,0,0,0,0,0,0
25/08/25 13:17:15,32.288,703710,SHK0000001,1600,1565,769,4095,4095,4095,0,0,0,0,0,0,0
25/08/25 13:17:16,33.296,703710,SHK0000001,1537,1541,768,4095,4095,4095,0,0,0,0,0,0,0
25/08/25 13:17:17,34.288,703710,SHK0000001,1588,1584,768,4095,4095,4095,0,0,0,0,0,0,0
25/08/25 13:17:18,35.288,703710,SHK0000001,1590,1599,769,4095,4095,4095,0,0,0,0,0,0,0
25/08/25 13:17:19,36.283,703710,SHK0000001,1583,1576,768,4095,4095,4095,0,0,0,0,0,0,0
25/08/25 13:17:20,37.297,703710,SHK0000001,1566,1565,769,4095,4095,4095,0,0,0,0,0,0,0
25/08/25 13:17:21,38.28,703710,SHK0000001,1626,1610,771,4095,4095,4095,0,0,0,0,0,0,0
25/08/25 13:17:22,39.29,703710,SHK0000001,1654,1645,769,4095,4095,4095,0,0,0,0,0,0,0
25/08/25 13:17:23,40.282,703710,SHK0000001,1584,1595,770,4095,4095,4095,0,0,0,0,0,0,0
25/08/25 13:17:24,41.29,703710,SHK0000001,1587,1594,771,4095,4095,4095,0,0,0,0,0,0,0
25/08/25 13:17:25,42.287,703710,SHK0000001,1573,1579,770,4095,4095,4095,0,0,0,0,0,0,0
25/08/25 13:17:26,43.293,703710,SHK0000001,1580,1586,771,4095,4095,4095,0,0,0,0,0,0,0
25/08/25 13:17:27,44.282,703710,SHK0000001,1580,1577,772,4095,4095,4095,0,0,0,0,0,0,0
25/08/25 13:17:28,45.296,703710,SHK0000001,1578,1583,771,4095,4095,4095,0,0,0,0,0,0,0
25/08/25 13:17:29,46.28,703710,SHK0000001,1577,1581,773,4095,4095,4095,0,0,0,0,0,0,0
25/08/25 13:17:30,47.295,703710,SHK0000001,1580,1591,772,4095,4095,4095,0,0,0,0,0,0,0
25/08/25 13:17:31,48.285,703710,SHK0000001,1580,1582,771,4095,4095,4095,0,0,0,0,0,0,0
25/08/25 13:17:32,49.29,703710,SHK0000001,1587,1583,773,4095,4095,4095,0,0,0,0,0,0,0
25/08/25 13:17:33,50.283,703710,SHK0000001,1580,1580,774,4095,4095,4095,0,0,0,0,0,0,0
25/08/25 13:17:34,51.291,703710,SHK0000001,1585,1575,773,4095,4095,4095,0,0,0,0,0,0,0
25/08/25 13:17:35,52.289,703710,SHK0000001,1584,1583,774,4095,4095,4095,0,0,0,0,0,0,0
25/08/25 13:17:36,53.293,703710,SHK0000001,1588,1585,773,4095,4095,4095,0,0,0,0,0,0,0
25/08/25 13:17:37,54.287,703710,SHK0000001,1588,1581,774,4095,4095,4095,0,0,0,0,0,0,0
25/08/25 13:17:38,55.295,703710,SHK0000001,1587,1593,776,4095,4095,4095,0,0,0,0,0,0,0
25/08/25 13:17:39,56.28,703710,SHK0000001,1584,1576,775,4095,4095,4095,0,0,0,0,0,0,0
25/08/25 13:17:40,57.291,703710,SHK0000001,1591,1589,776,4095,4095,4095,0,0,0,0,0,0,0
25/08/25 13:17:41,58.284,703710,SHK0000001,1591,1592,776,4095,4095,4095,0,0,0,0,0,0,0
25/08/25 13:17:42,59.292,703710,SHK0000001,1587,1590,774,4095,4095,4095,0,0,0,0,0,0,0
25/08/25 13:17:43,60.284,703710,SHK0000001,1586,1583,777,4095,4095,4095,0,0,0,0,0,0,0
25/08/25 13:17:44,61.297,703710,SHK0000001,1590,1589,776,4095,4095,4095,0,0,0,0,0,0,0
25/08/25 13:17:45,62.282,703710,SHK0000001,1593,1590,776,4095,4095,4095,0,0,0,0,0,0,0
25/08/25 13:17:46,63.296,703710,SHK0000001,1593,1593,777,4095,4095,4095,0,0,0,0,0,0,0
25/08/25 13:17:47,64.283,703710,SHK0000001,1590,1586,777,4095,4095,4095,0,0,0,0,0,0,0
25/08/25 13:17:48,65.289,703710,SHK0000001,1594,1589,776,4095,4095,4095,0,0,0,0,0,0,0
25/08/25 13:17:49,66.279,703710,SHK0000001,1598,1597,779,4095,4095,4095,0,0,0,0,0,0,0
25/08/25 13:17:50,67.288,703710,SHK0000001,1598,1600,778,4095,4095,4095,0,0,0,0,0,0,0
25/08/25 13:17:51,68.284,703710,SHK0000001,1595,1606,777,4095,4095,4095,0,0,0,0,0,0,0
25/08/25 13:17:52,69.288,703710,SHK0000001,1593,1602,779,4095,4095,4095,0,0,0,0,0,0,0
25/08/25 13:17:53,70.286,703710,SHK0000001,1593,1594,778,4095,4095,4095,0,0,0,0,0,0,0
25/08/25 13:17:54,71.291,703710,SHK0000001,1590,1594,779,4095,4095,4095,0,0,0,0,0,0,0
25/08/25 13:17:55,72.286,703710,SHK0000001,1599,1599,779,4095,4095,4095,0,0,0,0,0,0,0
25/08/25 13:17:56,73.289,703710,SHK0000001,1596,1600,777,4095,4095,4095,0,0,0,0,0,0,0
25/08/25 13:17:57,74.281,703710,SHK0000001,1604,1594,779,4095,4095,4095,0,0,0,0,0,0,0
25/08/25 13:17:58,75.296,703710,SHK0000001,1597,1590,779,4095,4095,4095,0,0,0,0,0,0,0
25/08/25 13:17:59,76.288,703710,SHK0000001,1596,1597,778,4095,4095,4095,0,0,0,0,0,0,0
25/08/25 13:18:00,77.291,703710,SHK0000001,1601,1598,779,4095,4095,4095,0,0,0,0,0,0,0
25/08/25 13:18:01,78.289,703710,SHK0000001,1595,1597,780,4095,4095,4095,0,0,0,0,0,0,0
25/08/25 13:18:02,79.291,703710,SHK0000001,1598,1607,778,4095,4095,4095,0,0,0,0,0,0,0
25/08/25 13:18:03,80.286,703710,SHK0000001,1605,1600,781,4095,4095,4095,0,0,0,0,0,0,0
25/08/25 13:18:04,81.294,703710,SHK0000001,1605,1603,780,4095,4095,4095,0,0,0,0,0,0,0
25/08/25 13:18:05,82.282,703710,SHK0000001,1606,1601,780,4095,4095,4095,0,0,0,0,0,0,0
25/08/25 13:18:06,83.291,703710,SHK0000001,1596,1600,781,4095,4095,4095,0,0,0,0,0,0,0
25/08/25 13:18:07,84.287,703710,SHK0000001,1601,1604,780,4095,4095,4095,0,0,0,0,0,0,0
25/08/25 13:18:08,85.292,703710,SHK0000001,1606,1600,780,4095,4095,4095,0,0,0,0,0,0,0
25/08/25 13:18:09,86.289,703710,SHK0000001,1606,1605,782,4095,4095,4095,0,0,0,0,0,0,0
25/08/25 13:18:10,87.293,703710,SHK0000001,1604,1600,780,4095,4095,4095,0,0,0,0,0,0,0
25/08/25 13:18:11,88.28,703710,SHK0000001,1606,1601,782,4095,4095,4095,0,0,0,0,0,0,0
25/08/25 13:18:12,89.292,703710,SHK0000001,1604,1607,781,4095,4095,4095,0,0,0,0,0,0,0
25/08/25 13:18:13,90.284,703710,SHK0000001,1599,1603,780,4095,4095,4095,0,0,0,0,0,0,0
25/08/25 13:18:14,91.294,703710,SHK0000001,1611,1613,782,4095,4095,4095,0,0,0,0,0,0,0
25/08/25 13:18:15,92.29,703710,SHK0000001,1610,1607,782,4095,4095,4095,0,0,0,0,0,0,0
25/08/25 13:18:16,93.296,703710,SHK0000001,1611,1610,780,4095,4095,4095,0,0,0,0,0,0,0
25/08/25 13:18:17,94.284,703710,SHK0000001,1612,1605,782,4095,4095,4095,0,0,0,0,0,0,0
25/08/25 13:18:18,95.296,703710,SHK0000001,1610,1603,782,4095,4095,4095,0,0,0,0,0,0,0
25/08/25 13:18:19,96.288,703710,SHK0000001,1606,1605,782,4095,4095,4095,0,0,0,0,0,0,0
25/08/25 13:18:20,97.296,703710,SHK0000001,1609,1608,783,4095,4095,4095,0,0,0,0,0,0,0
25/08/25 13:18:21,98.281,703710,SHK0000001,1610,1611,782,4095,4095,4095,0,0,0,0,0,0,0
25/08/25 13:18:22,99.29,703710,SHK0000001,1608,1605,782,4095,4095,4095,0,0,0,0,0,0,0
25/08/25 13:18:23,100.287,703710,SHK0000001,1606,1613,784,4095,4095,4095,0,0,0,0,0,0,0
25/08/25 13:18:24,101.293,703710,SHK0000001,1609,1607,782,4095,4095,4095,0,0,0,0,0,0,0
25/08/25 13:18:25,102.283,703710,SHK0000001,1614,1607,784,4095,4095,4095,0,0,0,0,0,0,0
25/08/25 13:18:26,103.293,703710,SHK0000001,1612,1614,784,4095,4095,4095,0,0,0,0,0,0,0
25/08/25 13:18:27,104.285,703710,SHK0000001,1611,1606,782,4095,4095,4095,0,0,0,0,0,0,0
25/08/25 13:18:28,105.297,703710,SHK0000001,1617,1609,785,4095,4095,4095,0,0,0,0,0,0,0
25/08/25 13:18:29,106.29,703710,SHK0000001,1611,1605,783,4095,4095,4095,0,0,0,0,0,0,0
25/08/25 13:18:30,107.29,703710,SHK0000001,1616,1612,782,4095,4095,4095,0,0,0,0,0,0,0
25/08/25 13:18:31,108.281,703710,SHK0000001,1620,1618,785,4095,4095,4095,0,0,0,0,0,0,0
25/08/25 13:18:32,109.291,703710,SHK0000001,1609,1612,784,4095,4095,4095,0,0,0,0,0,0,0
25/08/25 13:18:33,110.281,703710,SHK0000001,1614,1615,783,4095,4095,4095,0,0,0,0,0,0,0
25/08/25 13:18:34,111.289,703710,SHK0000001,1611,1609,784,4095,4095,4095,0,0,0,0,0,0,0
25/08/25 13:18:35,112.289,703710,SHK0000001,1616,1614,783,4095,4095,4095,0,0,0,0,0,0,0
25/08/25 13:18:36,113.288,703710,SHK0000001,1621,1611,783,4095,4095,4095,0,0,0,0,0,0,0
25/08/25 13:18:37,114.283,703710,SHK0000001,1614,1609,785,4095,4095,4095,0,0,0,0,0,0,0
25/08/25 13:18:38,115.288,703710,SHK0000001,1617,1621,784,4095,4095,4095,0,0,0,0,0,0,0
25/08/25 13:18:39,116.286,703710,SHK0000001,1620,1616,785,4095,4095,4095,0,0,0,0,0,0,0
25/08/25 13:18:40,117.289,703710,SHK0000001,1614,1612,785,4095,4095,4095,0,0,0,0,0,0,0
25/08/25 13:18:41,118.281,703710,SHK0000001,1613,1616,784,4095,4095,4095,0,0,0,0,0,0,0
25/08/25 13:18:42,119.289,703710,SHK0000001,1619,1613,785,4095,4095,4095,0,0,0,0,0,0,0
25/08/25 13:18:43,120.288,703710,SHK0000001,1619,1621,786,4095,4095,4095,0,0,0,0,0,0,0
25/08/25 13:18:44,121.289,703710,SHK0000001,1620,1620,784,4095,4095,4095,0,0,0,0,0,0,0
25/08/25 13:18:45,122.284,703710,SHK0000001,1618,1625,787,4095,4095,4095,0,0,0,0,0,0,0
25/08/25 13:18:46,123.294,703710,SHK0000001,1614,1616,785,4095,4095,4095,0,0,0,0,0,0,0
25/08/25 13:18:47,124.286,703710,SHK0000001,1624,1622,784,4095,4095,4095,0,0,0,0,0,0,0
25/08/25 13:18:48,125.288,703710,SHK0000001,1620,1622,786,4095,4095,4095,0,0,0,0,0,0,0
25/08/25 13:18:49,126.283,703710,SHK0000001,1622,1614,786,4095,4095,4095,0,0,0,0,0,0,0
25/08/25 13:18:50,127.29,703710,SHK0000001,1628,1622,785,4095,4095,4095,0,0,0,0,0,0,0
25/08/25 13:18:51,128.283,703710,SHK0000001,1613,1626,787,4095,4095,4095,0,0,0,0,0,0,0
25/08/25 13:18:52,129.287,703710,SHK0000001,1617,1622,786,4095,4095,4095,0,0,0,0,0,0,0
25/08/25 13:18:53,130.283,703710,SHK0000001,1622,1621,786,4095,4095,4095,0,0,0,0,0,0,0
25/08/25 13:18:54,131.294,703710,SHK0000001,1623,1624,787,4095,4095,4095,0,0,0,0,0,0,0
25/08/25 13:18:55,132.28,703710,SHK0000001,1623,1628,786,4095,4095,4095,0,0,0,0,0,0,0
25/08/25 13:18:56,133.294,703710,SHK0000001,1617,1624,786,4095,4095,4095,0,0,0,0,0,0,0
25/08/25 13:18:57,134.281,703710,SHK0000001,1620,1617,787,4095,4095,4095,0,0,0,0,0,1,0
25/08/25 13:18:58,135.293,703710,SHK0000001,1621,1617,786,4095,4095,4095,0,0,0,0,0,1,0
25/08/25 13:18:59,136.288,703710,SHK0000001,1627,1629,787,4095,4095,4095,0,0,0,0,0,1,0
25/08/25 13:19:00,137.293,703710,SHK0000001,1631,1620,787,4095,4095,4095,0,0,0,0,0,1,0
25/08/25 13:19:01,138.283,703710,SHK0000001,1627,1620,786,4095,4095,4095,0,0,0,0,0,1,0
25/08/25 13:19:02,139.295,703710,SHK0000001,1621,1628,788,4095,4095,4095,0,0,0,0,0,1,0
25/08/25 13:19:03,140.288,703710,SHK0000001,1623,1630,788,4095,4095,4095,0,0,0,0,0,1,0
25/08/25 13:19:04,141.294,703710,SHK0000001,1621,1623,787,4095,4095,4095,0,0,0,0,0,1,0
25/08/25 13:19:05,142.283,703710,SHK0000001,1626,1624,788,4095,4095,4095,0,0,0,0,0,1,0
25/08/25 13:19:06,143.295,703710,SHK0000001,1622,1625,787,4095,4095,4095,0,0,0,0,0,1,0
25/08/25 13:19:07,144.283,703710,SHK0000001,1623,1621,788,4095,4095,4095,0,0,0,0,0,1,0
25/08/25 13:19:08,145.295,703710,SHK0000001,1629,1620,790,4095,4095,4095,0,0,0,0,0,1,0
25/08/25 13:19:09,146.279,703710,SHK0000001,1621,1629,787,4095,4095,4095,0,0,0,0,0,1,0
25/08/25 13:19:10,147.296,703710,SHK0000001,1634,1623,789,4095,4095,4095,0,0,0,0,0,1,0
25/08/25 13:19:11,148.279,703710,SHK0000001,1628,1630,789,4095,4095,4095,0,0,0,0,0,1,0
25/08/25 13:19:12,149.29,703710,SHK0000001,1625,1626,788,4095,4095,4095,0,0,0,0,0,1,0
25/08/25 13:19:13,150.285,703710,SHK0000001,1624,1624,789,4095,4095,4095,0,0,0,0,0,1,0
25/08/25 13:19:14,151.288,703710,SHK0000001,1626,1631,789,4095,4095,4095,0,0,0,0,0,1,0
25/08/25 13:19:15,152.283,703710,SHK0000001,1625,1628,788,4095,4095,4095,0,0,0,0,0,1,0
25/08/25 13:19:16,153.287,703710,SHK0000001,1633,1622,790,4095,4095,4095,0,0,0,0,0,1,0
25/08/25 13:19:17,154.283,703710,SHK0000001,1625,1623,789,4095,4095,4095,0,0,0,0,0,1,0
25/08/25 13:19:18,155.292,703710,SHK0000001,1628,1629,788,4095,4095,4095,0,0,0,0,0,1,0
25/08/25 13:19:19,156.285,703710,SHK0000001,1627,1629,791,4095,4095,4095,0,0,0,0,0,1,0
25/08/25 13:19:20,157.295,703710,SHK0000001,1628,1629,790,4095,4095,4095,0,0,0,0,0,1,0
25/08/25 13:19:21,158.28,703710,SHK0000001,1626,1624,789,4095,4095,4095,0,0,0,0,0,1,0
25/08/25 13:19:22,159.295,703710,SHK0000001,1634,1627,791,4095,4095,4095,0,0,0,0,0,1,0
25/08/25 13:19:23,160.285,703710,SHK0000001,1633,1632,790,4095,4095,4095,0,0,0,0,0,1,0
25/08/25 13:19:24,161.29,703710,SHK0000001,1639,1627,789,4095,4095,4095,0,0,0,0,0,1,0
25/08/25 13:19:25,162.281,703710,SHK0000001,1636,1635,791,4095,4095,4095,0,0,0,0,0,1,0
25/08/25 13:19:26,163.291,703710,SHK0000001,1629,1627,789,4095,4095,4095,0,0,0,0,0,1,0
25/08/25 13:19:27,164.279,703710,SHK0000001,1628,1630,790,4095,4095,4095,0,0,0,0,0,1,0
25/08/25 13:19:28,165.287,703710,SHK0000001,1631,1626,791,4095,4095,4095,0,0,0,0,0,1,0
25/08/25 13:19:29,166.283,703710,SHK0000001,1633,1631,789,4095,4095,4095,0,0,0,0,0,1,0
25/08/25 13:19:30,167.289,703710,SHK0000001,1630,1634,792,4095,4095,4095,0,0,0,0,0,1,0
25/08/25 13:19:31,168.284,703710,SHK0000001,1635,1638,791,4095,4095,4095,0,0,0,0,0,1,0
25/08/25 13:19:32,169.292,703710,SHK0000001,1634,1628,790,4095,4095,4095,0,0,0,0,0,1,0
25/08/25 13:19:33,170.289,703710,SHK0000001,1638,1629,792,4095,4095,4095,0,0,0,0,0,1,0
25/08/25 13:19:34,171.296,703710,SHK0000001,1633,1629,792,4095,4095,4095,0,0,0,0,0,1,0
25/08/25 13:19:35,172.283,703710,SHK0000001,1634,1632,790,4095,4095,4095,0,0,0,0,0,1,0
25/08/25 13:19:36,173.296,703710,SHK0000001,1630,1635,792,4095,4095,4095,0,0,0,0,0,1,0
25/08/25 13:19:37,174.289,703710,SHK0000001,1636,1631,791,4095,4095,4095,0,0,0,0,0,1,0
25/08/25 13:19:38,175.289,703710,SHK0000001,1635,1637,791,4095,4095,4095,0,0,0,0,0,1,0
25/08/25 13:19:39,176.283,703710,SHK0000001,1641,1638,792,4095,4095,4095,0,0,0,0,0,1,0
25/08/25 13:19:40,177.294,703710,SHK0000001,1638,1637,791,4095,4095,4095,0,0,0,0,0,1,0
25/08/25 13:19:41,178.282,703710,SHK0000001,1633,1637,792,4095,4095,4095,0,0,0,0,0,1,0
25/08/25 13:19:42,179.287,703710,SHK0000001,1634,1633,793,4095,4095,4095,0,0,0,0,0,1,0
25/08/25 13:19:43,180.282,703710,SHK0000001,1631,1638,791,4095,4095,4095,0,0,0,0,0,1,0
25/08/25 13:19:44,181.297,703710,SHK0000001,1639,1638,793,4095,4095,4095,0,0,0,0,0,1,0
25/08/25 13:19:45,182.28,703710,SHK0000001,1644,1640,793,4095,4095,4095,0,0,0,0,0,1,0
25/08/25 13:19:46,183.291,703710,SHK0000001,1633,1636,791,4095,4095,4095,0,0,0,0,0,1,0
25/08/25 13:19:47,184.28,703710,SHK0000001,1641,1637,794,4095,4095,4095,0,0,0,0,0,1,0
25/08/25 13:19:48,185.295,703710,SHK0000001,1630,1635,793,4095,4095,4095,0,0,0,0,0,1,0
25/08/25 13:19:49,186.281,703710,SHK0000001,1645,1634,792,4095,4095,4095,0,0,0,0,0,1,0
25/08/25 13:19:50,187.293,703710,SHK0000001,1635,1640,794,4095,4095,4095,0,0,0,0,0,1,0
25/08/25 13:19:51,188.287,703710,SHK0000001,1639,1640,792,4095,4095,4095,0,0,0,0,0,1,0
25/08/25 13:19:52,189.289,703710,SHK0000001,1639,1639,792,4095,4095,4095,0,0,0,0,0,1,0
25/08/25 13:19:53,190.281,703710,SHK0000001,1640,1635,794,4095,4095,4095,0,0,0,0,0,1,0
25/08/25 13:19:54,191.292,703710,SHK0000001,1637,1635,792,4095,4095,4095,0,0,0,0,0,1,0
25/08/25 13:19:55,192.286,703710,SHK0000001,1641,1638,792,4095,4095,4095,0,0,0,0,0,1,0
25/08/25 13:19:56,193.293,703710,SHK0000001,1642,1636,794,4095,4095,4095,0,0,0,0,0,1,0
25/08/25 13:19:57,194.286,703710,SHK0000001,1638,1639,792,4095,4095,4095,0,0,0,0,0,1,0
25/08/25 13:19:58,195.288,703710,SHK0000001,1642,1646,793,4095,4095,4095,0,0,0,0,0,1,0
25/08/25 13:19:59,196.286,703710,SHK0000001,1648,1638,794,4095,4095,4095,0,0,0,0,0,1,0
25/08/25 13:20:00,197.292,703710,SHK0000001,1643,1636,793,4095,4095,4095,0,0,0,0,0,1,0
25/08/25 13:20:01,198.285,703710,SHK0000001,1637,1644,794,4095,4095,4095,0,0,0,0,0,1,0
25/08/25 13:20:02,199.291,703710,SHK0000001,1636,1632,794,4095,4095,4095,0,0,0,0,0,1,0
25/08/25 13:20:03,200.284,703710,SHK0000001,1643,1637,793,4095,4095,4095,0,0,0,0,0,1,0
25/08/25 13:20:04,201.289,703710,SHK0000001,1641,1644,795,4095,4095,4095,0,0,0,0,0,1,0
25/08/25 13:20:05,202.287,703710,SHK0000001,1643,1643,794,4095,4095,4095,0,0,0,0,0,1,0
25/08/25 13:20:06,203.295,703710,SHK0000001,1639,1642,793,4095,4095,4095,0,0,0,0,0,1,0
25/08/25 13:20:07,204.28,703710,SHK0000001,1640,1643,795,4095,4095,4095,0,0,0,0,0,1,0
25/08/25 13:20:08,205.297,703710,SHK0000001,1641,1641,794,4095,4095,4095,0,0,0,0,0,1,0
25/08/25 13:20:09,206.282,703710,SHK0000001,1646,1651,795,4095,4095,4095,0,0,0,0,0,1,0
25/08/25 13:20:10,207.294,703710,SHK0000001,1637,1648,795,4095,4095,4095,0,0,0,0,0,1,0
25/08/25 13:20:11,208.282,703710,SHK0000001,1645,1643,794,4095,4095,4095,0,0,0,0,0,1,0
25/08/25 13:20:12,209.289,703710,SHK0000001,1647,1641,794,4095,4095,4095,0,0,0,0,0,1,0
25/08/25 13:20:13,210.286,703710,SHK0000001,1641,1646,795,4095,4095,4095,0,0,0,0,0,1,0
25/08/25 13:20:14,211.29,703710,SHK0000001,1650,1643,794,4095,4095,4095,0,0,0,0,0,1,0
25/08/25 13:20:15,212.281,703710,SHK0000001,1637,1641,795,4095,4095,4095,0,0,0,0,0,1,0
25/08/25 13:20:16,213.293,703710,SHK0000001,1642,1651,796,4095,4095,4095,0,0,0,0,0,1,0
25/08/25 13:20:17,214.287,703710,SHK0000001,1640,1641,794,4095,4095,4095,0,0,0,0,0,1,0
25/08/25 13:20:18,215.293,703710,SHK0000001,1646,1641,797,4095,4095,4095,0,0,0,0,0,1,0
25/08/25 13:20:19,216.281,703710,SHK0000001,1650,1652,796,4095,4095,4095,0,0,0,0,0,1,0
25/08/25 13:20:20,217.29,703710,SHK0000001,1641,1650,794,4095,4095,4095,0,0,0,0,0,1,0
25/08/25 13:20:21,218.283,703710,SHK0000001,1644,1649,797,4095,4095,4095,0,0,0,0,0,1,0
25/08/25 13:20:22,219.29,703710,SHK0000001,1650,1644,796,4095,4095,4095,0,0,0,0,0,1,0
25/08/25 13:20:23,220.284,703710,SHK0000001,1649,1646,795,4095,4095,4095,0,0,0,0,0,1,0
25/08/25 13:20:24,221.288,703710,SHK0000001,1645,1643,797,4095,4095,4095,0,0,0,0,0,1,0
25/08/25 13:20:25,222.288,703710,SHK0000001,1648,1649,795,4095,4095,4095,0,0,0,0,0,1,0
25/08/25 13:20:26,223.289,703710,SHK0000001,1650,1657,795,4095,4095,4095,0,0,0,0,0,1,0
25/08/25 13:20:27,224.285,703710,SHK0000001,1658,1642,797,4095,4095,4095,0,0,0,0,0,1,0
25/08/25 13:20:28,225.294,703710,SHK0000001,1650,1652,796,4095,4095,4095,0,0,0,0,0,1,0
25/08/25 13:20:29,226.286,703710,SHK0000001,1641,1646,797,4095,4095,4095,0,0,0,0,0,1,0
25/08/25 13:20:30,227.293,703710,SHK0000001,1648,1652,797,4095,4095,4095,0,0,0,0,0,1,0
25/08/25 13:20:31,228.285,703710,SHK0000001,1656,1643,795,4095,4095,4095,0,0,0,0,0,1,0
25/08/25 13:20:32,229.291,703710,SHK0000001,1646,1642,798,4095,4095,4095,0,0,0,0,0,1,0
25/08/25 13:20:33,230.288,703710,SHK0000001,1642,1642,796,4095,4095,4095,0,0,0,0,0,1,0
25/08/25 13:20:34,231.29,703710,SHK0000001,1644,1647,796,4095,4095,4095,0,0,0,0,0,1,0
25/08/25 13:20:35,232.28,703710,SHK0000001,1652,1657,798,4095,4095,4095,0,0,0,0,0,1,0
25/08/25 13:20:36,233.29,703710,SHK0000001,1647,1645,797,4095,4095,4095,0,0,0,0,0,1,0
25/08/25 13:20:37,234.289,703710,SHK0000001,1648,1650,796,4095,4095,4095,0,0,0,0,0,1,0
25/08/25 13:20:38,235.293,703710,SHK0000001,1649,1653,798,4095,4095,4095,0,0,0,0,0,1,0
25/08/25 13:20:39,236.285,703710,SHK0000001,1652,1651,796,4095,4095,4095,0,0,0,0,0,1,0
25/08/25 13:20:40,237.289,703710,SHK0000001,1646,1650,798,4095,4095,4095,0,0,0,0,0,1,0
25/08/25 13:20:41,238.287,703710,SHK0000001,1653,1647,798,4095,4095,4095,0,0,0,0,0,1,0
25/08/25 13:20:42,239.293,703710,SHK0000001,1652,1646,796,4095,4095,4095,0,0,0,0,0,1,0
25/08/25 13:20:43,240.286,703710,SHK0000001,1651,1649,797,4095,4095,4095,0,0,0,0,0,1,0
25/08/25 13:20:44,241.289,703710,SHK0000001,1652,1659,798,4095,4095,4095,0,0,0,0,0,1,0
25/08/25 13:20:45,242.287,703710,SHK0000001,1647,1655,796,4095,4095,4095,0,0,0,0,0,1,0
25/08/25 13:20:46,243.294,703710,SHK0000001,1649,1650,798,4095,4095,4095,0,0,0,0,0,1,0
25/08/25 13:20:47,244.288,703710,SHK0000001,1654,1642,798,4095,4095,4095,0,0,0,0,0,1,0
25/08/25 13:20:48,245.293,703710,SHK0000001,1652,1653,797,4095,4095,4095,0,0,0,0,0,1,0
25/08/25 13:20:49,246.287,703710,SHK0000001,1657,1652,799,4095,4095,4095,0,0,0,0,0,1,0
25/08/25 13:20:50,247.288,703710,SHK0000001,1650,1654,798,4095,4095,4095,0,0,0,0,0,1,0
25/08/25 13:20:51,248.279,703710,SHK0000001,1657,1660,798,4095,4095,4095,0,0,0,0,0,1,0
25/08/25 13:20:52,249.289,703710,SHK0000001,1655,1657,800,4095,4095,4095,0,0,0,0,0,1,0
25/08/25 13:20:53,250.28,703710,SHK0000001,1653,1649,798,4095,4095,4095,0,0,0,0,0,1,0
25/08/25 13:20:54,251.294,703710,SHK0000001,1657,1650,798,4095,4095,4095,0,0,0,0,0,1,0
25/08/25 13:20:55,252.284,703710,SHK0000001,1650,1662,800,4095,4095,4095,0,0,0,0,0,1,0
25/08/25 13:20:56,253.295,703710,SHK0000001,1649,1654,798,4095,4095,4095,0,0,0,0,0,1,0
25/08/25 13:20:57,254.279,703710,SHK0000001,1653,1652,799,4095,4095,4095,0,0,0,0,0,1,0
25/08/25 13:20:58,255.291,703710,SHK0000001,1651,1654,800,4095,4095,4095,0,0,0,0,0,1,0
25/08/25 13:20:59,256.285,703710,SHK0000001,1655,1649,798,4095,4095,4095,0,0,0,0,0,1,0
25/08/25 13:21:00,257.287,703710,SHK0000001,1656,1657,800,4095,4095,4095,0,0,0,0,0,1,0
25/08/25 13:21:01,258.288,703710,SHK0000001,1653,1650,800,4095,4095,4095,0,0,0,0,0,0,0
25/08/25 13:21:02,259.29,703710,SHK0000001,1656,1652,799,4095,4095,4095,0,0,0,0,0,0,0
25/08/25 13:21:03,260.28,703710,SHK0000001,1661,1649,801,4095,4095,4095,0,0,0,0,0,0,0
25/08/25 13:21:04,261.29,703710,SHK0000001,1660,1653,799,4095,4095,4095,0,0,0,0,0,0,0
25/08/25 13:21:05,262.282,703710,SHK0000001,1653,1661,799,4095,4095,4095,0,0,0,0,0,0,0
25/08/25 13:21:06,263.294,703710,SHK0000001,1662,1656,800,4095,4095,4095,0,0,0,0,0,0,0
25/08/25 13:21:07,264.287,703710,SHK0000001,1654,1660,799,4095,4095,4095,0,0,0,0,0,0,0
25/08/25 13:21:08,265.287,703710,SHK0000001,1653,1657,800,4095,4095,4095,0,0,0,0,0,0,0
25/08/25 13:21:09,266.285,703710,SHK0000001,1663,1662,801,4095,4095,4095,0,0,0,0,0,0,0
25/08/25 13:21:10,267.29,703710,SHK0000001,1668,1666,800,4095,4095,4095,0,0,0,0,0,0,0
25/08/25 13:21:11,268.282,703710,SHK0000001,1657,1663,801,4095,4095,4095,0,0,0,0,0,0,0
25/08/25 13:21:12,269.292,703710,SHK0000001,1652,1656,802,4095,4095,4095,0,0,0,0,0,0,0
25/08/25 13:21:13,270.285,703710,SHK0000001,1660,1665,800,4095,4095,4095,0,0,0,0,0,0,0
25/08/25 13:21:14,271.29,703710,SHK0000001,1659,1662,801,4095,4095,4095,0,0,0,0,0,0,0
25/08/25 13:21:15,272.279,703710,SHK0000001,1666,1647,801,4095,4095,4095,0,0,0,0,0,0,0
25/08/25 13:21:16,273.289,703710,SHK0000001,1668,1668,800,4095,4095,4095,0,0,0,0,0,0,0
25/08/25 13:21:17,274.28,703710,SHK0000001,1662,1667,801,4095,4095,4095,0,0,0,0,0,0,0
25/08/25 13:21:18,275.288,703710,SHK0000001,1681,1701,801,4095,4095,4095,0,0,0,0,0,0,0
25/08/25 13:21:19,276.288,703710,SHK0000001,1662,1661,801,4095,4095,4095,0,0,0,0,0,0,0
25/08/25 13:21:20,277.295,703710,SHK0000001,1667,1644,803,4095,4095,4095,0,0,0,0,0,0,0
25/08/25 13:21:21,278.281,703710,SHK0000001,1642,1593,801,4095,4095,4095,0,0,0,0,0,0,0
25/08/25 13:21:22,279.293,703710,SHK0000001,1657,1661,801,4095,4095,4095,0,0,0,0,0,0,0
25/08/25 13:21:23,280.287,703710,SHK0000001,2052,2054,802,4095,4095,4095,0,0,0,0,0,0,0
25/08/25 13:21:24,281.29,703710,SHK0000001,1675,1755,801,4095,4095,4095,0,0,0,0,0,0,0
25/08/25 13:21:25,282.285,703710,SHK0000001,2073,2076,801,4095,4095,4095,0,0,0,0,0,0,0
25/08/25 13:21:26,283.287,703710,SHK0000001,2072,2078,803,4095,4095,4095,0,0,0,0,0,0,0
25/08/25 13:21:27,284.284,703710,SHK0000001,2080,2076,801,4095,4095,4095,0,0,0,0,0,0,0
25/08/25 13:21:28,285.296,703710,SHK0000001,2075,2077,802,4095,4095,4095,0,0,0,0,0,0,0
25/08/25 13:21:29,286.286,703710,SHK0000001,2072,2083,802,4095,4095,4095,0,0,0,0,0,0,0
25/08/25 13:21:30,287.287,703710,SHK0000001,2076,2084,801,4095,4095,4095,0,0,0,0,0,0,0
25/08/25 13:21:31,288.289,703710,SHK0000001,2082,2080,802,4095,4095,4095,0,0,0,0,0,0,0
25/08/25 13:21:32,289.296,703710,SHK0000001,2084,2078,802,4095,4095,4095,0,0,0,0,0,0,0
25/08/25 13:21:33,290.28,703710,SHK0000001,2082,2079,802,4095,4095,4095,0,0,0,0,0,0,0
25/08/25 13:21:34,291.294,703710,SHK0000001,2082,2089,805,4095,4095,4095,0,0,0,0,0,0,0
25/08/25 13:21:35,292.278,703710,SHK0000001,2084,2084,803,4095,4095,4095,0,0,0,0,0,0,0
25/08/25 13:21:36,293.287,703710,SHK0000001,2094,2094,803,4095,4095,4095,0,0,0,0,0,0,0
25/08/25 13:21:37,294.284,703710,SHK0000001,1935,2032,804,4095,4095,4095,0,0,0,0,0,0,0
25/08/25 13:21:38,295.29,703710,SHK0000001,1793,1954,803,4095,4095,4095,0,0,0,0,0,0,0
25/08/25 13:21:39,296.287,703710,SHK0000001,2100,2102,803,4095,4095,4095,0,0,0,0,0,0,0
25/08/25 13:21:40,297.292,703710,SHK0000001,2109,2108,805,4095,4095,4095,0,0,0,0,0,0,0
25/08/25 13:21:41,298.279,703710,SHK0000001,2115,2105,802,4095,4095,4095,0,0,0,0,0,0,0
25/08/25 13:21:42,299.289,703710,SHK0000001,2112,2115,802,4095,4095,4095,0,0,0,0,0,0,0
25/08/25 13:21:43,300.279,703710,SHK0000001,2112,2108,802,4095,4095,4095,0,0,0,0,0,0,0
25/08/25 13:21:44,301.293,703710,SHK0000001,2102,2084,801,4095,4095,4095,0,0,0,0,0,0,0
25/08/25 13:21:45,302.287,703710,SHK0000001,2105,2108,803,4095,4095,4095,0,0,0,0,0,0,0
25/08/25 13:21:46,303.287,703710,SHK0000001,2105,2112,804,4095,4095,4095,0,0,0,0,0,0,0
25/08/25 13:21:47,304.289,703710,SHK0000001,2109,2102,802,4095,4095,4095,0,0,0,0,0,0,0
25/08/25 13:21:48,305.293,703710,SHK0000001,2104,2105,804,4095,4095,4095,0,0,0,0,0,0,0
25/08/25 13:21:49,306.279,703710,SHK0000001,2114,2111,804,4095,4095,4095,0,0,0,0,0,0,0
25/08/25 13:21:50,307.293,703710,SHK0000001,2105,2108,803,4095,4095,4095,0,0,0,0,0,0,0
25/08/25 13:21:51,308.287,703710,SHK0000001,2110,2111,805,4095,4095,4095,0,0,0,0,0,0,0
25/08/25 13:21:52,309.287,703710,SHK0000001,2109,2105,804,4095,4095,4095,0,0,0,0,0,0,0
25/08/25 13:21:53,310.282,703710,SHK0000001,2107,2106,804,4095,4095,4095,0,0,0,0,0,0,0
25/08/25 13:21:54,311.295,703710,SHK0000001,2103,2106,806,4095,4095,4095,0,0,0,0,0,0,0
25/08/25 13:21:55,312.288,703710,SHK0000001,2112,2110,804,4095,4095,4095,0,0,0,0,0,0,0
25/08/25 13:21:56,313.293,703710,SHK0000001,2114,2113,804,4095,4095,4095,0,0,0,0,0,0,0
25/08/25 13:21:57,314.287,703710,SHK0000001,2113,2100,805,4095,4095,4095,0,0,0,0,0,0,0
25/08/25 13:21:58,315.287,703710,SHK0000001,2105,2102,803,4095,4095,4095,0,0,0,0,0,0,0
25/08/25 13:21:59,316.281,703710,SHK0000001,2107,2100,804,4095,4095,4095,0,0,0,0,0,0,0
25/08/25 13:22:00,317.288,703710,SHK0000001,2109,2103,804,4095,4095,4095,0,0,0,0,0,0,0
25/08/25 13:22:01,318.279,703710,SHK0000001,2106,2110,802,4095,4095,4095,0,0,0,0,0,0,0
25/08/25 13:22:02,319.29,703710,SHK0000001,2107,2110,804,4095,4095,4095,0,0,0,0,0,0,0
25/08/25 13:22:03,320.283,703710,SHK0000001,2109,2115,803,4095,4095,4095,0,0,0,0,0,0,0
25/08/25 13:22:04,321.288,703710,SHK0000001,2108,2107,802,4095,4095,4095,0,0,0,0,0,0,0
25/08/25 13:22:05,322.287,703710,SHK0000001,2108,2104,804,4095,4095,4095,0,0,0,0,0,0,0
25/08/25 13:22:06,323.293,703710,SHK0000001,2109,2108,802,4095,4095,4095,0,0,0,0,0,0,0
25/08/25 13:22:07,324.284,703710,SHK0000001,2112,2109,801,4095,4095,4095,0,0,0,0,0,0,0
25/08/25 13:22:08,325.291,703710,SHK0000001,2102,2110,803,4095,4095,4095,0,0,0,0,0,0,0
25/08/25 13:22:09,326.285,703710,SHK0000001,2109,2110,802,4095,4095,4095,0,0,0,0,0,0,0
25/08/25 13:22:10,327.295,703710,SHK0000001,2109,2106,802,4095,4095,4095,0,0,0,0,0,0,0
25/08/25 13:22:11,328.28,703710,SHK0000001,2113,2113,803,4095,4095,4095,0,0,0,0,0,0,0
25/08/25 13:22:12,329.292,703710,SHK0000001,2098,2104,801,4095,4095,4095,0,0,0,0,0,0,0
25/08/25 13:22:13,330.289,703710,SHK0000001,2096,2104,802,4095,4095,4095,0,0,0,0,0,0,0
25/08/25 13:22:14,331.287,703710,SHK0000001,2101,2085,801,4095,4095,4095,0,0,0,0,0,0,0
25/08/25 13:22:15,332.288,703710,SHK0000001,2092,2080,801,4095,4095,4095,0,0,0,0,0,0,0
25/08/25 13:22:16,333.288,703710,SHK0000001,2106,2103,801,4095,4095,4095,0,0,0,0,0,0,0
25/08/25 13:22:17,334.286,703710,SHK0000001,2107,2111,799,4095,4095,4095,0,0,0,0,0,0,0
25/08/25 13:22:18,335.297,703710,SHK0000001,2114,2109,797,4095,4095,4095,0,0,0,0,0,0,0
25/08/25 13:22:19,336.287,703710,SHK0000001,2099,2107,800,4095,4095,4095,0,0,0,0,0,0,0
25/08/25 13:22:20,337.292,703710,SHK0000001,2100,2097,799,4095,4095,4095,0,0,0,0,0,0,0
25/08/25 13:22:21,338.28,703710,SHK0000001,2109,2103,798,4095,4095,4095,0,0,0,0,0,0,0
25/08/25 13:22:22,339.286,703710,SHK0000001,2101,2098,799,4095,4095,4095,0,0,0,0,0,0,0
25/08/25 13:22:23,340.285,703710,SHK0000001,2109,2111,797,4095,4095,4095,0,0,0,0,0,0,0
25/08/25 13:22:24,341.294,703710,SHK0000001,2107,2104,797,4095,4095,4095,0,0,0,0,0,0,0
25/08/25 13:22:25,342.284,703710,SHK0000001,2112,2103,799,4095,4095,4095,0,0,0,0,0,0,0
25/08/25 13:22:26,343.289,703710,SHK0000001,2107,2106,798,4095,4095,4095,0,0,0,0,0,0,0
25/08/25 13:22:27,344.288,703710,SHK0000001,2105,2111,797,4095,4095,4095,0,0,0,0,0,0,0
25/08/25 13:22:28,345.292,703710,SHK0000001,2120,2109,797,4095,4095,4095,0,0,0,0,0,0,0
25/08/25 13:22:29,346.288,703710,SHK0000001,2106,2110,797,4095,4095,4095,0,0,0,0,0,0,0
25/08/25 13:22:30,347.288,703710,SHK0000001,2106,2109,798,4095,4095,4095,0,0,0,0,0,0,0
25/08/25 13:22:31,348.279,703710,SHK0000001,2111,2105,799,4095,4095,4095,0,0,0,0,0,0,0
25/08/25 13:22:32,349.292,703710,SHK0000001,2107,2110,796,4095,4095,4095,0,0,0,0,0,0,0
25/08/25 13:22:33,350.284,703710,SHK0000001,2102,2107,798,4095,4095,4095,0,0,0,0,0,0,0
25/08/25 13:22:34,351.292,703710,SHK0000001,2113,2113,797,4095,4095,4095,0,0,0,0,0,0,0
25/08/25 13:22:35,352.283,703710,SHK0000001,2106,2105,796,4095,4095,4095,0,0,0,0,0,0,0
25/08/25 13:22:36,353.294,703710,SHK0000001,2102,2102,798,4095,4095,4095,0,0,0,0,0,0,0
25/08/25 13:22:37,354.287,703710,SHK0000001,2098,2096,797,4095,4095,4095,0,0,0,0,0,0,0
25/08/25 13:22:38,355.295,703710,SHK0000001,2112,2107,797,4095,4095,4095,0,0,0,0,0,0,0
25/08/25 13:22:39,356.281,703710,SHK0000001,2106,2114,798,4095,4095,4095,0,0,0,0,0,0,0
25/08/25 13:22:40,357.293,703710,SHK0000001,2112,2112,797,4095,4095,4095,0,0,0,0,0,0,0
25/08/25 13:22:41,358.28,703710,SHK0000001,2108,2101,797,4095,4095,4095,0,0,0,0,0,0,0
25/08/25 13:22:42,359.29,703710,SHK0000001,2104,2102,797,4095,4095,4095,0,0,0,0,0,0,0
25/08/25 13:22:43,360.282,703710,SHK0000001,2116,2107,796,4095,4095,4095,0,0,0,0,0,0,0
25/08/25 13:22:44,361.289,703710,SHK0000001,2108,2104,797,4095,4095,4095,0,0,0,0,0,0,0
25/08/25 13:22:45,362.282,703710,SHK0000001,2101,2106,797,4095,4095,4095,0,0,0,0,0,0,0
25/08/25 13:22:46,363.292,703710,SHK0000001,2106,2108,795,4095,4095,4095,0,0,0,0,0,0,0
25/08/25 13:22:47,364.282,703710,SHK0000001,2112,2102,797,4095,4095,4095,0,0,0,0,0,0,0
25/08/25 13:22:48,365.289,703710,SHK0000001,2107,2109,796,4095,4095,4095,0,0,0,0,0,0,0
25/08/25 13:22:49,366.281,703710,SHK0000001,2106,2115,794,4095,4095,4095,0,0,0,0,0,0,0
25/08/25 13:22:50,367.289,703710,SHK0000001,2112,2108,795,4095,4095,4095,0,0,0,0,0,0,0
25/08/25 13:22:51,368.279,703710,SHK0000001,2106,2108,794,4095,4095,4095,0,0,0,0,0,0,0
25/08/25 13:22:52,369.289,703710,SHK0000001,2102,2105,794,4095,4095,4095,0,0,0,0,0,0,0
25/08/25 13:22:53,370.288,703710,SHK0000001,2108,2109,796,4095,4095,4095,0,0,0,0,0,0,0
25/08/25 13:22:54,371.289,703710,SHK0000001,2110,2096,793,4095,4095,4095,0,0,0,0,0,0,0
25/08/25 13:22:55,372.279,703710,SHK0000001,2108,2105,793,4095,4095,4095,0,0,0,0,0,0,0
25/08/25 13:22:56,373.291,703710,SHK0000001,2109,2107,795,4095,4095,4095,0,0,0,0,0,0,0
25/08/25 13:22:57,374.286,703710,SHK0000001,2104,2101,792,4095,4095,4095,0,0,0,0,0,0,0
25/08/25 13:22:58,375.295,703710,SHK0000001,2108,2106,795,4095,4095,4095,0,0,0,0,0,0,0
25/08/25 13:22:59,376.287,703710,SHK0000001,2105,2098,795,4095,4095,4095,0,0,0,0,0,0,0
25/08/25 13:23:00,377.295,703710,SHK0000001,2105,2093,793,4095,4095,4095,0,0,0,0,0,0,0
25/08/25 13:23:01,378.282,703710,SHK0000001,2108,2108,794,4095,4095,4095,0,0,0,0,0,0,0
25/08/25 13:23:02,379.293,703710,SHK0000001,2107,2108,794,4095,4095,4095,0,0,0,0,0,0,0
25/08/25 13:23:03,380.288,703710,SHK0000001,2106,2110,793,4095,4095,4095,0,0,0,0,0,0,0
25/08/25 13:23:04,381.295,703710,SHK0000001,2108,2111,794,4095,4095,4095,0,0,0,0,0,0,0
25/08/25 13:23:05,382.282,703710,SHK0000001,2111,2108,792,4095,4095,4095,0,0,0,0,0,0,0
25/08/25 13:23:06,383.287,703710,SHK0000001,2104,2097,791,4095,4095,4095,0,0,0,0,0,0,0
25/08/25 13:23:07,384.287,703710,SHK0000001,2110,2104,792,4095,4095,4095,0,0,0,0,0,0,0
25/08/25 13:23:08,385.292,703710,SHK0000001,2107,2109,790,4095,4095,4095,0,0,0,0,0,0,0
25/08/25 13:23:09,386.283,703710,SHK0000001,2103,2114,790,4095,4095,4095,0,0,0,0,0,0,0
25/08/25 13:23:10,387.287,703710,SHK0000001,2106,2101,791,4095,4095,4095,0,0,0,0,0,0,0
25/08/25 13:23:11,388.286,703710,SHK0000001,2104,2108,789,4095,4095,4095,0,0,0,0,0,0,0
25/08/25 13:23:12,389.293,703710,SHK0000001,2105,2114,790,4095,4095,4095,0,0,0,0,0,0,0
25/08/25 13:23:13,390.281,703710,SHK0000001,2111,2110,790,4095,4095,4095,0,0,0,0,0,0,0
25/08/25 13:23:14,391.29,703710,SHK0000001,2104,2105,787,4095,4095,4095,0,0,0,0,0,0,0
25/08/25 13:23:15,392.286,703710,SHK0000001,2106,2106,788,4095,4095,4095,0,0,0,0,0,0,0
25/08/25 13:23:16,393.29,703710,SHK0000001,2108,2103,790,4095,4095,4095,0,0,0,0,0,0,0
25/08/25 13:23:17,394.281,703710,SHK0000001,2109,2101,788,4095,4095,4095,0,0,0,0,0,0,0
25/08/25 13:23:18,395.295,703710,SHK0000001,2102,2104,791,4095,4095,4095,0,0,0,0,0,0,0
25/08/25 13:23:19,396.282,703710,SHK0000001,2110,2109,790,4095,4095,4095,0,0,0,0,0,0,0
25/08/25 13:23:20,397.295,703710,SHK0000001,2108,2107,789,4095,4095,4095,0,0,0,0,0,0,0
25/08/25 13:23:21,398.288,703710,SHK0000001,2103,2107,791,4095,4095,4095,0,0,0,0,0,0,0
25/08/25 13:23:22,399.286,703710,SHK0000001,2111,2102,790,4095,4095,4095,0,0,0,0,0,0,0
25/08/25 13:23:23,400.285,703710,SHK0000001,2105,2109,790,4095,4095,4095,0,0,0,0,0,0,0
25/08/25 13:23:24,401.294,703710,SHK0000001,2104,2104,791,4095,4095,4095,0,0,0,0,0,0,0
25/08/25 13:23:25,402.279,703710,SHK0000001,2106,2107,790,4095,4095,4095,0,0,0,0,0,0,0
25/08/25 13:23:26,403.286,703710,SHK0000001,2106,2108,790,4095,4095,4095,0,0,0,0,0,0,0
25/08/25 13:23:27,404.28,703710,SHK0000001,2106,2106,790,4095,4095,4095,0,0,0,0,0,0,0
25/08/25 13:23:28,405.287,703710,SHK0000001,2106,2102,790,4095,4095,4095,0,0,0,0,0,0,0
25/08/25 13:23:29,406.281,703710,SHK0000001,2104,2103,790,4095,4095,4095,0,0,0,0,0,0,0
25/08/25 13:23:30,407.292,703710,SHK0000001,2106,2120,791,4095,4095,4095,0,0,0,0,0,0,0
25/08/25 13:23:31,408.281,703710,SHK0000001,2141,2147,790,4095,4095,4095,0,0,0,0,0,0,0
25/08/25 13:23:32,409.29,703710,SHK0000001,2144,2143,792,4095,4095,4095,0,0,0,0,0,0,0
25/08/25 13:23:33,410.279,703710,SHK0000001,2145,2143,791,4095,4095,4095,0,0,0,0,0,0,0
25/08/25 13:23:34,411.296,703710,SHK0000001,2148,2146,790,4095,4095,4095,0,0,0,0,0,0,0
25/08/25 13:23:35,412.286,703710,SHK0000001,2144,2144,791,4095,4095,4095,0,0,0,0,0,0,0
25/08/25 13:23:36,413.287,703710,SHK0000001,2143,2144,791,4095,4095,4095,0,0,0,0,0,0,0
25/08/25 13:23:37,414.283,703710,SHK0000001,2146,2146,790,4095,4095,4095,0,0,0,0,0,0,0
25/08/25 13:23:38,415.292,703710,SHK0000001,2143,2142,792,4095,4095,4095,0,0,0,0,0,0,0
25/08/25 13:23:39,416.288,703710,SHK0000001,2141,2145,791,4095,4095,4095,0,0,0,0,0,0,0
25/08/25 13:23:40,417.294,703710,SHK0000001,2139,2143,790,4095,4095,4095,0,0,0,0,0,0,0
25/08/25 13:23:41,418.287,703710,SHK0000001,2140,2144,792,4095,4095,4095,0,0,0,0,0,0,0
25/08/25 13:23:42,419.286,703710,SHK0000001,2146,2142,790,4095,4095,4095,0,0,0,0,0,0,0
25/08/25 13:23:43,420.28,703710,SHK0000001,2147,2146,791,4095,4095,4095,0,0,0,0,0,0,0
25/08/25 13:23:44,421.288,703710,SHK0000001,2143,2139,792,4095,4095,4095,0,0,0,0,0,0,0
25/08/25 13:23:45,422.286,703710,SHK0000001,2146,2147,791,4095,4095,4095,0,0,0,0,0,0,0
25/08/25 13:23:46,423.296,703710,SHK0000001,2138,2146,791,4095,4095,4095,0,0,0,0,0,0,0
25/08/25 13:23:47,424.284,703710,SHK0000001,2141,2144,791,4095,4095,4095,0,0,0,0,0,0,0
25/08/25 13:23:48,425.295,703710,SHK0000001,2144,2144,790,4095,4095,4095,0,0,0,0,0,0,0
25/08/25 13:23:49,426.284,703710,SHK0000001,2143,2141,791,4095,4095,4095,0,0,0,0,0,0,0
25/08/25 13:23:50,427.294,703710,SHK0000001,2138,2137,792,4095,4095,4095,0,0,0,0,0,0,0
25/08/25 13:23:51,428.283,703710,SHK0000001,2143,2136,790,4095,4095,4095,0,0,0,0,0,0,0
25/08/25 13:23:52,429.293,703710,SHK0000001,2129,2037,793,4095,4095,4095,0,0,0,0,0,0,0
25/08/25 13:23:53,430.281,703710,SHK0000001,2027,1940,791,4095,4095,4095,0,0,0,0,0,0,0
25/08/25 13:23:54,431.288,703710,SHK0000001,1936,1934,790,4095,4095,4095,0,0,0,0,0,0,0
25/08/25 13:23:55,432.285,703710,SHK0000001,1931,1930,792,4095,4095,4095,0,0,0,0,0,0,0
25/08/25 13:23:56,433.289,703710,SHK0000001,1924,1929,791,4095,4095,4095,0,0,0,0,0,0,0
25/08/25 13:23:57,434.279,703710,SHK0000001,1932,1934,790,4095,4095,4095,0,0,0,0,0,0,0
25/08/25 13:23:58,435.294,703710,SHK0000001,1935,1934,792,4095,4095,4095,0,0,0,0,0,0,0
25/08/25 13:23:59,436.283,703710,SHK0000001,1971,1972,790,4095,4095,4095,0,0,0,0,0,0,0
25/08/25 13:24:00,437.289,703710,SHK0000001,1952,1927,791,4095,4095,4095,0,0,0,0,0,0,0
25/08/25 13:24:01,438.284,703710,SHK0000001,1932,1931,792,4095,4095,4095,0,0,0,0,0,0,0
25/08/25 13:24:02,439.288,703710,SHK0000001,1933,1927,791,4095,4095,4095,0,0,0,0,0,0,0
25/08/25 13:24:03,440.285,703710,SHK0000001,1930,1928,792,4095,4095,4095,0,0,0,0,0,0,0
25/08/25 13:24:04,441.289,703710,SHK0000001,1929,1941,792,4095,4095,4095,0,0,0,0,0,0,0
25/08/25 13:24:05,442.282,703710,SHK0000001,1933,1930,791,4095,4095,4095,0,0,0,0,0,0,0
25/08/25 13:24:06,443.292,703710,SHK0000001,1935,1933,792,4095,4095,4095,0,0,0,0,0,0,0
25/08/25 13:24:07,444.282,703710,SHK0000001,1935,1930,792,4095,4095,4095,0,0,0,0,0,0,0
25/08/25 13:24:08,445.287,703710,SHK0000001,1928,1931,791,4095,4095,4095,0,0,0,0,0,0,0
25/08/25 13:24:09,446.279,703710,SHK0000001,1928,1930,792,4095,4095,4095,0,0,0,0,0,0,0
25/08/25 13:24:10,447.296,703710,SHK0000001,1939,1927,791,4095,4095,4095,0,0,0,0,0,0,0
25/08/25 13:24:11,448.285,703710,SHK0000001,1936,1944,790,4095,4095,4095,0,0,0,0,0,0,0
25/08/25 13:24:12,449.296,703710,SHK0000001,1936,1935,792,4095,4095,4095,0,0,0,0,0,0,0
25/08/25 13:24:13,450.279,703710,SHK0000001,1940,1936,791,4095,4095,4095,0,0,0,0,0,0,0
25/08/25 13:24:14,451.295,703710,SHK0000001,1937,1937,791,4095,4095,4095,0,0,0,0,0,0,0
25/08/25 13:24:15,452.279,703710,SHK0000001,1932,1935,792,4095,4095,4095,0,0,0,0,0,0,0
25/08/25 13:24:16,453.287,703710,SHK0000001,1931,1933,791,4095,4095,4095,0,0,0,0,0,0,0
25/08/25 13:24:17,454.287,703710,SHK0000001,1933,1928,792,4095,4095,4095,0,0,0,0,0,0,0
25/08/25 13:24:18,455.294,703710,SHK0000001,1924,1938,792,4095,4095,4095,0,0,0,0,0,0,0
25/08/25 13:24:19,456.28,703710,SHK0000001,1935,1937,790,4095,4095,4095,0,0,0,0,0,0,0
25/08/25 13:24:20,457.292,703710,SHK0000001,1937,1926,793,4095,4095,4095,0,0,0,0,0,0,0
25/08/25 13:24:21,458.279,703710,SHK0000001,1933,1929,791,4095,4095,4095,0,0,0,0,0,0,0
25/08/25 13:24:22,459.288,703710,SHK0000001,1933,1928,791,4095,4095,4095,0,0,0,0,0,0,0
25/08/25 13:24:23,460.287,703710,SHK0000001,1935,1927,793,4095,4095,4095,0,0,0,0,0,0,0
25/08/25 13:24:24,461.295,703710,SHK0000001,1930,1928,792,4095,4095,4095,0,0,0,0,0,0,0
25/08/25 13:24:25,462.284,703710,SHK0000001,1931,1930,791,4095,4095,4095,0,0,0,0,0,0,0
25/08/25 13:24:26,463.286,703710,SHK0000001,1931,1931,792,4095,4095,4095,0,0,0,0,0,0,0
25/08/25 13:24:27,464.285,703710,SHK0000001,1931,1930,791,4095,4095,4095,0,0,0,0,0,0,0
25/08/25 13:24:28,465.294,703710,SHK0000001,1928,1933,792,4095,4095,4095,0,0,0,0,0,1,0
25/08/25 13:24:29,466.28,703710,SHK0000001,1941,1934,793,4095,4095,4095,0,0,0,0,0,1,0
25/08/25 13:24:30,467.291,703710,SHK0000001,1928,1929,791,4095,4095,4095,0,0,0,0,0,1,0
25/08/25 13:24:31,468.286,703710,SHK0000001,1928,1936,792,4095,4095,4095,0,0,0,0,0,1,0
25/08/25 13:24:32,469.292,703710,SHK0000001,1929,1925,792,4095,4095,4095,0,0,0,0,0,1,0
25/08/25 13:24:33,470.287,703710,SHK0000001,1928,1935,790,4095,4095,4095,0,0,0,0,0,1,0
25/08/25 13:24:34,471.292,703710,SHK0000001,1929,1934,792,4095,4095,4095,0,0,0,0,0,1,0
25/08/25 13:24:35,472.282,703710,SHK0000001,1932,1935,792,4095,4095,4095,0,0,0,0,0,1,0
25/08/25 13:24:36,473.295,703710,SHK0000001,1926,1936,791,4095,4095,4095,0,0,0,0,0,1,0
25/08/25 13:24:37,474.284,703710,SHK0000001,1932,1929,792,4095,4095,4095,0,0,0,0,0,1,0
25/08/25 13:24:38,475.291,703710,SHK0000001,1935,1928,792,4095,4095,4095,0,0,0,0,0,1,0
25/08/25 13:24:39,476.284,703710,SHK0000001,1932,1928,791,4095,4095,4095,0,0,0,0,0,1,0
25/08/25 13:24:40,477.287,703710,SHK0000001,1929,1927,792,4095,4095,4095,0,0,0,0,0,1,0
25/08/25 13:24:41,478.281,703710,SHK0000001,1933,1929,792,4095,4095,4095,0,0,0,0,0,1,0
25/08/25 13:24:42,479.295,703710,SHK0000001,1935,1933,792,4095,4095,4095,0,0,0,0,0,1,0
25/08/25 13:24:43,480.28,703710,SHK0000001,1932,1932,793,4095,4095,4095,0,0,0,0,0,1,0
25/08/25 13:24:44,481.287,703710,SHK0000001,1932,1936,791,4095,4095,4095,0,0,0,0,0,1,0
25/08/25 13:24:45,482.278,703710,SHK0000001,1932,1931,793,4095,4095,4095,0,0,0,0,0,1,0
25/08/25 13:24:46,483.295,703710,SHK0000001,1935,1926,792,4095,4095,4095,0,0,0,0,0,1,0
25/08/25 13:24:47,484.282,703710,SHK0000001,1935,1936,791,4095,4095,4095,0,0,0,0,0,1,0
25/08/25 13:24:48,485.295,703710,SHK0000001,1931,1932,793,4095,4095,4095,0,0,0,0,0,1,0
25/08/25 13:24:49,486.281,703710,SHK0000001,1934,1935,793,4095,4095,4095,0,0,0,0,0,1,0
25/08/25 13:24:50,487.287,703710,SHK0000001,1935,1934,791,4095,4095,4095,0,0,0,0,0,1,0
25/08/25 13:24:51,488.284,703710,SHK0000001,1933,1930,793,4095,4095,4095,0,0,0,0,0,1,0
25/08/25 13:24:52,489.29,703710,SHK0000001,1932,1935,792,4095,4095,4095,0,0,0,0,0,1,0
25/08/25 13:24:53,490.283,703710,SHK0000001,1930,1927,791,4095,4095,4095,0,0,0,0,0,1,0
25/08/25 13:24:54,491.29,703710,SHK0000001,1933,1936,793,4095,4095,4095,0,0,0,0,0,1,0
25/08/25 13:24:55,492.287,703710,SHK0000001,1934,1936,791,4095,4095,4095,0,0,0,0,0,1,0
25/08/25 13:24:56,493.289,703710,SHK0000001,1930,1930,792,4095,4095,4095,0,0,0,0,0,1,0
25/08/25 13:24:57,494.287,703710,SHK0000001,1936,1929,793,4095,4095,4095,0,0,0,0,0,1,0
25/08/25 13:24:58,495.294,703710,SHK0000001,1935,1936,791,4095,4095,4095,0,0,0,0,0,1,0
25/08/25 13:24:59,496.281,703710,SHK0000001,1928,1928,792,4095,4095,4095,0,0,0,0,0,1,0
25/08/25 13:25:00,497.294,703710,SHK0000001,1933,1929,793,4095,4095,4095,0,0,0,0,0,1,0
25/08/25 13:25:01,498.279,703710,SHK0000001,1928,1934,791,4095,4095,4095,0,0,0,0,0,1,0
25/08/25 13:25:02,499.294,703710,SHK0000001,1930,1936,792,4095,4095,4095,0,0,0,0,0,1,0
25/08/25 13:25:03,500.284,703710,SHK0000001,1935,1935,793,4095,4095,4095,0,0,0,0,0,1,0
25/08/25 13:25:04,501.289,703710,SHK0000001,1928,1933,791,4095,4095,4095,0,0,0,0,0,1,0
25/08/25 13:25:05,502.286,703710,SHK0000001,1932,1934,793,4095,4095,4095,0,0,0,0,0,1,0
25/08/25 13:25:06,503.292,703710,SHK0000001,1936,1929,793,4095,4095,4095,0,0,0,0,0,1,0
25/08/25 13:25:07,504.288,703710,SHK0000001,1932,1931,792,4095,4095,4095,0,0,0,0,0,1,0
25/08/25 13:25:08,505.289,703710,SHK0000001,1930,1931,794,4095,4095,4095,0,0,0,0,0,1,0
25/08/25 13:25:09,506.28,703710,SHK0000001,1936,1929,792,4095,4095,4095,0,0,0,0,0,1,0
25/08/25 13:25:10,507.285,703710,SHK0000001,1925,1932,792,4095,4095,4095,0,0,0,0,0,1,0
25/08/25 13:25:11,508.288,703710,SHK0000001,1932,1925,793,4095,4095,4095,0,0,0,0,0,1,0
25/08/25 13:25:12,509.287,703710,SHK0000001,1934,1931,793,4095,4095,4095,0,0,0,0,0,1,0
25/08/25 13:25:13,510.282,703710,SHK0000001,1937,1938,793,4095,4095,4095,0,0,0,0,0,1,0
25/08/25 13:25:14,511.287,703710,SHK0000001,1938,1934,794,4095,4095,4095,0,0,0,0,0,1,0
25/08/25 13:25:15,512.279,703710,SHK0000001,1934,1931,792,4095,4095,4095,0,0,0,0,0,1,0
25/08/25 13:25:16,513.297,703710,SHK0000001,1929,1925,794,4095,4095,4095,0,0,0,0,0,1,0
25/08/25 13:25:17,514.283,703710,SHK0000001,1939,1938,794,4095,4095,4095,0,0,0,0,0,1,0
25/08/25 13:25:18,515.288,703710,SHK0000001,1932,1936,792,4095,4095,4095,0,0,0,0,0,1,0
25/08/25 13:25:19,516.288,703710,SHK0000001,1932,1934,794,4095,4095,4095,0,0,0,0,0,1,0
25/08/25 13:25:20,517.293,703710,SHK0000001,1934,1933,793,4095,4095,4095,0,0,0,0,0,1,0
25/08/25 13:25:21,518.283,703710,SHK0000001,1932,1931,792,4095,4095,4095,0,0,0,0,0,1,0
25/08/25 13:25:22,519.295,703710,SHK0000001,1932,1941,794,4095,4095,4095,0,0,0,0,0,1,0
25/08/25 13:25:23,520.281,703710,SHK0000001,1937,1933,792,4095,4095,4095,0,0,0,0,0,1,0
25/08/25 13:25:24,521.294,703710,SHK0000001,1932,1924,792,4095,4095,4095,0,0,0,0,0,1,0
25/08/25 13:25:25,522.281,703710,SHK0000001,1937,1936,794,4095,4095,4095,0,0,0,0,0,1,0
25/08/25 13:25:26,523.29,703710,SHK0000001,1939,1938,793,4095,4095,4095,0,0,0,0,0,1,0
25/08/25 13:25:27,524.287,703710,SHK0000001,1935,1934,794,4095,4095,4095,0,0,0,0,0,1,0
25/08/25 13:25:28,525.295,703710,SHK0000001,1936,1936,794,4095,4095,4095,0,0,0,0,0,1,0
25/08/25 13:25:29,526.278,703710,SHK0000001,1936,1930,793,4095,4095,4095,0,0,0,0,0,1,0
25/08/25 13:25:30,527.294,703710,SHK0000001,1928,1939,794,4095,4095,4095,0,0,0,0,0,1,0
25/08/25 13:25:31,528.287,703710,SHK0000001,1934,1933,794,4095,4095,4095,0,0,0,0,0,1,0
25/08/25 13:25:32,529.292,703710,SHK0000001,1936,1929,792,4095,4095,4095,0,0,0,0,0,1,0
25/08/25 13:25:33,530.281,703710,SHK0000001,1935,1938,793,4095,4095,4095,0,0,0,0,0,1,0
25/08/25 13:25:34,531.296,703710,SHK0000001,1935,1931,794,4095,4095,4095,0,0,0,0,0,1,0
25/08/25 13:25:35,532.278,703710,SHK0000001,1925,1933,793,4095,4095,4095,0,0,0,0,0,1,0
25/08/25 13:25:36,533.288,703710,SHK0000001,1935,1935,795,4095,4095,4095,0,0,0,0,0,1,0
25/08/25 13:25:37,534.288,703710,SHK0000001,1944,1933,792,4095,4095,4095,0,0,0,0,0,1,0
25/08/25 13:25:38,535.296,703710,SHK0000001,1932,1939,793,4095,4095,4095,0,0,0,0,0,1,0
25/08/25 13:25:39,536.285,703710,SHK0000001,1943,1930,794,4095,4095,4095,0,0,0,0,0,1,0
25/08/25 13:25:40,537.289,703710,SHK0000001,1932,1931,794,4095,4095,4095,0,0,0,0,0,1,0
25/08/25 13:25:41,538.286,703710,SHK0000001,1933,1936,792,4095,4095,4095,0,0,0,0,0,1,0
25/08/25 13:25:42,539.295,703710,SHK0000001,1941,1934,795,4095,4095,4095,0,0,0,0,0,1,0
25/08/25 13:25:43,540.288,703710,SHK0000001,1934,1933,793,4095,4095,4095,0,0,0,0,0,1,0
25/08/25 13:25:44,541.293,703710,SHK0000001,1935,1934,793,4095,4095,4095,0,0,0,0,0,1,0
25/08/25 13:25:45,542.287,703710,SHK0000001,1935,1936,794,4095,4095,4095,0,0,0,0,0,1,0
25/08/25 13:25:46,543.291,703710,SHK0000001,1940,1932,793,4095,4095,4095,0,0,0,0,0,1,0
25/08/25 13:25:47,544.282,703710,SHK0000001,1936,1932,793,4095,4095,4095,0,0,0,0,0,1,0
25/08/25 13:25:48,545.296,703710,SHK0000001,1937,1936,794,4095,4095,4095,0,0,0,0,0,1,0
25/08/25 13:25:49,546.286,703710,SHK0000001,1940,1945,793,4095,4095,4095,0,0,0,0,0,1,0
25/08/25 13:25:50,547.294,703710,SHK0000001,1938,1931,794,4095,4095,4095,0,0,0,0,0,1,0
25/08/25 13:25:51,548.284,703710,SHK0000001,1937,1929,794,4095,4095,4095,0,0,0,0,0,1,0
25/08/25 13:25:52,549.29,703710,SHK0000001,1933,1935,792,4095,4095,4095,0,0,0,0,0,1,0
25/08/25 13:25:53,550.285,703710,SHK0000001,1939,1936,795,4095,4095,4095,0,0,0,0,0,1,0
25/08/25 13:25:54,551.288,703710,SHK0000001,1936,1938,794,4095,4095,4095,0,0,0,0,0,1,0
25/08/25 13:25:55,552.285,703710,SHK0000001,1938,1937,793,4095,4095,4095,0,0,0,0,0,1,0
25/08/25 13:25:56,553.287,703710,SHK0000001,1935,1936,795,4095,4095,4095,0,0,0,0,0,1,0
25/08/25 13:25:57,554.282,703710,SHK0000001,1937,1938,793,4095,4095,4095,0,0,0,0,0,1,0
25/08/25 13:25:58,555.289,703710,SHK0000001,1935,1942,793,4095,4095,4095,0,0,0,0,0,1,0
25/08/25 13:25:59,556.289,703710,SHK0000001,1930,1930,795,4095,4095,4095,0,0,0,0,0,1,0
25/08/25 13:26:00,557.289,703710,SHK0000001,1940,1937,793,4095,4095,4095,0,0,0,0,0,1,0
25/08/25 13:26:01,558.286,703710,SHK0000001,1931,1933,794,4095,4095,4095,0,0,0,0,0,1,0
25/08/25 13:26:02,559.291,703710,SHK0000001,1935,1938,795,4095,4095,4095,0,0,0,0,0,1,0
25/08/25 13:26:03,560.281,703710,SHK0000001,1938,1941,793,4095,4095,4095,0,0,0,0,0,1,0
25/08/25 13:26:04,561.286,703710,SHK0000001,1941,1938,794,4095,4095,4095,0,0,0,0,0,1,0
25/08/25 13:26:05,562.285,703710,SHK0000001,1940,1931,795,4095,4095,4095,0,0,0,0,0,1,0
25/08/25 13:26:06,563.295,703710,SHK0000001,1934,1937,793,4095,4095,4095,0,0,0,0,0,1,0
25/08/25 13:26:07,564.283,703710,SHK0000001,1940,1933,795,4095,4095,4095,0,0,0,0,0,1,0
25/08/25 13:26:08,565.29,703710,SHK0000001,1937,1930,794,4095,4095,4095,0,0,0,0,0,1,0
25/08/25 13:26:09,566.278,703710,SHK0000001,1937,1931,794,4095,4095,4095,0,0,0,0,0,1,0
25/08/25 13:26:10,567.289,703710,SHK0000001,1928,1934,795,4095,4095,4095,0,0,0,0,0,1,0
25/08/25 13:26:11,568.287,703710,SHK0000001,1934,1936,794,4095,4095,4095,0,0,0,0,0,1,0
25/08/25 13:26:12,569.287,703710,SHK0000001,1929,1942,794,4095,4095,4095,0,0,0,0,0,1,0
25/08/25 13:26:13,570.286,703710,SHK0000001,1939,1933,795,4095,4095,4095,0,0,0,0,0,1,0
25/08/25 13:26:14,571.289,703710,SHK0000001,1936,1934,793,4095,4095,4095,0,0,0,0,0,1,0
25/08/25 13:26:15,572.284,703710,SHK0000001,1940,1943,795,4095,4095,4095,0,0,0,0,0,1,0
25/08/25 13:26:16,573.289,703710,SHK0000001,1934,1937,796,4095,4095,4095,0,0,0,0,0,1,0
25/08/25 13:26:17,574.288,703710,SHK0000001,1939,1936,793,4095,4095,4095,0,0,0,0,0,1,0
25/08/25 13:26:18,575.294,703710,SHK0000001,1938,1938,795,4095,4095,4095,0,0,0,0,0,1,0
25/08/25 13:26:19,576.285,703710,SHK0000001,1937,1939,794,4095,4095,4095,0,0,0,0,0,1,0
25/08/25 13:26:20,577.294,703710,SHK0000001,1935,1932,793,4095,4095,4095,0,0,0,0,0,1,0
25/08/25 13:26:21,578.283,703710,SHK0000001,1945,1942,794,4095,4095,4095,0,0,0,0,0,1,0
25/08/25 13:26:22,579.288,703710,SHK0000001,1936,1932,794,4095,4095,4095,0,0,0,0,0,1,0
25/08/25 13:26:23,580.286,703710,SHK0000001,1933,1941,793,4095,4095,4095,0,0,0,0,0,1,0
25/08/25 13:26:24,581.293,703710,SHK0000001,1930,1931,795,4095,4095,4095,0,0,0,0,0,1,0
25/08/25 13:26:25,582.282,703710,SHK0000001,1939,1935,795,4095,4095,4095,0,0,0,0,0,1,0
25/08/25 13:26:26,583.291,703710,SHK0000001,1932,1939,794,4095,4095,4095,0,0,0,0,0,1,0
25/08/25 13:26:27,584.28,703710,SHK0000001,1936,1935,795,4095,4095,4095,0,0,0,0,0,1,0
25/08/25 13:26:28,585.287,703710,SHK0000001,1930,1937,793,4095,4095,4095,0,0,0,0,0,1,0
25/08/25 13:26:29,586.279,703710,SHK0000001,1939,1940,793,4095,4095,4095,0,0,0,0,0,1,0
25/08/25 13:26:30,587.296,703710,SHK0000001,1935,1937,796,4095,4095,4095,0,0,0,0,0,1,0
25/08/25 13:26:31,588.28,703710,SHK0000001,1933,1935,794,4095,4095,4095,0,0,0,0,0,1,0
25/08/25 13:26:32,589.294,703710,SHK0000001,1937,1935,795,4095,4095,4095,0,0,0,0,0,1,0
25/08/25 13:26:33,590.282,703710,SHK0000001,1939,1938,795,4095,4095,4095,0,0,0,0,0,1,0
25/08/25 13:26:34,591.292,703710,SHK0000001,1938,1933,793,4095,4095,4095,0,0,0,0,0,0,0
25/08/25 13:26:35,592.279,703710,SHK0000001,1941,1933,795,4095,4095,4095,0,0,0,0,0,0,0
25/08/25 13:26:36,593.294,703710,SHK0000001,1939,1935,795,4095,4095,4095,0,0,0,0,0,0,0
25/08/25 13:26:37,594.285,703710,SHK0000001,1934,1943,793,4095,4095,4095,0,0,0,0,0,0,0
25/08/25 13:26:38,595.289,703710,SHK0000001,1941,1934,795,4095,4095,4095,0,0,0,0,0,0,0
25/08/25 13:26:39,596.288,703710,SHK0000001,1938,1941,794,4095,4095,4095,0,0,0,0,0,0,0
25/08/25 13:26:40,597.293,703710,SHK0000001,1938,1929,794,4095,4095,4095,0,0,0,0,0,0,0
25/08/25 13:26:41,598.279,703710,SHK0000001,1937,1940,796,4095,4095,4095,0,0,0,0,0,0,0
25/08/25 13:26:42,599.286,703710,SHK0000001,1945,1942,794,4095,4095,4095,0,0,0,0,0,0,0
25/08/25 13:26:43,600.288,703710,SHK0000001,1941,1935,795,4095,4095,4095,0,0,0,0,0,0,0
25/08/25 13:26:44,601.292,703710,SHK0000001,1937,1938,796,4095,4095,4095,0,0,0,0,0,0,0
25/08/25 13:26:45,602.285,703710,SHK0000001,1941,1933,794,4095,4095,4095,0,0,0,0,0,0,0
25/08/25 13:26:46,603.296,703710,SHK0000001,1937,1938,795,4095,4095,4095,0,0,0,0,0,0,0
25/08/25 13:26:47,604.28,703710,SHK0000001,1933,1937,796,4095,4095,4095,0,0,0,0,0,0,0
25/08/25 13:26:48,605.295,703710,SHK0000001,1938,1936,793,4095,4095,4095,0,0,0,0,0,0,0
25/08/25 13:26:49,606.284,703710,SHK0000001,1932,1935,796,4095,4095,4095,0,0,0,0,0,0,0
25/08/25 13:26:50,607.289,703710,SHK0000001,1937,1941,796,4095,4095,4095,0,0,0,0,0,0,0
25/08/25 13:26:51,608.282,703710,SHK0000001,1941,1936,794,4095,4095,4095,0,0,0,0,0,0,0
25/08/25 13:26:52,609.287,703710,SHK0000001,1937,1942,796,4095,4095,4095,0,0,0,0,0,0,0
25/08/25 13:26:53,610.281,703710,SHK0000001,1943,1932,794,4095,4095,4095,0,0,0,0,0,0,0
25/08/25 13:26:54,611.292,703710,SHK0000001,1938,1942,795,4095,4095,4095,0,0,0,0,0,0,0
25/08/25 13:26:55,612.281,703710,SHK0000001,1940,1949,796,4095,4095,4095,0,0,0,0,0,0,0
25/08/25 13:26:56,613.294,703710,SHK0000001,1943,1939,795,4095,4095,4095,0,0,0,0,0,0,0
25/08/25 13:26:57,614.279,703710,SHK0000001,1939,1929,795,4095,4095,4095,0,0,0,0,0,0,0
25/08/25 13:26:58,615.291,703710,SHK0000001,1932,1940,796,4095,4095,4095,0,0,0,0,0,0,0
25/08/25 13:26:59,616.285,703710,SHK0000001,1943,1933,794,4095,4095,4095,0,0,0,0,0,0,0
25/08/25 13:27:00,617.291,703710,SHK0000001,1933,1933,795,4095,4095,4095,0,0,0,0,0,0,0
25/08/25 13:27:01,618.286,703710,SHK0000001,1938,1936,796,4095,4095,4095,0,0,0,0,0,0,0
25/08/25 13:27:02,619.293,703710,SHK0000001,1940,1936,794,4095,4095,4095,0,0,0,0,0,0,0
25/08/25 13:27:03,620.288,703710,SHK0000001,1934,1938,796,4095,4095,4095,0,0,0,0,0,0,0
25/08/25 13:27:04,621.287,703710,SHK0000001,1939,1931,796,4095,4095,4095,0,0,0,0,0,0,0
25/08/25 13:27:05,622.278,703710,SHK0000001,1938,1938,794,4095,4095,4095,0,0,0,0,0,0,0
25/08/25 13:27:06,623.296,703710,SHK0000001,1934,1940,796,4095,4095,4095,0,0,0,0,0,0,0
25/08/25 13:27:07,624.285,703710,SHK0000001,1938,1937,795,4095,4095,4095,0,0,0,0,0,0,0
25/08/25 13:27:08,625.288,703710,SHK0000001,1940,1936,794,4095,4095,4095,0,0,0,0,0,0,0
25/08/25 13:27:09,626.279,703710,SHK0000001,1942,1940,796,4095,4095,4095,0,0,0,0,0,0,0
25/08/25 13:27:10,627.29,703710,SHK0000001,1935,1936,795,4095,4095,4095,0,0,0,0,0,0,0
25/08/25 13:27:11,628.28,703710,SHK0000001,1934,1946,795,4095,4095,4095,0,0,0,0,0,0,0
25/08/25 13:27:12,629.294,703710,SHK0000001,1942,1938,797,4095,4095,4095,0,0,0,0,0,0,0
25/08/25 13:27:13,630.288,703710,SHK0000001,1935,1940,795,4095,4095,4095,0,0,0,0,0,0,0
25/08/25 13:27:14,631.295,703710,SHK0000001,1940,1933,795,4095,4095,4095,0,0,0,0,0,0,0
25/08/25 13:27:15,632.283,703710,SHK0000001,1934,1943,796,4095,4095,4095,0,0,0,0,0,0,0
25/08/25 13:27:16,633.287,703710,SHK0000001,1935,1940,794,4095,4095,4095,0,0,0,0,0,0,0
25/08/25 13:27:17,634.28,703710,SHK0000001,1936,1943,796,4095,4095,4095,0,0,0,0,0,0,0
25/08/25 13:27:18,635.287,703710,SHK0000001,1943,1934,796,4095,4095,4095,0,0,0,0,0,0,0
25/08/25 13:27:19,636.283,703710,SHK0000001,1936,1929,795,4095,4095,4095,0,0,0,0,0,0,0
25/08/25 13:27:20,637.295,703710,SHK0000001,1941,1937,796,4095,4095,4095,0,0,0,0,0,0,0
25/08/25 13:27:21,638.281,703710,SHK0000001,1938,1939,796,4095,4095,4095,0,0,0,0,0,0,0
25/08/25 13:27:22,639.291,703710,SHK0000001,1938,1935,795,4095,4095,4095,0,0,0,0,0,0,0
25/08/25 13:27:23,640.284,703710,SHK0000001,1935,1944,796,4095,4095,4095,0,0,0,0,0,0,0
25/08/25 13:27:24,641.294,703710,SHK0000001,1939,1925,795,4095,4095,4095,0,0,0,0,0,0,0
25/08/25 13:27:25,642.288,703710,SHK0000001,1937,1938,795,4095,4095,4095,0,0,0,0,0,0,0
25/08/25 13:27:26,643.291,703710,SHK0000001,1941,1938,796,4095,4095,4095,0,0,0,0,0,0,0
25/08/25 13:27:27,644.284,703710,SHK0000001,1938,1939,795,4095,4095,4095,0,0,0,0,0,0,0
25/08/25 13:27:28,645.291,703710,SHK0000001,1940,1939,795,4095,4095,4095,0,0,0,0,0,0,0
25/08/25 13:27:29,646.284,703710,SHK0000001,1945,1937,797,4095,4095,4095,0,0,0,0,0,0,0
25/08/25 13:27:30,647.289,703710,SHK0000001,1942,1934,795,4095,4095,4095,0,0,0,0,0,0,0
25/08/25 13:27:31,648.286,703710,SHK0000001,1944,1941,796,4095,4095,4095,0,0,0,0,0,0,0
25/08/25 13:27:32,649.292,703710,SHK0000001,1930,1941,797,4095,4095,4095,0,0,0,0,0,0,0
25/08/25 13:27:33,650.287,703710,SHK0000001,1939,1942,795,4095,4095,4095,0,0,0,0,0,0,0
25/08/25 13:27:34,651.292,703710,SHK0000001,1941,1931,795,4095,4095,4095,0,0,0,0,0,0,0
25/08/25 13:27:35,652.28,703710,SHK0000001,1934,1937,796,4095,4095,4095,0,0,0,0,0,0,0
25/08/25 13:27:36,653.296,703710,SHK0000001,1945,1944,795,4095,4095,4095,0,0,0,0,0,0,0
25/08/25 13:27:37,654.28,703710,SHK0000001,1941,1944,797,4095,4095,4095,0,0,0,0,0,0,0
25/08/25 13:27:38,655.287,703710,SHK0000001,1937,1935,797,4095,4095,4095,0,0,0,0,0,0,0
25/08/25 13:27:39,656.283,703710,SHK0000001,1942,1944,795,4095,4095,4095,0,0,0,0,0,0,0
25/08/25 13:27:40,657.293,703710,SHK0000001,1941,1935,797,4095,4095,4095,0,0,0,0,0,0,0
25/08/25 13:27:41,658.278,703710,SHK0000001,1943,1944,796,4095,4095,4095,0,0,0,0,0,0,0
25/08/25 13:27:42,659.289,703710,SHK0000001,1938,1940,795,4095,4095,4095,0,0,0,0,0,0,0
25/08/25 13:27:43,660.285,703710,SHK0000001,1939,1937,797,4095,4095,4095,0,0,0,0,0,0,0
25/08/25 13:27:44,661.295,703710,SHK0000001,1935,1938,795,4095,4095,4095,0,0,0,0,0,0,0
25/08/25 13:27:45,662.288,703710,SHK0000001,1935,1935,795,4095,4095,4095,0,0,0,0,0,0,0
25/08/25 13:27:46,663.291,703710,SHK0000001,1943,1938,797,4095,4095,4095,0,0,0,0,0,0,0
25/08/25 13:27:47,664.283,703710,SHK0000001,1936,1941,795,4095,4095,4095,0,0,0,0,0,0,0
25/08/25 13:27:48,665.293,703710,SHK0000001,1937,1937,796,4095,4095,4095,0,0,0,0,0,0,0
25/08/25 13:27:49,666.28,703710,SHK0000001,1940,1938,797,4095,4095,4095,0,0,0,0,0,0,0
25/08/25 13:27:50,667.292,703710,SHK0000001,1940,1935,795,4095,4095,4095,0,0,0,0,0,0,0
25/08/25 13:27:51,668.283,703710,SHK0000001,1938,1941,797,4095,4095,4095,0,0,0,0,0,0,0
25/08/25 13:27:52,669.293,703710,SHK0000001,1939,1934,797,4095,4095,4095,0,0,0,0,0,0,0
25/08/25 13:27:53,670.283,703710,SHK0000001,1936,1932,795,4095,4095,4095,0,0,0,0,0,0,0
25/08/25 13:27:54,671.29,703710,SHK0000001,1937,1942,797,4095,4095,4095,0,0,0,0,0,0,0
25/08/25 13:27:55,672.287,703710,SHK0000001,1941,1940,796,4095,4095,4095,0,0,0,0,0,0,0
25/08/25 13:27:56,673.289,703710,SHK0000001,1937,1938,796,4095,4095,4095,0,0,0,0,0,0,0
25/08/25 13:27:57,674.278,703710,SHK0000001,1938,1943,798,4095,4095,4095,0,0,0,0,0,0,0
25/08/25 13:27:58,675.292,703710,SHK0000001,1943,1937,796,4095,4095,4095,0,0,0,0,0,0,0
25/08/25 13:27:59,676.278,703710,SHK0000001,1942,1938,796,4095,4095,4095,0,0,0,0,0,0,0
25/08/25 13:28:00,677.288,703710,SHK0000001,1935,1937,797,4095,4095,4095,0,0,0,0,0,0,0
25/08/25 13:28:01,678.278,703710,SHK0000001,1937,1937,796,4095,4095,4095,0,0,0,0,0,0,0
25/08/25 13:28:02,679.289,703710,SHK0000001,1942,1941,797,4095,4095,4095,0,0,0,0,0,0,0
25/08/25 13:28:03,680.282,703710,SHK0000001,1945,1944,797,4095,4095,4095,0,0,0,0,0,0,0
25/08/25 13:28:04,681.291,703710,SHK0000001,1943,1945,796,4095,4095,4095,0,0,0,0,0,0,0
25/08/25 13:28:05,682.286,703710,SHK0000001,1943,1945,797,4095,4095,4095,0,0,0,0,0,0,0
25/08/25 13:28:06,683.294,703710,SHK0000001,1940,1946,797,4095,4095,4095,0,0,0,0,0,0,0
25/08/25 13:28:07,684.288,703710,SHK0000001,1941,1939,795,4095,4095,4095,0,0,0,0,0,0,0
25/08/25 13:28:08,685.293,703710,SHK0000001,1942,1945,798,4095,4095,4095,0,0,0,0,0,0,0
25/08/25 13:28:09,686.284,703710,SHK0000001,1940,1939,796,4095,4095,4095,0,0,0,0,0,0,0
25/08/25 13:28:10,687.286,703710,SHK0000001,1942,1943,797,4095,4095,4095,0,0,0,0,0,0,0
25/08/25 13:28:11,688.281,703710,SHK0000001,1947,1946,798,4095,4095,4095,0,0,0,0,0,0,0
25/08/25 13:28:12,689.294,703710,SHK0000001,1947,1946,796,4095,4095,4095,0,0,0,0,0,0,0
25/08/25 13:28:13,690.283,703710,SHK0000001,1944,1944,796,4095,4095,4095,0,0,0,0,0,0,0
25/08/25 13:28:14,691.292,703710,SHK0000001,1945,1944,797,4095,4095,4095,0,0,0,0,0,0,0
25/08/25 13:28:15,692.282,703710,SHK0000001,2146,2146,796,4095,4095,4095,0,0,0,0,0,0,0
25/08/25 13:28:16,693.294,703710,SHK0000001,2149,2148,796,4095,4095,4095,0,0,0,0,0,0,0
25/08/25 13:28:17,694.277,703710,SHK0000001,2152,2149,798,4095,4095,4095,0,0,0,0,0,0,0
25/08/25 13:28:18,695.291,703710,SHK0000001,2148,2149,796,4095,4095,4095,0,0,0,0,0,0,0
25/08/25 13:28:19,696.28,703710,SHK0000001,2148,2152,798,4095,4095,4095,0,0,0,0,0,0,0
25/08/25 13:28:20,697.287,703710,SHK0000001,2149,2147,797,4095,4095,4095,0,0,0,0,0,0,0
25/08/25 13:28:21,698.288,703710,SHK0000001,2140,2146,796,4095,4095,4095,0,0,0,0,0,0,0
25/08/25 13:28:22,699.288,703710,SHK0000001,2147,2157,798,4095,4095,4095,0,0,0,0,0,0,0
25/08/25 13:28:23,700.278,703710,SHK0000001,2147,2150,797,4095,4095,4095,0,0,0,0,0,0,0
25/08/25 13:28:24,701.29,703710,SHK0000001,2099,2094,796,4095,4095,4095,0,0,0,0,0,0,0
25/08/25 13:28:25,702.282,703710,SHK0000001,2092,2093,798,4095,4095,4095,0,0,0,0,0,0,0
25/08/25 13:28:26,703.293,703710,SHK0000001,2080,2090,797,4095,4095,4095,0,0,0,0,0,0,0
25/08/25 13:28:27,704.283,703710,SHK0000001,2081,2094,797,4095,4095,4095,0,0,0,0,0,0,0
25/08/25 13:28:28,705.292,703710,SHK0000001,2087,2088,798,4095,4095,4095,0,0,0,0,0,0,0
25/08/25 13:28:29,706.281,703710,SHK0000001,2106,2092,797,4095,4095,4095,0,0,0,0,0,0,0
25/08/25 13:28:30,707.289,703710,SHK0000001,2110,2109,797,4095,4095,4095,0,0,0,0,0,0,0
25/08/25 13:28:31,708.288,703710,SHK0000001,2101,2107,798,4095,4095,4095,0,0,0,0,0,0,0
25/08/25 13:28:32,709.295,703710,SHK0000001,2109,2109,796,4095,4095,4095,0,0,0,0,0,0,0
25/08/25 13:28:33,710.286,703710,SHK0000001,2107,2111,796,4095,4095,4095,0,0,0,0,0,0,0
25/08/25 13:28:34,711.291,703710,SHK0000001,2103,2061,798,4095,4095,4095,0,0,0,0,0,0,0
25/08/25 13:28:35,712.282,703710,SHK0000001,2088,2091,796,4095,4095,4095,0,0,0,0,0,0,0
25/08/25 13:28:36,713.291,703710,SHK0000001,2102,2103,797,4095,4095,4095,0,0,0,0,0,0,0
25/08/25 13:28:37,714.282,703710,SHK0000001,2111,2106,797,4095,4095,4095,0,0,0,0,0,0,0
25/08/25 13:28:38,715.295,703710,SHK0000001,2097,2109,796,4095,4095,4095,0,0,0,0,0,0,0
25/08/25 13:28:39,716.283,703710,SHK0000001,2101,2103,798,4095,4095,4095,0,0,0,0,0,0,0
25/08/25 13:28:40,717.287,703710,SHK0000001,2100,2111,797,4095,4095,4095,0,0,0,0,0,0,0
25/08/25 13:28:41,718.279,703710,SHK0000001,2107,2103,796,4095,4095,4095,0,0,0,0,0,0,0
25/08/25 13:28:42,719.291,703710,SHK0000001,2098,2109,798,4095,4095,4095,0,0,0,0,0,0,0
25/08/25 13:28:43,720.288,703710,SHK0000001,2108,2101,797,4095,4095,4095,0,0,0,0,0,0,0
25/08/25 13:28:44,721.294,703710,SHK0000001,2104,2102,797,4095,4095,4095,0,0,0,0,0,0,0
25/08/25 13:28:45,722.28,703710,SHK0000001,2108,2109,798,4095,4095,4095,0,0,0,0,0,0,0
25/08/25 13:28:46,723.295,703710,SHK0000001,2096,2084,796,4095,4095,4095,0,0,0,0,0,0,0
25/08/25 13:28:47,724.282,703710,SHK0000001,2098,2102,797,4095,4095,4095,0,0,0,0,0,0,0
25/08/25 13:28:48,725.296,703710,SHK0000001,2095,2097,798,4095,4095,4095,0,0,0,0,0,0,0
25/08/25 13:28:49,726.286,703710,SHK0000001,2105,2112,796,4095,4095,4095,0,0,0,0,0,0,0
25/08/25 13:28:50,727.293,703710,SHK0000001,2101,2108,798,4095,4095,4095,0,0,0,0,0,0,0
25/08/25 13:28:51,728.28,703710,SHK0000001,2085,2094,797,4095,4095,4095,0,0,0,0,0,0,0
25/08/25 13:28:52,729.289,703710,SHK0000001,2104,2111,796,4095,4095,4095,0,0,0,0,0,0,0
25/08/25 13:28:53,730.28,703710,SHK0000001,2102,2110,798,4095,4095,4095,0,0,0,0,0,0,0
25/08/25 13:28:54,731.293,703710,SHK0000001,2091,2111,798,4095,4095,4095,0,0,0,0,0,0,0
25/08/25 13:28:55,732.279,703710,SHK0000001,2008,2053,797,4095,4095,4095,0,0,0,0,0,0,0
25/08/25 13:28:56,733.287,703710,SHK0000001,2012,1487,800,4095,4095,4095,0,0,0,0,0,0,0
25/08/25 13:28:57,734.281,703710,SHK0000001,1451,1577,799,4095,4095,4095,0,0,0,0,0,0,0
25/08/25 13:28:58,735.286,703710,SHK0000001,1732,1742,799,4095,4095,4095,0,0,0,0,0,0,0
25/08/25 13:28:59,736.28,703710,SHK0000001,1657,1667,800,4095,4095,4095,0,0,0,0,0,0,0
25/08/25 13:29:00,737.295,703710,SHK0000001,1723,1713,799,4095,4095,4095,0,0,0,0,0,0,0
25/08/25 13:29:01,738.279,703710,SHK0000001,1413,1015,798,4095,4095,4095,0,0,0,0,0,0,0
25/08/25 13:29:02,739.295,703710,SHK0000001,1843,1757,799,4095,4095,4095,0,0,0,0,0,0,0
25/08/25 13:29:03,740.281,703710,SHK0000001,2074,2073,798,4095,4095,4095,0,0,0,0,0,0,0
25/08/25 13:29:04,741.294,703710,SHK0000001,2090,2094,799,4095,4095,4095,0,0,0,0,0,0,0
25/08/25 13:29:05,742.279,703710,SHK0000001,2099,2095,800,4095,4095,4095,0,0,0,0,0,0,0
25/08/25 13:29:06,743.29,703710,SHK0000001,2087,2089,798,4095,4095,4095,0,0,0,0,0,0,0
25/08/25 13:29:07,744.285,703710,SHK0000001,2080,2078,800,4095,4095,4095,0,0,0,0,0,0,0
25/08/25 13:29:08,745.294,703710,SHK0000001,2081,2082,800,4095,4095,4095,0,0,0,0,0,0,0
25/08/25 13:29:09,746.279,703710,SHK0000001,2082,2081,799,4095,4095,4095,0,0,0,0,0,0,0
25/08/25 13:29:10,747.289,703710,SHK0000001,2071,2074,800,4095,4095,4095,0,0,0,0,0,0,0
25/08/25 13:29:11,748.284,703710,SHK0000001,2077,2082,799,4095,4095,4095,0,0,0,0,0,0,0
25/08/25 13:29:12,749.294,703710,SHK0000001,2078,2082,800,4095,4095,4095,0,0,0,0,0,0,0
25/08/25 13:29:13,750.288,703710,SHK0000001,2082,2081,802,4095,4095,4095,0,0,0,0,0,0,0
25/08/25 13:29:14,751.291,703710,SHK0000001,2081,2078,800,4095,4095,4095,0,0,0,0,0,0,0
25/08/25 13:29:15,752.278,703710,SHK0000001,2079,2081,800,4095,4095,4095,0,0,0,0,0,0,0
25/08/25 13:29:16,753.288,703710,SHK0000001,2079,2089,802,4095,4095,4095,0,0,0,0,0,0,0
25/08/25 13:29:17,754.282,703710,SHK0000001,2085,2079,800,4095,4095,4095,0,0,0,0,0,0,0
25/08/25 13:29:18,755.293,703710,SHK0000001,2079,2081,801,4095,4095,4095,0,0,0,0,0,0,0
25/08/25 13:29:19,756.281,703710,SHK0000001,2081,2087,802,4095,4095,4095,0,0,0,0,0,0,0
25/08/25 13:29:20,757.286,703710,SHK0000001,2085,2087,800,4095,4095,4095,0,0,0,0,0,0,0
25/08/25 13:29:21,758.286,703710,SHK0000001,2077,2078,802,4095,4095,4095,0,0,0,0,0,0,0
25/08/25 13:29:22,759.289,703710,SHK0000001,2073,2075,801,4095,4095,4095,0,0,0,0,0,0,0
25/08/25 13:29:23,760.279,703710,SHK0000001,2033,2031,800,4095,4095,4095,0,0,0,0,0,0,0
25/08/25 13:29:24,761.291,703710,SHK0000001,1656,1660,803,4095,4095,4095,0,0,0,0,0,0,0
25/08/25 13:29:25,762.283,703710,SHK0000001,1663,1661,803,4095,4095,4095,0,0,0,0,0,0,0
25/08/25 13:29:26,763.293,703710,SHK0000001,1663,1665,802,4095,4095,4095,0,0,0,0,0,0,0
25/08/25 13:29:27,764.279,703710,SHK0000001,1674,1671,804,4095,4095,4095,0,0,0,0,0,0,0
25/08/25 13:29:28,765.288,703710,SHK0000001,1669,1679,803,4095,4095,4095,0,0,0,0,0,0,0
25/08/25 13:29:29,766.278,703710,SHK0000001,1680,1678,804,4095,4095,4095,0,0,0,0,0,0,0
25/08/25 13:29:30,767.292,703710,SHK0000001,1672,1679,805,4095,4095,4095,0,0,0,0,0,0,0
25/08/25 13:29:31,768.288,703710,SHK0000001,1670,1670,805,4095,4095,4095,0,0,0,0,0,0,0
25/08/25 13:29:32,769.287,703710,SHK0000001,1676,1663,805,4095,4095,4095,0,0,0,0,0,0,0
25/08/25 13:29:33,770.285,703710,SHK0000001,1691,1682,806,4095,4095,4095,0,0,0,0,0,0,0
25/08/25 13:29:34,771.292,703710,SHK0000001,1680,1680,804,4095,4095,4095,0,0,0,0,0,0,0
25/08/25 13:29:35,772.287,703710,SHK0000001,1701,1691,806,4095,4095,4095,0,0,0,0,0,0,0
25/08/25 13:29:36,773.292,703710,SHK0000001,1670,1675,807,4095,4095,4095,0,0,0,0,0,0,0
25/08/25 13:29:37,774.287,703710,SHK0000001,1675,1677,805,4095,4095,4095,0,0,0,0,0,0,0
25/08/25 13:29:38,775.291,703710,SHK0000001,1676,1673,808,4095,4095,4095,0,0,0,0,0,0,0
25/08/25 13:29:39,776.286,703710,SHK0000001,1678,1678,807,4095,4095,4095,0,0,0,0,0,0,0
25/08/25 13:29:40,777.295,703710,SHK0000001,1674,1675,806,4095,4095,4095,0,0,0,0,0,0,0
25/08/25 13:29:41,778.279,703710,SHK0000001,1676,1673,808,4095,4095,4095,0,0,0,0,0,0,0
25/08/25 13:29:42,779.288,703710,SHK0000001,1677,1668,807,4095,4095,4095,0,0,0,0,0,0,0
25/08/25 13:29:43,780.281,703710,SHK0000001,1679,1675,807,4095,4095,4095,0,0,0,0,0,0,0
25/08/25 13:29:44,781.29,703710,SHK0000001,1677,1676,809,4095,4095,4095,0,0,0,0,0,0,0
25/08/25 13:29:45,782.278,703710,SHK0000001,1685,1691,807,4095,4095,4095,0,0,0,0,0,0,0
25/08/25 13:29:46,783.287,703710,SHK0000001,1684,1687,808,4095,4095,4095,0,0,0,0,0,0,0
25/08/25 13:29:47,784.28,703710,SHK0000001,1681,1681,809,4095,4095,4095,0,0,0,0,0,0,0
25/08/25 13:29:48,785.293,703710,SHK0000001,1680,1683,807,4095,4095,4095,0,0,0,0,0,0,0
25/08/25 13:29:49,786.278,703710,SHK0000001,1683,1678,809,4095,4095,4095,0,0,0,0,0,0,0
25/08/25 13:29:50,787.29,703710,SHK0000001,1686,1688,809,4095,4095,4095,0,0,0,0,0,0,0
25/08/25 13:29:51,788.28,703710,SHK0000001,1680,1676,808,4095,4095,4095,0,0,0,0,0,0,0
25/08/25 13:29:52,789.29,703710,SHK0000001,1681,1675,809,4095,4095,4095,0,0,0,0,0,0,0
25/08/25 13:29:53,790.288,703710,SHK0000001,1679,1682,809,4095,4095,4095,0,0,0,0,0,0,0
25/08/25 13:29:54,791.288,703710,SHK0000001,1683,1676,807,4095,4095,4095,0,0,0,0,0,0,0
25/08/25 13:29:55,792.282,703710,SHK0000001,1686,1677,810,4095,4095,4095,0,0,0,0,0,0,0
25/08/25 13:29:56,793.29,703710,SHK0000001,1679,1681,809,4095,4095,4095,0,0,0,0,0,0,0
25/08/25 13:29:57,794.279,703710,SHK0000001,1689,1689,809,4095,4095,4095,0,0,0,0,0,0,0
25/08/25 13:29:58,795.29,703710,SHK0000001,1689,1686,811,4095,4095,4095,0,0,0,0,0,0,0
25/08/25 13:29:59,796.286,703710,SHK0000001,1680,1688,809,4095,4095,4095,0,0,0,0,0,0,0
25/08/25 13:30:00,797.294,703710,SHK0000001,1682,1691,809,4095,4095,4095,0,0,0,0,0,0,0
25/08/25 13:30:01,798.288,703710,SHK0000001,1683,1688,810,4095,4095,4095,0,0,0,0,0,0,0
25/08/25 13:30:02,799.291,703710,SHK0000001,1682,1678,808,4095,4095,4095,0,0,0,0,0,0,0
25/08/25 13:30:03,800.281,703710,SHK0000001,1678,1686,810,4095,4095,4095,0,0,0,0,0,0,0
25/08/25 13:30:04,801.292,703710,SHK0000001,1686,1695,809,4095,4095,4095,0,0,0,0,0,0,0
25/08/25 13:30:05,802.28,703710,SHK0000001,1681,1681,808,4095,4095,4095,0,0,0,0,0,0,0
25/08/25 13:30:06,803.296,703710,SHK0000001,1690,1681,809,4095,4095,4095,0,0,0,0,0,0,0
25/08/25 13:30:07,804.282,703710,SHK0000001,1681,1687,810,4095,4095,4095,0,0,0,0,0,0,0
25/08/25 13:30:08,805.294,703710,SHK0000001,1684,1679,808,4095,4095,4095,0,0,0,0,0,0,0
25/08/25 13:30:09,806.277,703710,SHK0000001,1681,1686,810,4095,4095,4095,0,0,0,0,0,0,0
25/08/25 13:30:10,807.287,703710,SHK0000001,1681,1683,809,4095,4095,4095,0,0,0,0,0,0,0
25/08/25 13:30:11,808.284,703710,SHK0000001,1684,1682,808,4095,4095,4095,0,0,0,0,0,0,0
25/08/25 13:30:12,809.294,703710,SHK0000001,1683,1681,809,4095,4095,4095,0,0,0,0,0,0,0
25/08/25 13:30:13,810.287,703710,SHK0000001,1684,1682,807,4095,4095,4095,0,0,0,0,0,0,0
25/08/25 13:30:14,811.293,703710,SHK0000001,1678,1678,807,4095,4095,4095,0,0,0,0,0,0,0
25/08/25 13:30:15,812.287,703710,SHK0000001,1680,1682,807,4095,4095,4095,0,0,0,0,0,0,0
25/08/25 13:30:16,813.293,703710,SHK0000001,1673,1681,805,4095,4095,4095,0,0,0,0,0,0,0
25/08/25 13:30:17,814.282,703710,SHK0000001,1677,1672,805,4095,4095,4095,0,0,0,0,0,0,0
25/08/25 13:30:18,815.288,703710,SHK0000001,1678,1680,806,4095,4095,4095,0,0,0,0,0,0,0
25/08/25 13:30:19,816.281,703710,SHK0000001,1669,1671,804,4095,4095,4095,0,0,0,0,0,0,0
25/08/25 13:30:20,817.294,703710,SHK0000001,1671,1670,806,4095,4095,4095,0,0,0,0,0,0,0
25/08/25 13:30:21,818.282,703710,SHK0000001,1671,1670,803,4095,4095,4095,0,0,0,0,0,0,0
25/08/25 13:30:22,819.293,703710,SHK0000001,1669,1677,802,4095,4095,4095,0,0,0,0,0,0,0
25/08/25 13:30:23,820.286,703710,SHK0000001,1675,1677,803,4095,4095,4095,0,0,0,0,0,0,0
25/08/25 13:30:24,821.285,703710,SHK0000001,1674,1680,803,4095,4095,4095,0,0,0,0,0,0,0
25/08/25 13:30:25,822.282,703710,SHK0000001,1674,1672,801,4095,4095,4095,0,0,0,0,0,0,0
25/08/25 13:30:26,823.292,703710,SHK0000001,1674,1671,804,4095,4095,4095,0,0,0,0,0,0,0
25/08/25 13:30:27,824.28,703710,SHK0000001,1671,1666,802,4095,4095,4095,0,0,0,0,0,0,0
25/08/25 13:30:28,825.291,703710,SHK0000001,1671,1665,802,4095,4095,4095,0,0,0,0,0,0,0
25/08/25 13:30:29,826.285,703710,SHK0000001,1672,1671,803,4095,4095,4095,0,0,0,0,0,0,0
25/08/25 13:30:30,827.293,703710,SHK0000001,1665,1665,800,4095,4095,4095,0,0,0,0,0,0,0
25/08/25 13:30:31,828.278,703710,SHK0000001,1667,1672,801,4095,4095,4095,0,0,0,0,0,0,0
25/08/25 13:30:32,829.294,703710,SHK0000001,1667,1666,803,4095,4095,4095,0,0,0,0,0,0,0
25/08/25 13:30:33,830.281,703710,SHK0000001,1672,1667,800,4095,4095,4095,0,0,0,0,0,0,0
25/08/25 13:30:34,831.295,703710,SHK0000001,1659,1663,800,4095,4095,4095,0,0,0,0,0,0,0
25/08/25 13:30:35,832.281,703710,SHK0000001,1660,1662,799,4095,4095,4095,0,0,0,0,0,0,0
25/08/25 13:30:36,833.291,703710,SHK0000001,1669,1669,798,4095,4095,4095,0,0,0,0,0,0,0
25/08/25 13:30:37,834.287,703710,SHK0000001,1655,1663,800,4095,4095,4095,0,0,0,0,0,0,0
25/08/25 13:30:38,835.289,703710,SHK0000001,1665,1669,800,4095,4095,4095,0,0,0,0,0,0,0
25/08/25 13:30:39,836.283,703710,SHK0000001,1662,1664,799,4095,4095,4095,0,0,0,0,0,0,0
25/08/25 13:30:40,837.294,703710,SHK0000001,1658,1666,800,4095,4095,4095,0,0,0,0,0,0,0
25/08/25 13:30:41,838.286,703710,SHK0000001,1668,1666,798,4095,4095,4095,0,0,0,0,0,0,0
25/08/25 13:30:42,839.291,703710,SHK0000001,1663,1670,799,4095,4095,4095,0,0,0,0,0,0,0
25/08/25 13:30:43,840.283,703710,SHK0000001,1669,1664,801,4095,4095,4095,0,0,0,0,0,0,0
25/08/25 13:30:44,841.286,703710,SHK0000001,1668,1666,796,4095,4095,4095,0,0,0,0,0,0,0
25/08/25 13:30:45,842.28,703710,SHK0000001,1660,1658,796,4095,4095,4095,0,0,0,0,0,0,0
25/08/25 13:30:46,843.288,703710,SHK0000001,1657,1656,798,4095,4095,4095,0,0,0,0,0,0,0
25/08/25 13:30:47,844.284,703710,SHK0000001,1668,1656,796,4095,4095,4095,0,0,0,0,0,0,0
25/08/25 13:30:48,845.294,703710,SHK0000001,1655,1664,797,4095,4095,4095,0,0,0,0,0,0,0
25/08/25 13:30:49,846.283,703710,SHK0000001,1657,1660,797,4095,4095,4095,0,0,0,0,0,0,0
25/08/25 13:30:50,847.285,703710,SHK0000001,1665,1652,796,4095,4095,4095,0,0,0,0,0,0,0
25/08/25 13:30:51,848.282,703710,SHK0000001,1654,1656,798,4095,4095,4095,0,0,0,0,0,0,0
25/08/25 13:30:52,849.29,703710,SHK0000001,1662,1654,798,4095,4095,4095,0,0,0,0,0,0,0
25/08/25 13:30:53,850.283,703710,SHK0000001,1651,1660,795,4095,4095,4095,0,0,0,0,0,0,0
25/08/25 13:30:54,851.291,703710,SHK0000001,1658,1654,796,4095,4095,4095,0,0,0,0,0,0,0
25/08/25 13:30:55,852.286,703710,SHK0000001,1658,1663,796,4095,4095,4095,0,0,0,0,0,0,0
25/08/25 13:30:56,853.293,703710,SHK0000001,1662,1660,796,4095,4095,4095,0,0,0,0,0,0,0
25/08/25 13:30:57,854.283,703710,SHK0000001,1654,1652,798,4095,4095,4095,0,0,0,0,0,0,0
25/08/25 13:30:58,855.286,703710,SHK0000001,1655,1656,797,4095,4095,4095,0,0,0,0,0,0,0
25/08/25 13:30:59,856.287,703710,SHK0000001,1657,1650,797,4095,4095,4095,0,0,0,0,0,0,0
25/08/25 13:31:00,857.289,703710,SHK0000001,1655,1648,799,4095,4095,4095,0,0,0,0,0,0,0
25/08/25 13:31:01,858.286,703710,SHK0000001,1654,1655,798,4095,4095,4095,0,0,0,0,0,0,0
25/08/25 13:31:02,859.286,703710,SHK0000001,1657,1654,798,4095,4095,4095,0,0,0,0,0,0,0
25/08/25 13:31:03,860.284,703710,SHK0000001,1654,1657,797,4095,4095,4095,0,0,0,0,0,0,0
25/08/25 13:31:04,861.287,703710,SHK0000001,1652,1649,794,4095,4095,4095,0,0,0,0,0,0,0
25/08/25 13:31:05,862.286,703710,SHK0000001,1650,1653,795,4095,4095,4095,0,0,0,0,0,0,0
25/08/25 13:31:06,863.292,703710,SHK0000001,1653,1654,793,4095,4095,4095,0,0,0,0,0,0,0
25/08/25 13:31:07,864.278,703710,SHK0000001,1649,1653,788,4095,4095,4095,0,0,0,0,0,0,0
25/08/25 13:31:08,865.287,703710,SHK0000001,1650,1655,791,4095,4095,4095,0,0,0,0,0,0,0
25/08/25 13:31:09,866.279,703710,SHK0000001,1652,1650,791,4095,4095,4095,0,0,0,0,0,0,0
25/08/25 13:31:10,867.286,703710,SHK0000001,1652,1648,789,4095,4095,4095,0,0,0,0,0,0,0
25/08/25 13:31:11,868.279,703710,SHK0000001,1648,1646,792,4095,4095,4095,0,0,0,0,0,0,0
25/08/25 13:31:12,869.287,703710,SHK0000001,1646,1652,790,4095,4095,4095,0,0,0,0,0,0,0
25/08/25 13:31:13,870.28,703710,SHK0000001,1646,1644,790,4095,4095,4095,0,0,0,0,0,0,0
25/08/25 13:31:14,871.289,703710,SHK0000001,1649,1644,791,4095,4095,4095,0,0,0,0,0,0,0
25/08/25 13:31:15,872.284,703710,SHK0000001,1649,1651,789,4095,4095,4095,0,0,0,0,0,0,0
25/08/25 13:31:16,873.295,703710,SHK0000001,1647,1641,785,4095,4095,4095,0,0,0,0,0,0,0
25/08/25 13:31:17,874.283,703710,SHK0000001,1646,1645,788,4095,4095,4095,0,0,0,0,0,0,0
25/08/25 13:31:18,875.294,703710,SHK0000001,1643,1650,787,4095,4095,4095,0,0,0,0,0,0,0
25/08/25 13:31:19,876.286,703710,SHK0000001,1648,1642,788,4095,4095,4095,0,0,0,0,0,0,0
25/08/25 13:31:20,877.295,703710,SHK0000001,1647,1644,790,4095,4095,4095,0,0,0,0,0,0,0
25/08/25 13:31:21,878.284,703710,SHK0000001,1646,1644,789,4095,4095,4095,0,0,0,0,0,0,0
25/08/25 13:31:22,879.294,703710,SHK0000001,1641,1647,790,4095,4095,4095,0,0,0,0,0,0,0
25/08/25 13:31:23,880.287,703710,SHK0000001,1643,1637,791,4095,4095,4095,0,0,0,0,0,0,0
25/08/25 13:31:24,881.295,703710,SHK0000001,1651,1645,790,4095,4095,4095,0,0,0,0,0,0,0
25/08/25 13:31:25,882.283,703710,SHK0000001,1650,1640,792,4095,4095,4095,0,0,0,0,0,0,0
25/08/25 13:31:26,883.288,703710,SHK0000001,1642,1646,791,4095,4095,4095,0,0,0,0,0,0,0
25/08/25 13:31:27,884.288,703710,SHK0000001,1646,1644,790,4095,4095,4095,0,0,0,0,0,0,0
25/08/25 13:31:28,885.294,703710,SHK0000001,1645,1644,792,4095,4095,4095,0,0,0,0,0,0,0
25/08/25 13:31:29,886.286,703710,SHK0000001,1646,1636,791,4095,4095,4095,0,0,0,0,0,0,0
25/08/25 13:31:30,887.295,703710,SHK0000001,1645,1641,791,4095,4095,4095,0,0,0,0,0,0,0
25/08/25 13:31:31,888.285,703710,SHK0000001,1643,1643,793,4095,4095,4095,0,0,0,0,0,0,0
25/08/25 13:31:32,889.289,703710,SHK0000001,1645,1641,792,4095,4095,4095,0,0,0,0,0,0,0
25/08/25 13:31:33,890.282,703710,SHK0000001,1650,1638,792,4095,4095,4095,0,0,0,0,0,0,0
25/08/25 13:31:34,891.295,703710,SHK0000001,1645,1640,793,4095,4095,4095,0,0,0,0,0,0,0
25/08/25 13:31:35,892.287,703710,SHK0000001,1642,1640,792,4095,4095,4095,0,0,0,0,0,0,0
25/08/25 13:31:36,893.296,703710,SHK0000001,1639,1648,795,4095,4095,4095,0,0,0,0,0,0,0
25/08/25 13:31:37,894.288,703710,SHK0000001,1644,1646,793,4095,4095,4095,0,0,0,0,0,0,0
25/08/25 13:31:38,895.289,703710,SHK0000001,1643,1640,792,4095,4095,4095,0,0,0,0,0,0,0
25/08/25 13:31:39,896.288,703710,SHK0000001,1646,1639,794,4095,4095,4095,0,0,0,0,0,0,0
25/08/25 13:31:40,897.292,703710,SHK0000001,1646,1645,794,4095,4095,4095,0,0,0,0,0,0,0
25/08/25 13:31:41,898.278,703710,SHK0000001,1640,1649,793,4095,4095,4095,0,0,0,0,0,0,0
25/08/25 13:31:42,899.294,703710,SHK0000001,1648,1639,795,4095,4095,4095,0,0,0,0,0,0,0
25/08/25 13:31:43,900.287,703710,SHK0000001,1641,1641,793,4095,4095,4095,0,0,0,0,0,0,0
25/08/25 13:31:44,901.293,703710,SHK0000001,1642,1647,793,4095,4095,4095,0,0,0,0,0,1,0
25/08/25 13:31:45,902.287,703710,SHK0000001,1644,1637,795,4095,4095,4095,0,0,0,0,0,1,0
25/08/25 13:31:46,903.294,703710,SHK0000001,1644,1642,793,4095,4095,4095,0,0,0,0,0,1,0
25/08/25 13:31:47,904.282,703710,SHK0000001,1648,1645,794,4095,4095,4095,0,0,0,0,0,1,0
25/08/25 13:31:48,905.286,703710,SHK0000001,1645,1636,795,4095,4095,4095,0,0,0,0,0,1,0
25/08/25 13:31:49,906.284,703710,SHK0000001,1640,1640,793,4095,4095,4095,0,0,0,0,0,1,0
25/08/25 13:31:50,907.291,703710,SHK0000001,1648,1642,795,4095,4095,4095,0,0,0,0,0,1,0
25/08/25 13:31:51,908.286,703710,SHK0000001,1640,1641,795,4095,4095,4095,0,0,0,0,0,1,0
25/08/25 13:31:52,909.288,703710,SHK0000001,1649,1645,793,4095,4095,4095,0,0,0,0,0,1,0
25/08/25 13:31:53,910.281,703710,SHK0000001,1646,1642,795,4095,4095,4095,0,0,0,0,0,1,0
25/08/25 13:31:54,911.287,703710,SHK0000001,1647,1651,794,4095,4095,4095,0,0,0,0,0,1,0
25/08/25 13:31:55,912.285,703710,SHK0000001,1641,1639,793,4095,4095,4095,0,0,0,0,0,1,0
25/08/25 13:31:56,913.287,703710,SHK0000001,1646,1649,796,4095,4095,4095,0,0,0,0,0,1,0
25/08/25 13:31:57,914.286,703710,SHK0000001,1650,1643,795,4095,4095,4095,0,0,0,0,0,1,0
25/08/25 13:31:58,915.288,703710,SHK0000001,1652,1645,794,4095,4095,4095,0,0,0,0,0,1,0
25/08/25 13:31:59,916.285,703710,SHK0000001,1654,1637,796,4095,4095,4095,0,0,0,0,0,1,0
25/08/25 13:32:00,917.287,703710,SHK0000001,1655,1653,794,4095,4095,4095,0,0,0,0,0,1,0
25/08/25 13:32:01,918.279,703710,SHK0000001,1649,1647,795,4095,4095,4095,0,0,0,0,0,1,0
25/08/25 13:32:02,919.294,703710,SHK0000001,1648,1644,797,4095,4095,4095,0,0,0,0,0,1,0
25/08/25 13:32:03,920.28,703710,SHK0000001,1648,1656,794,4095,4095,4095,0,0,0,0,0,1,0
25/08/25 13:32:04,921.295,703710,SHK0000001,1642,1652,796,4095,4095,4095,0,0,0,0,0,1,0
25/08/25 13:32:05,922.288,703710,SHK0000001,1644,1648,796,4095,4095,4095,0,0,0,0,0,1,0
25/08/25 13:32:06,923.288,703710,SHK0000001,1652,1640,795,4095,4095,4095,0,0,0,0,0,1,0
25/08/25 13:32:07,924.286,703710,SHK0000001,1652,1645,796,4095,4095,4095,0,0,0,0,0,1,0
25/08/25 13:32:08,925.289,703710,SHK0000001,1642,1648,796,4095,4095,4095,0,0,0,0,0,1,0
25/08/25 13:32:09,926.284,703710,SHK0000001,1648,1649,795,4095,4095,4095,0,0,0,0,0,1,0
25/08/25 13:32:10,927.287,703710,SHK0000001,1652,1644,796,4095,4095,4095,0,0,0,0,0,1,0
25/08/25 13:32:11,928.287,703710,SHK0000001,1647,1645,796,4095,4095,4095,0,0,0,0,0,1,0
25/08/25 13:32:12,929.287,703710,SHK0000001,1650,1646,795,4095,4095,4095,0,0,0,0,0,1,0
25/08/25 13:32:13,930.283,703710,SHK0000001,1647,1649,797,4095,4095,4095,0,0,0,0,0,1,0
25/08/25 13:32:14,931.293,703710,SHK0000001,1649,1645,795,4095,4095,4095,0,0,0,0,0,1,0
25/08/25 13:32:15,932.281,703710,SHK0000001,1650,1647,795,4095,4095,4095,0,0,0,0,0,1,0
25/08/25 13:32:16,933.294,703710,SHK0000001,1648,1644,797,4095,4095,4095,0,0,0,0,0,1,0
25/08/25 13:32:17,934.286,703710,SHK0000001,1654,1654,795,4095,4095,4095,0,0,0,0,0,1,0
25/08/25 13:32:18,935.293,703710,SHK0000001,1648,1648,797,4095,4095,4095,0,0,0,0,0,1,0
25/08/25 13:32:19,936.286,703710,SHK0000001,1651,1649,797,4095,4095,4095,0,0,0,0,0,1,0
25/08/25 13:32:20,937.294,703710,SHK0000001,1654,1651,795,4095,4095,4095,0,0,0,0,0,1,0
25/08/25 13:32:21,938.28,703710,SHK0000001,1654,1651,796,4095,4095,4095,0,0,0,0,0,1,0
25/08/25 13:32:22,939.288,703710,SHK0000001,1650,1649,797,4095,4095,4095,0,0,0,0,0,1,0
25/08/25 13:32:23,940.279,703710,SHK0000001,1653,1649,795,4095,4095,4095,0,0,0,0,0,1,0
25/08/25 13:32:24,941.287,703710,SHK0000001,1647,1651,798,4095,4095,4095,0,0,0,0,0,1,0
25/08/25 13:32:25,942.288,703710,SHK0000001,1651,1654,797,4095,4095,4095,0,0,0,0,0,1,0
25/08/25 13:32:26,943.287,703710,SHK0000001,1646,1648,796,4095,4095,4095,0,0,0,0,0,1,0
25/08/25 13:32:27,944.279,703710,SHK0000001,1655,1652,797,4095,4095,4095,0,0,0,0,0,1,0
25/08/25 13:32:28,945.291,703710,SHK0000001,1645,1649,797,4095,4095,4095,0,0,0,0,0,1,0
25/08/25 13:32:29,946.28,703710,SHK0000001,1652,1650,796,4095,4095,4095,0,0,0,0,0,1,0
25/08/25 13:32:30,947.288,703710,SHK0000001,1656,1655,798,4095,4095,4095,0,0,0,0,0,1,0
25/08/25 13:32:31,948.287,703710,SHK0000001,1652,1648,796,4095,4095,4095,0,0,0,0,0,1,0
25/08/25 13:32:32,949.287,703710,SHK0000001,1656,1649,796,4095,4095,4095,0,0,0,0,0,1,0
25/08/25 13:32:33,950.284,703710,SHK0000001,1659,1649,797,4095,4095,4095,0,0,0,0,0,1,0
25/08/25 13:32:34,951.287,703710,SHK0000001,1651,1649,796,4095,4095,4095,0,0,0,0,0,1,0
25/08/25 13:32:35,952.282,703710,SHK0000001,1655,1649,798,4095,4095,4095,0,0,0,0,0,1,0
25/08/25 13:32:36,953.29,703710,SHK0000001,1648,1653,798,4095,4095,4095,0,0,0,0,0,1,0
25/08/25 13:32:37,954.282,703710,SHK0000001,1651,1653,797,4095,4095,4095,0,0,0,0,0,1,0
25/08/25 13:32:38,955.291,703710,SHK0000001,1652,1652,798,4095,4095,4095,0,0,0,0,0,1,0
25/08/25 13:32:39,956.285,703710,SHK0000001,1654,1652,798,4095,4095,4095,0,0,0,0,0,1,0
25/08/25 13:32:40,957.287,703710,SHK0000001,1654,1655,797,4095,4095,4095,0,0,0,0,0,1,0
25/08/25 13:32:41,958.283,703710,SHK0000001,1655,1661,799,4095,4095,4095,0,0,0,0,0,1,0
25/08/25 13:32:42,959.294,703710,SHK0000001,1648,1657,798,4095,4095,4095,0,0,0,0,0,1,0
25/08/25 13:32:43,960.28,703710,SHK0000001,1659,1660,797,4095,4095,4095,0,0,0,0,0,1,0
25/08/25 13:32:44,961.288,703710,SHK0000001,1652,1655,798,4095,4095,4095,0,0,0,0,0,1,0
25/08/25 13:32:45,962.286,703710,SHK0000001,1658,1652,797,4095,4095,4095,0,0,0,0,0,1,0
25/08/25 13:32:46,963.295,703710,SHK0000001,1661,1661,797,4095,4095,4095,0,0,0,0,0,1,0
25/08/25 13:32:47,964.281,703710,SHK0000001,1652,1656,799,4095,4095,4095,0,0,0,0,0,1,0
25/08/25 13:32:48,965.296,703710,SHK0000001,1656,1659,798,4095,4095,4095,0,0,0,0,0,1,0
25/08/25 13:32:49,966.279,703710,SHK0000001,1658,1654,799,4095,4095,4095,0,0,0,0,0,1,0
25/08/25 13:32:50,967.292,703710,SHK0000001,1656,1655,799,4095,4095,4095,0,0,0,0,0,1,0
25/08/25 13:32:51,968.283,703710,SHK0000001,1654,1659,797,4095,4095,4095,0,0,0,0,0,1,0
25/08/25 13:32:52,969.294,703710,SHK0000001,1656,1656,798,4095,4095,4095,0,0,0,0,0,1,0
25/08/25 13:32:53,970.281,703710,SHK0000001,1659,1660,799,4095,4095,4095,0,0,0,0,0,1,0
25/08/25 13:32:54,971.287,703710,SHK0000001,1660,1656,798,4095,4095,4095,0,0,0,0,0,1,0
25/08/25 13:32:55,972.284,703710,SHK0000001,1660,1655,800,4095,4095,4095,0,0,0,0,0,1,0
25/08/25 13:32:56,973.285,703710,SHK0000001,1659,1655,799,4095,4095,4095,0,0,0,0,0,1,0
25/08/25 13:32:57,974.279,703710,SHK0000001,1655,1662,798,4095,4095,4095,0,0,0,0,0,1,0
25/08/25 13:32:58,975.289,703710,SHK0000001,1660,1657,800,4095,4095,4095,0,0,0,0,0,1,0
25/08/25 13:32:59,976.277,703710,SHK0000001,1662,1649,798,4095,4095,4095,0,0,0,0,0,1,0
25/08/25 13:33:00,977.286,703710,SHK0000001,1654,1656,798,4095,4095,4095,0,0,0,0,0,1,0
25/08/25 13:33:01,978.28,703710,SHK0000001,1665,1657,800,4095,4095,4095,0,0,0,0,0,1,0
25/08/25 13:33:02,979.294,703710,SHK0000001,1657,1654,798,4095,4095,4095,0,0,0,0,0,1,0
25/08/25 13:33:03,980.279,703710,SHK0000001,1655,1658,798,4095,4095,4095,0,0,0,0,0,1,0
25/08/25 13:33:04,981.285,703710,SHK0000001,1656,1655,800,4095,4095,4095,0,0,0,0,0,1,0
25/08/25 13:33:05,982.282,703710,SHK0000001,1663,1659,798,4095,4095,4095,0,0,0,0,0,1,0
25/08/25 13:33:06,983.292,703710,SHK0000001,1658,1656,799,4095,4095,4095,0,0,0,0,0,1,0
25/08/25 13:33:07,984.284,703710,SHK0000001,1656,1659,799,4095,4095,4095,0,0,0,0,0,1,0
25/08/25 13:33:08,985.285,703710,SHK0000001,1662,1660,798,4095,4095,4095,0,0,0,0,0,1,0
25/08/25 13:33:09,986.28,703710,SHK0000001,1663,1661,801,4095,4095,4095,0,0,0,0,0,1,0
25/08/25 13:33:10,987.294,703710,SHK0000001,1657,1657,800,4095,4095,4095,0,0,0,0,0,1,0
25/08/25 13:33:11,988.282,703710,SHK0000001,1663,1653,799,4095,4095,4095,0,0,0,0,0,1,0
25/08/25 13:33:12,989.292,703710,SHK0000001,1659,1657,800,4095,4095,4095,0,0,0,0,0,1,0
25/08/25 13:33:13,990.278,703710,SHK0000001,1662,1659,800,4095,4095,4095,0,0,0,0,0,1,0
25/08/25 13:33:14,991.285,703710,SHK0000001,1655,1663,798,4095,4095,4095,0,0,0,0,0,1,0
25/08/25 13:33:15,992.28,703710,SHK0000001,1660,1670,800,4095,4095,4095,0,0,0,0,0,1,0
25/08/25 13:33:16,993.286,703710,SHK0000001,1658,1663,799,4095,4095,4095,0,0,0,0,0,1,0
25/08/25 13:33:17,994.282,703710,SHK0000001,1665,1667,800,4095,4095,4095,0,0,0,0,0,1,0
25/08/25 13:33:18,995.286,703710,SHK0000001,1660,1663,802,4095,4095,4095,0,0,0,0,0,1,0
25/08/25 13:33:19,996.288,703710,SHK0000001,1657,1666,800,4095,4095,4095,0,0,0,0,0,1,0
25/08/25 13:33:20,997.294,703710,SHK0000001,1661,1663,801,4095,4095,4095,0,0,0,0,0,1,0
25/08/25 13:33:21,998.281,703710,SHK0000001,1667,1662,801,4095,4095,4095,0,0,0,0,0,1,0
25/08/25 13:33:22,999.295,703710,SHK0000001,1663,1657,799,4095,4095,4095,0,0,0,0,0,1,0
25/08/25 13:33:23,1000.287,703710,SHK0000001,1662,1664,802,4095,4095,4095,0,0,0,0,0,1,0
25/08/25 13:33:24,1001.291,703710,SHK0000001,1666,1663,801,4095,4095,4095,0,0,0,0,0,1,0
25/08/25 13:33:25,1002.278,703710,SHK0000001,1665,1663,800,4095,4095,4095,0,0,0,0,0,1,0
25/08/25 13:33:26,1003.293,703710,SHK0000001,1664,1659,801,4095,4095,4095,0,0,0,0,0,1,0
25/08/25 13:33:27,1004.278,703710,SHK0000001,1665,1660,801,4095,4095,4095,0,0,0,0,0,1,0
25/08/25 13:33:28,1005.293,703710,SHK0000001,1660,1662,800,4095,4095,4095,0,0,0,0,0,1,0
25/08/25 13:33:29,1006.285,703710,SHK0000001,1662,1662,802,4095,4095,4095,0,0,0,0,0,1,0
25/08/25 13:33:30,1007.294,703710,SHK0000001,1660,1668,801,4095,4095,4095,0,0,0,0,0,1,0
25/08/25 13:33:31,1008.285,703710,SHK0000001,1670,1662,801,4095,4095,4095,0,0,0,0,0,1,0
25/08/25 13:33:32,1009.287,703710,SHK0000001,1664,1662,803,4095,4095,4095,0,0,0,0,0,1,0
25/08/25 13:33:33,1010.279,703710,SHK0000001,1663,1663,801,4095,4095,4095,0,0,0,0,0,1,0
25/08/25 13:33:34,1011.289,703710,SHK0000001,1658,1667,801,4095,4095,4095,0,0,0,0,0,1,0
25/08/25 13:33:35,1012.285,703710,SHK0000001,1661,1659,803,4095,4095,4095,0,0,0,0,0,1,0
25/08/25 13:33:36,1013.29,703710,SHK0000001,1671,1660,801,4095,4095,4095,0,0,0,0,0,1,0
25/08/25 13:33:37,1014.278,703710,SHK0000001,1663,1668,802,4095,4095,4095,0,0,0,0,0,1,0
25/08/25 13:33:38,1015.293,703710,SHK0000001,1659,1660,802,4095,4095,4095,0,0,0,0,0,1,0
25/08/25 13:33:39,1016.278,703710,SHK0000001,1662,1664,801,4095,4095,4095,0,0,0,0,0,1,0
25/08/25 13:33:40,1017.293,703710,SHK0000001,1663,1663,802,4095,4095,4095,0,0,0,0,0,1,0
25/08/25 13:33:41,1018.28,703710,SHK0000001,1667,1661,802,4095,4095,4095,0,0,0,0,0,1,0
25/08/25 13:33:42,1019.295,703710,SHK0000001,1668,1665,801,4095,4095,4095,0,0,0,0,0,1,0
25/08/25 13:33:43,1020.286,703710,SHK0000001,1664,1664,803,4095,4095,4095,0,0,0,0,0,1,0
25/08/25 13:33:44,1021.287,703710,SHK0000001,1669,1671,802,4095,4095,4095,0,0,0,0,0,1,0
25/08/25 13:33:45,1022.28,703710,SHK0000001,1664,1664,801,4095,4095,4095,0,0,0,0,0,1,0
25/08/25 13:33:46,1023.296,703710,SHK0000001,1665,1671,803,4095,4095,4095,0,0,0,0,0,1,0
25/08/25 13:33:47,1024.284,703710,SHK0000001,1668,1666,802,4095,4095,4095,0,0,0,0,0,0,0
25/08/25 13:33:48,1025.291,703710,SHK0000001,1658,1669,802,4095,4095,4095,0,0,0,0,0,0,0
25/08/25 13:33:49,1026.283,703710,SHK0000001,1665,1668,803,4095,4095,4095,0,0,0,0,0,0,0
25/08/25 13:33:50,1027.29,703710,SHK0000001,1661,1660,801,4095,4095,4095,0,0,0,0,0,0,0
25/08/25 13:33:51,1028.28,703710,SHK0000001,1666,1660,802,4095,4095,4095,0,0,0,0,0,0,0
25/08/25 13:33:52,1029.289,703710,SHK0000001,1667,1668,803,4095,4095,4095,0,0,0,0,0,0,0
25/08/25 13:33:53,1030.282,703710,SHK0000001,1663,1663,801,4095,4095,4095,0,0,0,0,0,0,0
25/08/25 13:33:54,1031.286,703710,SHK0000001,1669,1667,803,4095,4095,4095,0,0,0,0,0,0,0
25/08/25 13:33:55,1032.283,703710,SHK0000001,1667,1669,802,4095,4095,4095,0,0,0,0,0,0,0
25/08/25 13:33:56,1033.287,703710,SHK0000001,1667,1662,802,4095,4095,4095,0,0,0,0,0,0,0
25/08/25 13:33:57,1034.284,703710,SHK0000001,1663,1659,804,4095,4095,4095,0,0,0,0,0,0,0
25/08/25 13:33:58,1035.285,703710,SHK0000001,1664,1664,802,4095,4095,4095,0,0,0,0,0,0,0
25/08/25 13:33:59,1036.285,703710,SHK0000001,1669,1669,802,4095,4095,4095,0,0,0,0,0,0,0
25/08/25 13:34:00,1037.294,703710,SHK0000001,1671,1664,804,4095,4095,4095,0,0,0,0,0,0,0
25/08/25 13:34:01,1038.287,703710,SHK0000001,1670,1666,802,4095,4095,4095,0,0,0,0,0,0,0
25/08/25 13:34:02,1039.291,703710,SHK0000001,1673,1671,803,4095,4095,4095,0,0,0,0,0,0,0
25/08/25 13:34:03,1040.285,703710,SHK0000001,1668,1662,804,4095,4095,4095,0,0,0,0,0,0,0
25/08/25 13:34:04,1041.289,703710,SHK0000001,1663,1664,802,4095,4095,4095,0,0,0,0,0,0,0
25/08/25 13:34:05,1042.286,703710,SHK0000001,1671,1666,803,4095,4095,4095,0,0,0,0,0,0,0
25/08/25 13:34:06,1043.289,703710,SHK0000001,1667,1670,804,4095,4095,4095,0,0,0,0,0,0,0
25/08/25 13:34:07,1044.278,703710,SHK0000001,1669,1672,802,4095,4095,4095,0,0,0,0,0,0,0
25/08/25 13:34:08,1045.291,703710,SHK0000001,1669,1671,803,4095,4095,4095,0,0,0,0,0,0,0
25/08/25 13:34:09,1046.283,703710,SHK0000001,1668,1667,803,4095,4095,4095,0,0,0,0,0,0,0
25/08/25 13:34:10,1047.294,703710,SHK0000001,1660,1675,802,4095,4095,4095,0,0,0,0,0,0,0
25/08/25 13:34:11,1048.28,703710,SHK0000001,1661,1667,804,4095,4095,4095,0,0,0,0,0,0,0
25/08/25 13:34:12,1049.291,703710,SHK0000001,1670,1669,803,4095,4095,4095,0,0,0,0,0,0,0
25/08/25 13:34:13,1050.282,703710,SHK0000001,1670,1660,803,4095,4095,4095,0,0,0,0,0,0,0
25/08/25 13:34:14,1051.29,703710,SHK0000001,1673,1669,805,4095,4095,4095,0,0,0,0,0,0,0
25/08/25 13:34:15,1052.28,703710,SHK0000001,1673,1669,804,4095,4095,4095,0,0,0,0,0,0,0
25/08/25 13:34:16,1053.293,703710,SHK0000001,1673,1665,802,4095,4095,4095,0,0,0,0,0,0,0
25/08/25 13:34:17,1054.278,703710,SHK0000001,1672,1669,805,4095,4095,4095,0,0,0,0,0,0,0
25/08/25 13:34:18,1055.295,703710,SHK0000001,1663,1667,803,4095,4095,4095,0,0,0,0,0,0,0
25/08/25 13:34:19,1056.279,703710,SHK0000001,1671,1669,804,4095,4095,4095,0,0,0,0,0,0,0
25/08/25 13:34:20,1057.295,703710,SHK0000001,1675,1664,805,4095,4095,4095,0,0,0,0,0,0,0
25/08/25 13:34:21,1058.284,703710,SHK0000001,1663,1665,803,4095,4095,4095,0,0,0,0,0,0,0
25/08/25 13:34:22,1059.29,703710,SHK0000001,1671,1675,806,4095,4095,4095,0,0,0,0,0,0,0
25/08/25 13:34:23,1060.282,703710,SHK0000001,1669,1670,805,4095,4095,4095,0,0,0,0,0,0,0
25/08/25 13:34:24,1061.293,703710,SHK0000001,1673,1667,804,4095,4095,4095,0,0,0,0,0,0,0
25/08/25 13:34:25,1062.283,703710,SHK0000001,1705,1711,807,4095,4095,4095,0,0,0,0,0,0,0
25/08/25 13:34:26,1063.291,703710,SHK0000001,1703,1704,806,4095,4095,4095,0,0,0,0,0,0,0
25/08/25 13:34:27,1064.28,703710,SHK0000001,1687,1688,805,4095,4095,4095,0,0,0,0,0,0,0
25/08/25 13:34:28,1065.289,703710,SHK0000001,1689,1692,807,4095,4095,4095,0,0,0,0,0,0,0
25/08/25 13:34:29,1066.283,703710,SHK0000001,1698,1702,805,4095,4095,4095,0,0,0,0,0,0,0
25/08/25 13:34:30,1067.29,703710,SHK0000001,1679,1711,805,4095,4095,4095,0,0,0,0,0,0,0
25/08/25 13:34:31,1068.279,703710,SHK0000001,1712,1695,807,4095,4095,4095,0,0,0,0,0,0,0
25/08/25 13:34:32,1069.29,703710,SHK0000001,1681,1675,805,4095,4095,4095,0,0,0,0,0,0,0
25/08/25 13:34:33,1070.284,703710,SHK0000001,1672,1718,807,4095,4095,4095,0,0,0,0,0,0,0
25/08/25 13:34:34,1071.289,703710,SHK0000001,1669,1674,807,4095,4095,4095,0,0,0,0,0,0,0
25/08/25 13:34:35,1072.284,703710,SHK0000001,1662,1662,805,4095,4095,4095,0,0,0,0,0,0,0
25/08/25 13:34:36,1073.292,703710,SHK0000001,1612,1651,806,4095,4095,4095,0,0,0,0,0,0,0
25/08/25 13:34:37,1074.283,703710,SHK0000001,1668,1662,806,4095,4095,4095,0,0,0,0,0,0,0
25/08/25 13:34:38,1075.29,703710,SHK0000001,2054,2055,806,4095,4095,4095,0,0,0,0,0,0,0
25/08/25 13:34:39,1076.277,703710,SHK0000001,2076,2075,807,4095,4095,4095,0,0,0,0,0,0,0
25/08/25 13:34:40,1077.29,703710,SHK0000001,2070,2073,807,4095,4095,4095,0,0,0,0,0,0,0
25/08/25 13:34:41,1078.287,703710,SHK0000001,2080,2066,805,4095,4095,4095,0,0,0,0,0,0,0
25/08/25 13:34:42,1079.29,703710,SHK0000001,2079,2073,808,4095,4095,4095,0,0,0,0,0,0,0
25/08/25 13:34:43,1080.28,703710,SHK0000001,2080,2080,807,4095,4095,4095,0,0,0,0,0,0,0
25/08/25 13:34:44,1081.288,703710,SHK0000001,2085,2076,805,4095,4095,4095,0,0,0,0,0,0,0
25/08/25 13:34:45,1082.288,703710,SHK0000001,2078,2075,808,4095,4095,4095,0,0,0,0,0,0,0
25/08/25 13:34:46,1083.288,703710,SHK0000001,2081,2087,807,4095,4095,4095,0,0,0,0,0,0,0
25/08/25 13:34:47,1084.281,703710,SHK0000001,2077,2082,807,4095,4095,4095,0,0,0,0,0,0,0
25/08/25 13:34:48,1085.294,703710,SHK0000001,2081,2084,807,4095,4095,4095,0,0,0,0,0,0,0
25/08/25 13:34:49,1086.286,703710,SHK0000001,2076,2082,806,4095,4095,4095,0,0,0,0,0,0,0
