23/07/25 15:21:44,3427.693,1624.0,829.0,1633.0,788.7,58.55,769.7,71.69,72.18,0.0,0.0,0.0,10.0,153.0,1.0,71.685,72.1812,5.35613e+38,-0.03999,-0.20689,-50.0,100.0,0.01,0.0,0.1,0.05,192.366,0.946565,1.0,4095.0,0,0
23/07/25 15:21:46,3428.751,1628.0,828.0,1631.0,788.7,58.6,769.7,71.92,72.03,0.0,0.0,0.0,10.0,153.0,1.0,71.9232,72.0272,5.37782e+38,-0.03998,-0.20718,-50.0,100.0,0.01,0.0,0.1,0.05,192.366,0.946565,1.0,4095.0,0,0
23/07/25 15:21:47,3429.82,1629.0,828.0,1632.0,788.7,58.6,769.7,71.78,71.98,0.0,0.0,0.0,10.0,153.0,1.0,71.7811,71.9772,5.38314e+38,-0.03998,-0.20718,-50.0,100.0,0.01,0.0,0.1,0.05,192.366,0.946565,1.0,4095.0,0,0
23/07/25 15:21:47,3430.6,1627.0,830.0,1628.0,788.7,58.5,769.7,71.98,71.99,0.0,0.0,0.0,10.0,153.0,1.0,71.9811,71.985,5.37168e+38,-0.04,-0.2066,-50.0,100.0,0.01,0.0,0.1,0.05,192.366,0.946565,1.0,4095.0,0,0
23/07/25 15:21:48,3431.675,1628.0,828.0,1638.0,788.7,58.6,769.7,71.57,72.03,0.0,0.0,0.0,10.0,153.0,1.0,71.573,72.0272,5.37782e+38,-0.03998,-0.20718,-50.0,100.0,0.01,0.0,0.1,0.05,192.366,0.946565,1.0,4095.0,0,0
23/07/25 15:21:50,3432.738,1628.0,828.0,1634.0,788.7,58.6,769.7,71.68,72.03,0.0,0.0,0.0,10.0,153.0,1.0,71.681,72.0272,5.37782e+38,-0.03998,-0.20718,-50.0,100.0,0.01,0.0,0.1,0.05,192.366,0.946565,1.0,4095.0,0,0
23/07/25 15:21:51,3433.806,1635.0,830.0,1636.0,788.7,58.5,769.7,71.58,71.59,0.0,0.0,0.0,10.0,153.0,1.0,71.581,71.585,5.41421e+38,-0.04,-0.2066,-50.0,100.0,0.01,0.0,0.1,0.05,192.366,0.946565,1.0,4095.0,0,0
23/07/25 15:21:51,3434.584,1631.0,827.0,1632.0,788.7,58.65,769.7,71.83,71.92,0.0,0.0,0.0,10.0,153.0,1.0,71.8271,71.9232,5.3942e+38,-0.03997,-0.20747,-50.0,100.0,0.01,0.0,0.1,0.05,192.366,0.946565,1.0,4095.0,0,0
23/07/25 15:21:52,3435.671,1630.0,828.0,1635.0,788.7,58.6,769.7,71.59,71.93,0.0,0.0,0.0,10.0,153.0,1.0,71.585,71.9272,5.38846e+38,-0.03998,-0.20718,-50.0,100.0,0.01,0.0,0.1,0.05,192.366,0.946565,1.0,4095.0,0,0
23/07/25 15:21:54,3436.757,1635.0,829.0,1638.0,788.7,58.55,769.7,71.53,71.63,0.0,0.0,0.0,10.0,153.0,1.0,71.527,71.631,5.41463e+38,-0.03999,-0.20689,-50.0,100.0,0.01,0.0,0.1,0.05,192.366,0.946565,1.0,4095.0,0,0
23/07/25 15:21:54,3437.569,1630.0,827.0,1633.0,788.7,58.65,769.7,71.78,71.97,0.0,0.0,0.0,10.0,153.0,1.0,71.7771,71.9733,5.38888e+38,-0.03997,-0.20747,-50.0,100.0,0.01,0.0,0.1,0.05,192.366,0.946565,1.0,4095.0,0,0
23/07/25 15:21:55,3438.656,1639.0,830.0,1636.0,788.7,58.5,769.7,71.54,71.39,0.0,0.0,0.0,10.0,153.0,1.0,71.535,71.385,5.43548e+38,-0.04,-0.2066,-50.0,100.0,0.01,0.0,0.1,0.05,192.366,0.946565,1.0,4095.0,0,0
23/07/25 15:21:56,3439.719,1627.0,829.0,1631.0,788.7,58.55,769.7,71.88,72.03,0.0,0.0,0.0,10.0,153.0,1.0,71.8771,72.0311,5.37209e+38,-0.03999,-0.20689,-50.0,100.0,0.01,0.0,0.1,0.05,192.366,0.946565,1.0,4095.0,0,0
23/07/25 15:21:58,3440.798,1630.0,828.0,1630.0,788.7,58.6,769.7,71.93,71.93,0.0,0.0,0.0,10.0,153.0,1.0,71.9272,71.9272,5.38846e+38,-0.03998,-0.20718,-50.0,100.0,0.01,0.0,0.1,0.05,192.366,0.946565,1.0,4095.0,0,0
23/07/25 15:21:58,3441.567,1635.0,829.0,1622.0,788.7,58.55,769.7,72.24,71.63,0.0,0.0,0.0,10.0,153.0,1.0,72.235,71.631,5.41463e+38,-0.03999,-0.20689,-50.0,100.0,0.01,0.0,0.1,0.05,192.366,0.946565,1.0,4095.0,0,0
23/07/25 15:21:59,3442.659,1634.0,829.0,1635.0,788.7,58.55,769.7,71.68,71.68,0.0,0.0,0.0,10.0,153.0,1.0,71.6771,71.681,5.40932e+38,-0.03999,-0.20689,-50.0,100.0,0.01,0.0,0.1,0.05,192.366,0.946565,1.0,4095.0,0,0
23/07/25 15:22:00,3443.727,1630.0,828.0,1634.0,788.7,58.6,769.7,71.64,71.93,0.0,0.0,0.0,10.0,153.0,1.0,71.635,71.9272,5.38846e+38,-0.03998,-0.20718,-50.0,100.0,0.01,0.0,0.1,0.05,192.366,0.946565,1.0,4095.0,0,0
23/07/25 15:22:02,3444.797,1629.0,830.0,1633.0,788.7,58.5,769.7,71.69,71.89,0.0,0.0,0.0,10.0,153.0,1.0,71.685,71.885,5.38231e+38,-0.04,-0.2066,-50.0,100.0,0.01,0.0,0.1,0.05,192.366,0.946565,1.0,4095.0,0,0
23/07/25 15:22:02,3445.573,1632.0,829.0,1639.0,788.7,58.55,769.7,71.48,71.78,0.0,0.0,0.0,10.0,153.0,1.0,71.4769,71.7811,5.39868e+38,-0.03999,-0.20689,-50.0,100.0,0.01,0.0,0.1,0.05,192.366,0.946565,1.0,4095.0,0,0
23/07/25 15:22:03,3446.631,1623.0,828.0,1633.0,788.7,58.6,769.7,71.73,72.28,0.0,0.0,0.0,10.0,153.0,1.0,71.7311,72.2773,5.35122e+38,-0.03998,-0.20718,-50.0,100.0,0.01,0.0,0.1,0.05,192.366,0.946565,1.0,4095.0,0,0
23/07/25 15:22:04,3447.703,1630.0,830.0,1638.0,788.7,58.5,769.7,71.48,71.84,0.0,0.0,0.0,10.0,153.0,1.0,71.481,71.835,5.38763e+38,-0.04,-0.2066,-50.0,100.0,0.01,0.0,0.1,0.05,192.366,0.946565,1.0,4095.0,0,0
23/07/25 15:22:06,3448.774,1629.0,829.0,1639.0,788.7,58.55,769.7,71.48,71.93,0.0,0.0,0.0,10.0,153.0,1.0,71.4769,71.9311,5.38273e+38,-0.03999,-0.20689,-50.0,100.0,0.01,0.0,0.1,0.05,192.366,0.946565,1.0,4095.0,0,0
23/07/25 15:22:06,3449.562,1631.0,829.0,1633.0,788.7,58.55,769.7,71.69,71.83,0.0,0.0,0.0,10.0,153.0,1.0,71.685,71.8311,5.39336e+38,-0.03999,-0.20689,-50.0,100.0,0.01,0.0,0.1,0.05,192.366,0.946565,1.0,4095.0,0,0
23/07/25 15:22:07,3450.635,1626.0,830.0,1638.0,788.7,58.5,769.7,71.53,72.04,0.0,0.0,0.0,10.0,153.0,1.0,71.527,72.035,5.36636e+38,-0.04,-0.2066,-50.0,100.0,0.01,0.0,0.1,0.05,192.366,0.946565,1.0,4095.0,0,0
23/07/25 15:22:08,3451.682,1639.0,829.0,1636.0,788.7,58.55,769.7,71.63,71.43,0.0,0.0,0.0,10.0,153.0,1.0,71.627,71.431,5.43591e+38,-0.03999,-0.20689,-50.0,100.0,0.01,0.0,0.1,0.05,192.366,0.946565,1.0,4095.0,0,0
23/07/25 15:22:10,3452.749,1635.0,829.0,1635.0,788.7,58.55,769.7,71.59,71.63,0.0,0.0,0.0,10.0,153.0,1.0,71.585,71.631,5.41463e+38,-0.03999,-0.20689,-50.0,100.0,0.01,0.0,0.1,0.05,192.366,0.946565,1.0,4095.0,0,0
23/07/25 15:22:10,3453.547,1638.0,830.0,1642.0,788.7,58.5,769.7,71.33,71.44,0.0,0.0,0.0,10.0,153.0,1.0,71.3269,71.435,5.43016e+38,-0.04,-0.2066,-50.0,100.0,0.01,0.0,0.1,0.05,192.366,0.946565,1.0,4095.0,0,0
23/07/25 15:22:11,3454.631,1624.0,828.0,1633.0,788.7,58.6,769.7,71.78,72.23,0.0,0.0,0.0,10.0,153.0,1.0,71.7771,72.2273,5.35654e+38,-0.03998,-0.20718,-50.0,100.0,0.01,0.0,0.1,0.05,192.366,0.946565,1.0,4095.0,0,0
23/07/25 15:22:12,3455.682,1637.0,829.0,1630.0,788.7,58.55,769.7,71.84,71.53,0.0,0.0,0.0,10.0,153.0,1.0,71.835,71.531,5.42527e+38,-0.03999,-0.20689,-50.0,100.0,0.01,0.0,0.1,0.05,192.366,0.946565,1.0,4095.0,0,0
23/07/25 15:22:13,3456.719,1628.0,830.0,1640.0,788.7,58.5,769.7,71.43,71.94,0.0,0.0,0.0,10.0,153.0,1.0,71.4269,71.935,5.37699e+38,-0.04,-0.2066,-50.0,100.0,0.01,0.0,0.1,0.05,192.366,0.946565,1.0,4095.0,0,0
23/07/25 15:22:15,3457.772,1629.0,828.0,1637.0,788.7,58.6,769.7,71.53,71.98,0.0,0.0,0.0,10.0,153.0,1.0,71.531,71.9772,5.38314e+38,-0.03998,-0.20718,-50.0,100.0,0.01,0.0,0.1,0.05,192.366,0.946565,1.0,4095.0,0,0
23/07/25 15:22:15,3458.561,1630.0,831.0,1634.0,788.7,58.45,769.7,71.64,71.79,0.0,0.0,0.0,10.0,153.0,1.0,71.635,71.7889,5.38721e+38,-0.04001,-0.20631,-50.0,100.0,0.01,0.0,0.1,0.05,192.366,0.946565,1.0,4095.0,0,0
23/07/25 15:22:16,3459.649,1633.0,830.0,1633.0,788.7,58.5,769.7,71.73,71.69,0.0,0.0,0.0,10.0,153.0,1.0,71.7311,71.685,5.40358e+38,-0.04,-0.2066,-50.0,100.0,0.01,0.0,0.1,0.05,192.366,0.946565,1.0,4095.0,0,0
23/07/25 15:22:17,3460.723,1630.0,829.0,1637.0,788.7,58.55,769.7,71.49,71.88,0.0,0.0,0.0,10.0,153.0,1.0,71.485,71.8811,5.38804e+38,-0.03999,-0.20689,-50.0,100.0,0.01,0.0,0.1,0.05,192.366,0.946565,1.0,4095.0,0,0
23/07/25 15:22:19,3461.786,1630.0,830.0,1639.0,788.7,58.5,769.7,71.34,71.84,0.0,0.0,0.0,10.0,153.0,1.0,71.339,71.835,5.38763e+38,-0.04,-0.2066,-50.0,100.0,0.01,0.0,0.1,0.05,192.366,0.946565,1.0,4095.0,0,0
23/07/25 15:22:19,3462.562,1634.0,830.0,1635.0,788.7,58.5,769.7,71.63,71.64,0.0,0.0,0.0,10.0,153.0,1.0,71.631,71.635,5.40889e+38,-0.04,-0.2066,-50.0,100.0,0.01,0.0,0.1,0.05,192.366,0.946565,1.0,4095.0,0,0
23/07/25 15:22:20,3463.636,1634.0,829.0,1630.0,788.7,58.55,769.7,71.79,71.68,0.0,0.0,0.0,10.0,153.0,1.0,71.7889,71.681,5.40932e+38,-0.03999,-0.20689,-50.0,100.0,0.01,0.0,0.1,0.05,192.366,0.946565,1.0,4095.0,0,0
23/07/25 15:22:21,3464.688,1632.0,831.0,1635.0,788.7,58.45,769.7,71.59,71.69,0.0,0.0,0.0,10.0,153.0,1.0,71.585,71.689,5.39784e+38,-0.04001,-0.20631,-50.0,100.0,0.01,0.0,0.1,0.05,192.366,0.946565,1.0,4095.0,0,0
23/07/25 15:22:23,3465.758,1627.0,829.0,1633.0,788.7,58.55,769.7,71.78,72.03,0.0,0.0,0.0,10.0,153.0,1.0,71.7771,72.0311,5.37209e+38,-0.03999,-0.20689,-50.0,100.0,0.01,0.0,0.1,0.05,192.366,0.946565,1.0,4095.0,0,0
23/07/25 15:22:23,3466.556,1629.0,830.0,1628.0,788.7,58.5,769.7,71.89,71.89,0.0,0.0,0.0,10.0,153.0,1.0,71.8889,71.885,5.38231e+38,-0.04,-0.2066,-50.0,100.0,0.01,0.0,0.1,0.05,192.366,0.946565,1.0,4095.0,0,0
23/07/25 15:22:24,3467.622,1629.0,831.0,1640.0,788.7,58.45,769.7,71.38,71.84,0.0,0.0,0.0,10.0,153.0,1.0,71.381,71.8389,5.3819e+38,-0.04001,-0.20631,-50.0,100.0,0.01,0.0,0.1,0.05,192.366,0.946565,1.0,4095.0,0,0
23/07/25 15:22:25,3468.666,1632.0,829.0,1634.0,788.7,58.55,769.7,71.68,71.78,0.0,0.0,0.0,10.0,153.0,1.0,71.681,71.7811,5.39868e+38,-0.03999,-0.20689,-50.0,100.0,0.01,0.0,0.1,0.05,192.366,0.946565,1.0,4095.0,0,0
23/07/25 15:22:27,3469.743,1623.0,830.0,1638.0,788.7,58.5,769.7,71.39,72.19,0.0,0.0,0.0,10.0,153.0,1.0,71.389,72.185,5.35041e+38,-0.04,-0.2066,-50.0,100.0,0.01,0.0,0.1,0.05,192.366,0.946565,1.0,4095.0,0,0
23/07/25 15:22:28,3470.791,1634.0,829.0,1631.0,788.7,58.55,769.7,71.83,71.68,0.0,0.0,0.0,10.0,153.0,1.0,71.8311,71.681,5.40932e+38,-0.03999,-0.20689,-50.0,100.0,0.01,0.0,0.1,0.05,192.366,0.946565,1.0,4095.0,0,0
23/07/25 15:22:28,3471.558,1628.0,829.0,1628.0,788.7,58.55,769.7,71.94,71.98,0.0,0.0,0.0,10.0,153.0,1.0,71.935,71.9811,5.37741e+38,-0.03999,-0.20689,-50.0,100.0,0.01,0.0,0.1,0.05,192.366,0.946565,1.0,4095.0,0,0
23/07/25 15:22:29,3472.634,1628.0,831.0,1634.0,788.7,58.45,769.7,71.59,71.89,0.0,0.0,0.0,10.0,153.0,1.0,71.589,71.8889,5.37658e+38,-0.04001,-0.20631,-50.0,100.0,0.01,0.0,0.1,0.05,192.366,0.946565,1.0,4095.0,0,0
23/07/25 15:22:30,3473.71,1636.0,830.0,1634.0,788.7,58.5,769.7,71.68,71.54,0.0,0.0,0.0,10.0,153.0,1.0,71.681,71.535,5.41953e+38,-0.04,-0.2066,-50.0,100.0,0.01,0.0,0.1,0.05,192.366,0.946565,1.0,4095.0,0,0
23/07/25 15:22:32,3474.801,1631.0,830.0,1630.0,788.7,58.5,769.7,71.79,71.79,0.0,0.0,0.0,10.0,153.0,1.0,71.7889,71.785,5.39294e+38,-0.04,-0.2066,-50.0,100.0,0.01,0.0,0.1,0.05,192.366,0.946565,1.0,4095.0,0,0
23/07/25 15:22:32,3475.565,1633.0,832.0,1638.0,788.7,58.4,769.7,71.39,71.59,0.0,0.0,0.0,10.0,153.0,1.0,71.389,71.5929,5.40274e+38,-0.04002,-0.20602,-50.0,100.0,0.01,0.0,0.1,0.05,192.366,0.946565,1.0,4095.0,0,0
23/07/25 15:22:33,3476.626,1628.0,831.0,1636.0,788.7,58.45,769.7,71.54,71.89,0.0,0.0,0.0,10.0,153.0,1.0,71.535,71.8889,5.37658e+38,-0.04001,-0.20631,-50.0,100.0,0.01,0.0,0.1,0.05,192.366,0.946565,1.0,4095.0,0,0
23/07/25 15:22:34,3477.684,1630.0,831.0,1634.0,788.7,58.45,769.7,71.54,71.79,0.0,0.0,0.0,10.0,153.0,1.0,71.5429,71.7889,5.38721e+38,-0.04001,-0.20631,-50.0,100.0,0.01,0.0,0.1,0.05,192.366,0.946565,1.0,4095.0,0,0
23/07/25 15:22:36,3478.752,1628.0,832.0,1637.0,788.7,58.4,769.7,71.49,71.84,0.0,0.0,0.0,10.0,153.0,1.0,71.485,71.8428,5.37617e+38,-0.04002,-0.20602,-50.0,100.0,0.01,0.0,0.1,0.05,192.366,0.946565,1.0,4095.0,0,0
23/07/25 15:22:37,3479.79,1635.0,830.0,1636.0,788.7,58.5,769.7,71.54,71.59,0.0,0.0,0.0,10.0,153.0,1.0,71.535,71.585,5.41421e+38,-0.04,-0.2066,-50.0,100.0,0.01,0.0,0.1,0.05,192.366,0.946565,1.0,4095.0,0,0
23/07/25 15:22:37,3480.557,1630.0,830.0,1637.0,788.7,58.5,769.7,71.44,71.84,0.0,0.0,0.0,10.0,153.0,1.0,71.439,71.835,5.38763e+38,-0.04,-0.2066,-50.0,100.0,0.01,0.0,0.1,0.05,192.366,0.946565,1.0,4095.0,0,0
23/07/25 15:22:38,3481.622,1637.0,832.0,1632.0,788.7,58.4,769.7,71.74,71.39,0.0,0.0,0.0,10.0,153.0,1.0,71.735,71.393,5.42399e+38,-0.04002,-0.20602,-50.0,100.0,0.01,0.0,0.1,0.05,192.366,0.946565,1.0,4095.0,0,0
23/07/25 15:22:39,3482.689,1638.0,830.0,1639.0,788.7,58.5,769.7,71.39,71.44,0.0,0.0,0.0,10.0,153.0,1.0,71.385,71.435,5.43016e+38,-0.04,-0.2066,-50.0,100.0,0.01,0.0,0.1,0.05,192.366,0.946565,1.0,4095.0,0,0
23/07/25 15:22:41,3483.768,1635.0,831.0,1639.0,788.7,58.45,769.7,71.29,71.54,0.0,0.0,0.0,10.0,153.0,1.0,71.2931,71.539,5.41379e+38,-0.04001,-0.20631,-50.0,100.0,0.01,0.0,0.1,0.05,192.366,0.946565,1.0,4095.0,0,0
23/07/25 15:22:41,3484.56,1634.0,831.0,1636.0,788.7,58.45,769.7,71.58,71.59,0.0,0.0,0.0,10.0,153.0,1.0,71.581,71.589,5.40847e+38,-0.04001,-0.20631,-50.0,100.0,0.01,0.0,0.1,0.05,192.366,0.946565,1.0,4095.0,0,0
23/07/25 15:22:42,3485.621,1633.0,829.0,1633.0,788.7,58.55,769.7,71.73,71.73,0.0,0.0,0.0,10.0,153.0,1.0,71.7311,71.7311,5.404e+38,-0.03999,-0.20689,-50.0,100.0,0.01,0.0,0.1,0.05,192.366,0.946565,1.0,4095.0,0,0
23/07/25 15:22:43,3486.687,1634.0,832.0,1638.0,788.7,58.4,769.7,71.34,71.54,0.0,0.0,0.0,10.0,153.0,1.0,71.343,71.5429,5.40805e+38,-0.04002,-0.20602,-50.0,100.0,0.01,0.0,0.1,0.05,192.366,0.946565,1.0,4095.0,0,0
23/07/25 15:22:45,3487.75,1636.0,831.0,1640.0,788.7,58.45,769.7,71.34,71.49,0.0,0.0,0.0,10.0,153.0,1.0,71.335,71.489,5.4191e+38,-0.04001,-0.20631,-50.0,100.0,0.01,0.0,0.1,0.05,192.366,0.946565,1.0,4095.0,0,0
23/07/25 15:22:45,3488.556,1639.0,830.0,1641.0,788.7,58.5,769.7,71.19,71.39,0.0,0.0,0.0,10.0,153.0,1.0,71.1931,71.385,5.43548e+38,-0.04,-0.2066,-50.0,100.0,0.01,0.0,0.1,0.05,192.366,0.946565,1.0,4095.0,0,0
23/07/25 15:22:46,3489.634,1636.0,832.0,1639.0,788.7,58.4,769.7,71.34,71.44,0.0,0.0,0.0,10.0,153.0,1.0,71.339,71.443,5.41868e+38,-0.04002,-0.20602,-50.0,100.0,0.01,0.0,0.1,0.05,192.366,0.946565,1.0,4095.0,0,0
23/07/25 15:22:47,3490.709,1633.0,830.0,1629.0,788.7,58.5,769.7,71.93,71.69,0.0,0.0,0.0,10.0,153.0,1.0,71.9311,71.685,5.40358e+38,-0.04,-0.2066,-50.0,100.0,0.01,0.0,0.1,0.05,192.366,0.946565,1.0,4095.0,0,0
23/07/25 15:22:49,3491.749,1633.0,831.0,1640.0,788.7,58.45,769.7,71.24,71.64,0.0,0.0,0.0,10.0,153.0,1.0,71.2431,71.639,5.40316e+38,-0.04001,-0.20631,-50.0,100.0,0.01,0.0,0.1,0.05,192.366,0.946565,1.0,4095.0,0,0
23/07/25 15:22:49,3492.565,1628.0,832.0,1637.0,788.7,58.4,769.7,71.44,71.84,0.0,0.0,0.0,10.0,153.0,1.0,71.439,71.8428,5.37617e+38,-0.04002,-0.20602,-50.0,100.0,0.01,0.0,0.1,0.05,192.366,0.946565,1.0,4095.0,0,0
23/07/25 15:22:50,3493.644,1632.0,830.0,1635.0,788.7,58.5,769.7,71.59,71.74,0.0,0.0,0.0,10.0,153.0,1.0,71.585,71.735,5.39826e+38,-0.04,-0.2066,-50.0,100.0,0.01,0.0,0.1,0.05,192.366,0.946565,1.0,4095.0,0,0
23/07/25 15:22:51,3494.72,1632.0,831.0,1636.0,788.7,58.45,769.7,71.44,71.69,0.0,0.0,0.0,10.0,153.0,1.0,71.443,71.689,5.39784e+38,-0.04001,-0.20631,-50.0,100.0,0.01,0.0,0.1,0.05,192.366,0.946565,1.0,4095.0,0,0
23/07/25 15:22:53,3495.775,1631.0,831.0,1635.0,788.7,58.45,769.7,71.54,71.74,0.0,0.0,0.0,10.0,153.0,1.0,71.539,71.7389,5.39253e+38,-0.04001,-0.20631,-50.0,100.0,0.01,0.0,0.1,0.05,192.366,0.946565,1.0,4095.0,0,0
23/07/25 15:22:53,3496.564,1635.0,829.0,1636.0,788.7,58.55,769.7,71.54,71.63,0.0,0.0,0.0,10.0,153.0,1.0,71.535,71.631,5.41463e+38,-0.03999,-0.20689,-50.0,100.0,0.01,0.0,0.1,0.05,192.366,0.946565,1.0,4095.0,0,0
23/07/25 15:22:54,3497.642,1630.0,832.0,1638.0,788.7,58.4,769.7,71.34,71.74,0.0,0.0,0.0,10.0,153.0,1.0,71.343,71.7428,5.38679e+38,-0.04002,-0.20602,-50.0,100.0,0.01,0.0,0.1,0.05,192.366,0.946565,1.0,4095.0,0,0
23/07/25 15:22:55,3498.709,1630.0,831.0,1631.0,788.7,58.45,769.7,71.79,71.79,0.0,0.0,0.0,10.0,153.0,1.0,71.785,71.7889,5.38721e+38,-0.04001,-0.20631,-50.0,100.0,0.01,0.0,0.1,0.05,192.366,0.946565,1.0,4095.0,0,0
23/07/25 15:22:57,3499.747,1628.0,830.0,1633.0,788.7,58.5,769.7,71.69,71.94,0.0,0.0,0.0,10.0,153.0,1.0,71.685,71.935,5.37699e+38,-0.04,-0.2066,-50.0,100.0,0.01,0.0,0.1,0.05,192.366,0.946565,1.0,4095.0,0,0
23/07/25 15:22:58,3500.798,1630.0,830.0,1632.0,788.7,58.5,769.7,71.69,71.84,0.0,0.0,0.0,10.0,153.0,1.0,71.689,71.835,5.38763e+38,-0.04,-0.2066,-50.0,100.0,0.01,0.0,0.1,0.05,192.366,0.946565,1.0,4095.0,0,0
23/07/25 15:22:58,3501.548,1632.0,831.0,1635.0,788.7,58.45,769.7,71.59,71.69,0.0,0.0,0.0,10.0,153.0,1.0,71.585,71.689,5.39784e+38,-0.04001,-0.20631,-50.0,100.0,0.01,0.0,0.1,0.05,192.366,0.946565,1.0,4095.0,0,0
23/07/25 15:22:59,3502.599,1636.0,830.0,1630.0,788.7,58.5,769.7,71.84,71.54,0.0,0.0,0.0,10.0,153.0,1.0,71.835,71.535,5.41953e+38,-0.04,-0.2066,-50.0,100.0,0.01,0.0,0.1,0.05,192.366,0.946565,1.0,4095.0,0,0
23/07/25 15:23:00,3503.656,1635.0,831.0,1636.0,788.7,58.45,769.7,71.44,71.54,0.0,0.0,0.0,10.0,153.0,1.0,71.443,71.539,5.41379e+38,-0.04001,-0.20631,-50.0,100.0,0.01,0.0,0.1,0.05,192.366,0.946565,1.0,4095.0,0,0
23/07/25 15:23:01,3504.726,1631.0,831.0,1634.0,788.7,58.45,769.7,71.64,71.74,0.0,0.0,0.0,10.0,153.0,1.0,71.635,71.7389,5.39253e+38,-0.04001,-0.20631,-50.0,100.0,0.01,0.0,0.1,0.05,192.366,0.946565,1.0,4095.0,0,0
23/07/25 15:23:03,3505.787,1632.0,830.0,1635.0,788.7,58.5,769.7,71.54,71.74,0.0,0.0,0.0,10.0,153.0,1.0,71.539,71.735,5.39826e+38,-0.04,-0.2066,-50.0,100.0,0.01,0.0,0.1,0.05,192.366,0.946565,1.0,4095.0,0,0
23/07/25 15:23:03,3506.567,1632.0,832.0,1633.0,788.7,58.4,769.7,71.64,71.64,0.0,0.0,0.0,10.0,153.0,1.0,71.639,71.6429,5.39742e+38,-0.04002,-0.20602,-50.0,100.0,0.01,0.0,0.1,0.05,192.366,0.946565,1.0,4095.0,0,0
23/07/25 15:23:04,3507.631,1628.0,831.0,1646.0,788.7,58.45,769.7,71.04,71.89,0.0,0.0,0.0,10.0,153.0,1.0,71.035,71.8889,5.37658e+38,-0.04001,-0.20631,-50.0,100.0,0.01,0.0,0.1,0.05,192.366,0.946565,1.0,4095.0,0,0
23/07/25 15:23:05,3508.67,1632.0,829.0,1637.0,788.7,58.55,769.7,71.44,71.78,0.0,0.0,0.0,10.0,153.0,1.0,71.439,71.7811,5.39868e+38,-0.03999,-0.20689,-50.0,100.0,0.01,0.0,0.1,0.05,192.366,0.946565,1.0,4095.0,0,0
23/07/25 15:23:06,3509.727,1635.0,832.0,1636.0,788.7,58.4,769.7,71.49,71.49,0.0,0.0,0.0,10.0,153.0,1.0,71.489,71.493,5.41337e+38,-0.04002,-0.20602,-50.0,100.0,0.01,0.0,0.1,0.05,192.366,0.946565,1.0,4095.0,0,0
23/07/25 15:23:08,3510.794,1633.0,830.0,1634.0,788.7,58.5,769.7,71.68,71.69,0.0,0.0,0.0,10.0,153.0,1.0,71.681,71.685,5.40358e+38,-0.04,-0.2066,-50.0,100.0,0.01,0.0,0.1,0.05,192.366,0.946565,1.0,4095.0,0,0
23/07/25 15:23:08,3511.567,1628.0,831.0,1631.0,788.7,58.45,769.7,71.69,71.89,0.0,0.0,0.0,10.0,153.0,1.0,71.6929,71.8889,5.37658e+38,-0.04001,-0.20631,-50.0,100.0,0.01,0.0,0.1,0.05,192.366,0.946565,1.0,4095.0,0,0
23/07/25 15:23:09,3512.618,1632.0,832.0,1640.0,788.7,58.4,769.7,71.34,71.64,0.0,0.0,0.0,10.0,153.0,1.0,71.335,71.6429,5.39742e+38,-0.04002,-0.20602,-50.0,100.0,0.01,0.0,0.1,0.05,192.366,0.946565,1.0,4095.0,0,0
23/07/25 15:23:10,3513.686,1635.0,830.0,1634.0,788.7,58.5,769.7,71.68,71.59,0.0,0.0,0.0,10.0,153.0,1.0,71.681,71.585,5.41421e+38,-0.04,-0.2066,-50.0,100.0,0.01,0.0,0.1,0.05,192.366,0.946565,1.0,4095.0,0,0
23/07/25 15:23:12,3514.763,1630.0,831.0,1641.0,788.7,58.45,769.7,71.24,71.79,0.0,0.0,0.0,10.0,153.0,1.0,71.2391,71.7889,5.38721e+38,-0.04001,-0.20631,-50.0,100.0,0.01,0.0,0.1,0.05,192.366,0.946565,1.0,4095.0,0,0
23/07/25 15:23:12,3515.565,1631.0,830.0,1637.0,788.7,58.5,769.7,71.49,71.79,0.0,0.0,0.0,10.0,153.0,1.0,71.485,71.785,5.39294e+38,-0.04,-0.2066,-50.0,100.0,0.01,0.0,0.1,0.05,192.366,0.946565,1.0,4095.0,0,0
23/07/25 15:23:13,3516.637,1631.0,829.0,1632.0,788.7,58.55,769.7,71.74,71.83,0.0,0.0,0.0,10.0,153.0,1.0,71.735,71.8311,5.39336e+38,-0.03999,-0.20689,-50.0,100.0,0.01,0.0,0.1,0.05,192.366,0.946565,1.0,4095.0,0,0
23/07/25 15:23:14,3517.702,1635.0,831.0,1635.0,788.7,58.45,769.7,71.54,71.54,0.0,0.0,0.0,10.0,153.0,1.0,71.539,71.539,5.41379e+38,-0.04001,-0.20631,-50.0,100.0,0.01,0.0,0.1,0.05,192.366,0.946565,1.0,4095.0,0,0
23/07/25 15:23:16,3518.773,1629.0,831.0,1636.0,788.7,58.45,769.7,71.58,71.84,0.0,0.0,0.0,10.0,153.0,1.0,71.581,71.8389,5.3819e+38,-0.04001,-0.20631,-50.0,100.0,0.01,0.0,0.1,0.05,192.366,0.946565,1.0,4095.0,0,0
23/07/25 15:23:16,3519.563,1630.0,829.0,1641.0,788.7,58.55,769.7,71.29,71.88,0.0,0.0,0.0,10.0,153.0,1.0,71.285,71.8811,5.38804e+38,-0.03999,-0.20689,-50.0,100.0,0.01,0.0,0.1,0.05,192.366,0.946565,1.0,4095.0,0,0
23/07/25 15:23:17,3520.626,1635.0,832.0,1639.0,788.7,58.4,769.7,71.29,71.49,0.0,0.0,0.0,10.0,153.0,1.0,71.2931,71.493,5.41337e+38,-0.04002,-0.20602,-50.0,100.0,0.01,0.0,0.1,0.05,192.366,0.946565,1.0,4095.0,0,0
23/07/25 15:23:18,3521.674,1638.0,831.0,1637.0,788.7,58.45,769.7,71.49,71.39,0.0,0.0,0.0,10.0,153.0,1.0,71.485,71.389,5.42973e+38,-0.04001,-0.20631,-50.0,100.0,0.01,0.0,0.1,0.05,192.366,0.946565,1.0,4095.0,0,0
23/07/25 15:23:19,3522.718,1626.0,830.0,1631.0,788.7,58.5,769.7,71.69,72.04,0.0,0.0,0.0,10.0,153.0,1.0,71.6929,72.035,5.36636e+38,-0.04,-0.2066,-50.0,100.0,0.01,0.0,0.1,0.05,192.366,0.946565,1.0,4095.0,0,0
23/07/25 15:23:21,3523.784,1629.0,831.0,1633.0,788.7,58.45,769.7,71.64,71.84,0.0,0.0,0.0,10.0,153.0,1.0,71.639,71.8389,5.3819e+38,-0.04001,-0.20631,-50.0,100.0,0.01,0.0,0.1,0.05,192.366,0.946565,1.0,4095.0,0,0
23/07/25 15:23:21,3524.549,1630.0,830.0,1640.0,788.7,58.5,769.7,71.38,71.84,0.0,0.0,0.0,10.0,153.0,1.0,71.381,71.835,5.38763e+38,-0.04,-0.2066,-50.0,100.0,0.01,0.0,0.1,0.05,192.366,0.946565,1.0,4095.0,0,0
23/07/25 15:23:22,3525.617,1639.0,830.0,1641.0,788.7,58.5,769.7,71.24,71.39,0.0,0.0,0.0,10.0,153.0,1.0,71.2391,71.385,5.43548e+38,-0.04,-0.2066,-50.0,100.0,0.01,0.0,0.1,0.05,192.366,0.946565,1.0,4095.0,0,0
23/07/25 15:23:23,3526.685,1637.0,832.0,1634.0,788.7,58.4,769.7,71.64,71.39,0.0,0.0,0.0,10.0,153.0,1.0,71.635,71.393,5.42399e+38,-0.04002,-0.20602,-50.0,100.0,0.01,0.0,0.1,0.05,192.366,0.946565,1.0,4095.0,0,0
23/07/25 15:23:25,3527.763,1632.0,829.0,1644.0,788.7,58.55,769.7,71.14,71.78,0.0,0.0,0.0,10.0,153.0,1.0,71.135,71.7811,5.39868e+38,-0.03999,-0.20689,-50.0,100.0,0.01,0.0,0.1,0.05,192.366,0.946565,1.0,4095.0,0,0
23/07/25 15:23:26,3528.818,1633.0,831.0,1635.0,788.7,58.45,769.7,71.54,71.64,0.0,0.0,0.0,10.0,153.0,1.0,71.539,71.639,5.40316e+38,-0.04001,-0.20631,-50.0,100.0,0.01,0.0,0.1,0.05,192.366,0.946565,1.0,4095.0,0,0
23/07/25 15:23:26,3529.58,1633.0,831.0,1643.0,788.7,58.45,769.7,71.19,71.64,0.0,0.0,0.0,10.0,153.0,1.0,71.185,71.639,5.40316e+38,-0.04001,-0.20631,-50.0,100.0,0.01,0.0,0.1,0.05,192.366,0.946565,1.0,4095.0,0,0
23/07/25 15:23:27,3530.634,1636.0,830.0,1640.0,788.7,58.5,769.7,71.29,71.54,0.0,0.0,0.0,10.0,153.0,1.0,71.2891,71.535,5.41953e+38,-0.04,-0.2066,-50.0,100.0,0.01,0.0,0.1,0.05,192.366,0.946565,1.0,4095.0,0,0
23/07/25 15:23:28,3531.722,1638.0,831.0,1629.0,788.7,58.45,769.7,71.79,71.39,0.0,0.0,0.0,10.0,153.0,1.0,71.7928,71.389,5.42973e+38,-0.04001,-0.20631,-50.0,100.0,0.01,0.0,0.1,0.05,192.366,0.946565,1.0,4095.0,0,0
23/07/25 15:23:30,3532.765,1633.0,831.0,1637.0,788.7,58.45,769.7,71.49,71.64,0.0,0.0,0.0,10.0,153.0,1.0,71.485,71.639,5.40316e+38,-0.04001,-0.20631,-50.0,100.0,0.01,0.0,0.1,0.05,192.366,0.946565,1.0,4095.0,0,0
23/07/25 15:23:30,3533.565,1635.0,830.0,1628.0,788.7,58.5,769.7,71.94,71.59,0.0,0.0,0.0,10.0,153.0,1.0,71.935,71.585,5.41421e+38,-0.04,-0.2066,-50.0,100.0,0.01,0.0,0.1,0.05,192.366,0.946565,1.0,4095.0,0,0
23/07/25 15:23:31,3534.644,1632.0,831.0,1634.0,788.7,58.45,769.7,71.59,71.69,0.0,0.0,0.0,10.0,153.0,1.0,71.589,71.689,5.39784e+38,-0.04001,-0.20631,-50.0,100.0,0.01,0.0,0.1,0.05,192.366,0.946565,1.0,4095.0,0,0
23/07/25 15:23:32,3535.72,1627.0,830.0,1641.0,788.7,58.5,769.7,71.33,71.99,0.0,0.0,0.0,10.0,153.0,1.0,71.331,71.985,5.37168e+38,-0.04,-0.2066,-50.0,100.0,0.01,0.0,0.1,0.05,192.366,0.946565,1.0,4095.0,0,0
23/07/25 15:23:34,3536.791,1642.0,830.0,1632.0,788.7,58.5,769.7,71.69,71.24,0.0,0.0,0.0,10.0,153.0,1.0,71.689,71.235,5.45143e+38,-0.04,-0.2066,-50.0,100.0,0.01,0.0,0.1,0.05,192.366,0.946565,1.0,4095.0,0,0
23/07/25 15:23:34,3537.561,1634.0,831.0,1639.0,788.7,58.45,769.7,71.34,71.59,0.0,0.0,0.0,10.0,153.0,1.0,71.339,71.589,5.40847e+38,-0.04001,-0.20631,-50.0,100.0,0.01,0.0,0.1,0.05,192.366,0.946565,1.0,4095.0,0,0
23/07/25 15:23:35,3538.636,1635.0,830.0,1632.0,788.7,58.5,769.7,71.78,71.59,0.0,0.0,0.0,10.0,153.0,1.0,71.7811,71.585,5.41421e+38,-0.04,-0.2066,-50.0,100.0,0.01,0.0,0.1,0.05,192.366,0.946565,1.0,4095.0,0,0
23/07/25 15:23:36,3539.664,1631.0,830.0,1631.0,788.7,58.5,769.7,71.74,71.79,0.0,0.0,0.0,10.0,153.0,1.0,71.7389,71.785,5.39294e+38,-0.04,-0.2066,-50.0,100.0,0.01,0.0,0.1,0.05,192.366,0.946565,1.0,4095.0,0,0
23/07/25 15:23:37,3540.696,1626.0,832.0,1641.0,788.7,58.4,769.7,71.24,71.94,0.0,0.0,0.0,10.0,153.0,1.0,71.2391,71.9427,5.36554e+38,-0.04002,-0.20602,-50.0,100.0,0.01,0.0,0.1,0.05,192.366,0.946565,1.0,4095.0,0,0
23/07/25 15:23:39,3541.78,1634.0,829.0,1637.0,788.7,58.55,769.7,71.53,71.68,0.0,0.0,0.0,10.0,153.0,1.0,71.531,71.681,5.40932e+38,-0.03999,-0.20689,-50.0,100.0,0.01,0.0,0.1,0.05,192.366,0.946565,1.0,4095.0,0,0
23/07/25 15:23:39,3542.556,1637.0,832.0,1636.0,788.7,58.4,769.7,71.44,71.39,0.0,0.0,0.0,10.0,153.0,1.0,71.443,71.393,5.42399e+38,-0.04002,-0.20602,-50.0,100.0,0.01,0.0,0.1,0.05,192.366,0.946565,1.0,4095.0,0,0
23/07/25 15:23:40,3543.607,1635.0,831.0,1639.0,788.7,58.45,769.7,71.39,71.54,0.0,0.0,0.0,10.0,153.0,1.0,71.385,71.539,5.41379e+38,-0.04001,-0.20631,-50.0,100.0,0.01,0.0,0.1,0.05,192.366,0.946565,1.0,4095.0,0,0
23/07/25 15:23:41,3544.668,1631.0,830.0,1639.0,788.7,58.5,769.7,71.39,71.79,0.0,0.0,0.0,10.0,153.0,1.0,71.385,71.785,5.39294e+38,-0.04,-0.2066,-50.0,100.0,0.01,0.0,0.1,0.05,192.366,0.946565,1.0,4095.0,0,0
23/07/25 15:23:43,3545.754,1634.0,832.0,1638.0,788.7,58.4,769.7,71.34,71.54,0.0,0.0,0.0,10.0,153.0,1.0,71.343,71.5429,5.40805e+38,-0.04002,-0.20602,-50.0,100.0,0.01,0.0,0.1,0.05,192.366,0.946565,1.0,4095.0,0,0
23/07/25 15:23:43,3546.564,1629.0,831.0,1634.0,788.7,58.45,769.7,71.64,71.84,0.0,0.0,0.0,10.0,153.0,1.0,71.635,71.8389,5.3819e+38,-0.04001,-0.20631,-50.0,100.0,0.01,0.0,0.1,0.05,192.366,0.946565,1.0,4095.0,0,0
23/07/25 15:23:44,3547.639,1635.0,829.0,1633.0,788.7,58.55,769.7,71.69,71.63,0.0,0.0,0.0,10.0,153.0,1.0,71.685,71.631,5.41463e+38,-0.03999,-0.20689,-50.0,100.0,0.01,0.0,0.1,0.05,192.366,0.946565,1.0,4095.0,0,0
23/07/25 15:23:45,3548.708,1634.0,831.0,1639.0,788.7,58.45,769.7,71.34,71.59,0.0,0.0,0.0,10.0,153.0,1.0,71.339,71.589,5.40847e+38,-0.04001,-0.20631,-50.0,100.0,0.01,0.0,0.1,0.05,192.366,0.946565,1.0,4095.0,0,0
23/07/25 15:23:47,3549.78,1643.0,831.0,1642.0,788.7,58.45,769.7,71.24,71.14,0.0,0.0,0.0,10.0,153.0,1.0,71.235,71.1391,5.45631e+38,-0.04001,-0.20631,-50.0,100.0,0.01,0.0,0.1,0.05,192.366,0.946565,1.0,4095.0,0,0
23/07/25 15:23:48,3550.858,1635.0,829.0,1635.0,788.7,58.55,769.7,71.54,71.63,0.0,0.0,0.0,10.0,153.0,1.0,71.539,71.631,5.41463e+38,-0.03999,-0.20689,-50.0,100.0,0.01,0.0,0.1,0.05,192.366,0.946565,1.0,4095.0,0,0
23/07/25 15:23:48,3551.618,1631.0,830.0,1642.0,788.7,58.5,769.7,71.19,71.79,0.0,0.0,0.0,10.0,153.0,1.0,71.1891,71.785,5.39294e+38,-0.04,-0.2066,-50.0,100.0,0.01,0.0,0.1,0.05,192.366,0.946565,1.0,4095.0,0,0
23/07/25 15:23:49,3552.695,1634.0,831.0,1634.0,788.7,58.45,769.7,71.68,71.59,0.0,0.0,0.0,10.0,153.0,1.0,71.681,71.589,5.40847e+38,-0.04001,-0.20631,-50.0,100.0,0.01,0.0,0.1,0.05,192.366,0.946565,1.0,4095.0,0,0
23/07/25 15:23:51,3553.752,1640.0,829.0,1641.0,788.7,58.55,769.7,71.24,71.38,0.0,0.0,0.0,10.0,153.0,1.0,71.2391,71.381,5.44123e+38,-0.03999,-0.20689,-50.0,100.0,0.01,0.0,0.1,0.05,192.366,0.946565,1.0,4095.0,0,0
23/07/25 15:23:52,3554.805,1637.0,831.0,1644.0,788.7,58.45,769.7,71.14,71.44,0.0,0.0,0.0,10.0,153.0,1.0,71.135,71.439,5.42442e+38,-0.04001,-0.20631,-50.0,100.0,0.01,0.0,0.1,0.05,192.366,0.946565,1.0,4095.0,0,0
23/07/25 15:23:52,3555.585,1635.0,830.0,1633.0,788.7,58.5,769.7,71.73,71.59,0.0,0.0,0.0,10.0,153.0,1.0,71.7311,71.585,5.41421e+38,-0.04,-0.2066,-50.0,100.0,0.01,0.0,0.1,0.05,192.366,0.946565,1.0,4095.0,0,0
23/07/25 15:23:53,3556.641,1628.0,830.0,1638.0,788.7,58.5,769.7,71.39,71.94,0.0,0.0,0.0,10.0,153.0,1.0,71.389,71.935,5.37699e+38,-0.04,-0.2066,-50.0,100.0,0.01,0.0,0.1,0.05,192.366,0.946565,1.0,4095.0,0,0
23/07/25 15:23:54,3557.705,1634.0,831.0,1634.0,788.7,58.45,769.7,71.59,71.59,0.0,0.0,0.0,10.0,153.0,1.0,71.589,71.589,5.40847e+38,-0.04001,-0.20631,-50.0,100.0,0.01,0.0,0.1,0.05,192.366,0.946565,1.0,4095.0,0,0
23/07/25 15:23:56,3558.758,1639.0,829.0,1636.0,788.7,58.55,769.7,71.54,71.43,0.0,0.0,0.0,10.0,153.0,1.0,71.535,71.431,5.43591e+38,-0.03999,-0.20689,-50.0,100.0,0.01,0.0,0.1,0.05,192.366,0.946565,1.0,4095.0,0,0
23/07/25 15:23:56,3559.562,1631.0,830.0,1644.0,788.7,58.5,769.7,71.04,71.79,0.0,0.0,0.0,10.0,153.0,1.0,71.0432,71.785,5.39294e+38,-0.04,-0.2066,-50.0,100.0,0.01,0.0,0.1,0.05,192.366,0.946565,1.0,4095.0,0,0
23/07/25 15:23:57,3560.619,1630.0,831.0,1644.0,788.7,58.45,769.7,71.14,71.79,0.0,0.0,0.0,10.0,153.0,1.0,71.135,71.7889,5.38721e+38,-0.04001,-0.20631,-50.0,100.0,0.01,0.0,0.1,0.05,192.366,0.946565,1.0,4095.0,0,0
23/07/25 15:23:58,3561.682,1631.0,830.0,1634.0,788.7,58.5,769.7,71.64,71.79,0.0,0.0,0.0,10.0,153.0,1.0,71.635,71.785,5.39294e+38,-0.04,-0.2066,-50.0,100.0,0.01,0.0,0.1,0.05,192.366,0.946565,1.0,4095.0,0,0
23/07/25 15:24:00,3562.742,1643.0,832.0,1629.0,788.7,58.4,769.7,71.79,71.09,0.0,0.0,0.0,10.0,153.0,1.0,71.7928,71.0932,5.45588e+38,-0.04002,-0.20602,-50.0,100.0,0.01,0.0,0.1,0.05,192.366,0.946565,1.0,4095.0,0,0
23/07/25 15:24:01,3563.785,1629.0,832.0,1642.0,788.7,58.4,769.7,71.24,71.79,0.0,0.0,0.0,10.0,153.0,1.0,71.235,71.7928,5.38148e+38,-0.04002,-0.20602,-50.0,100.0,0.01,0.0,0.1,0.05,192.366,0.946565,1.0,4095.0,0,0
23/07/25 15:24:01,3564.552,1641.0,830.0,1629.0,788.7,58.5,769.7,71.84,71.29,0.0,0.0,0.0,10.0,153.0,1.0,71.8389,71.285,5.44611e+38,-0.04,-0.2066,-50.0,100.0,0.01,0.0,0.1,0.05,192.366,0.946565,1.0,4095.0,0,0
23/07/25 15:24:02,3565.596,1635.0,832.0,1640.0,788.7,58.4,769.7,71.29,71.49,0.0,0.0,0.0,10.0,153.0,1.0,71.2891,71.493,5.41337e+38,-0.04002,-0.20602,-50.0,100.0,0.01,0.0,0.1,0.05,192.366,0.946565,1.0,4095.0,0,0
23/07/25 15:24:03,3566.65,1623.0,831.0,1641.0,788.7,58.45,769.7,71.29,72.14,0.0,0.0,0.0,10.0,153.0,1.0,71.285,72.1388,5.35e+38,-0.04001,-0.20631,-50.0,100.0,0.01,0.0,0.1,0.05,192.366,0.946565,1.0,4095.0,0,0
23/07/25 15:24:04,3567.709,1637.0,831.0,1642.0,788.7,58.45,769.7,71.14,71.44,0.0,0.0,0.0,10.0,153.0,1.0,71.1431,71.439,5.42442e+38,-0.04001,-0.20631,-50.0,100.0,0.01,0.0,0.1,0.05,192.366,0.946565,1.0,4095.0,0,0
23/07/25 15:24:06,3568.777,1633.0,831.0,1634.0,788.7,58.45,769.7,71.59,71.64,0.0,0.0,0.0,10.0,153.0,1.0,71.589,71.639,5.40316e+38,-0.04001,-0.20631,-50.0,100.0,0.01,0.0,0.1,0.05,192.366,0.946565,1.0,4095.0,0,0
23/07/25 15:24:06,3569.567,1636.0,831.0,1637.0,788.7,58.45,769.7,71.49,71.49,0.0,0.0,0.0,10.0,153.0,1.0,71.485,71.489,5.4191e+38,-0.04001,-0.20631,-50.0,100.0,0.01,0.0,0.1,0.05,192.366,0.946565,1.0,4095.0,0,0
23/07/25 15:24:07,3570.646,1631.0,831.0,1638.0,788.7,58.45,769.7,71.34,71.74,0.0,0.0,0.0,10.0,153.0,1.0,71.343,71.7389,5.39253e+38,-0.04001,-0.20631,-50.0,100.0,0.01,0.0,0.1,0.05,192.366,0.946565,1.0,4095.0,0,0
23/07/25 15:24:08,3571.733,1632.0,833.0,1641.0,788.7,58.35,769.7,71.19,71.6,0.0,0.0,0.0,10.0,153.0,1.0,71.1931,71.5968,5.397e+38,-0.04003,-0.20573,-50.0,100.0,0.01,0.0,0.1,0.05,192.366,0.946565,1.0,4095.0,0,0
23/07/25 15:24:10,3572.777,1625.0,830.0,1635.0,788.7,58.5,769.7,71.54,72.09,0.0,0.0,0.0,10.0,153.0,1.0,71.539,72.085,5.36104e+38,-0.04,-0.2066,-50.0,100.0,0.01,0.0,0.1,0.05,192.366,0.946565,1.0,4095.0,0,0
23/07/25 15:24:10,3573.574,1636.0,831.0,1633.0,788.7,58.45,769.7,71.55,71.49,0.0,0.0,0.0,10.0,153.0,1.0,71.5469,71.489,5.4191e+38,-0.04001,-0.20631,-50.0,100.0,0.01,0.0,0.1,0.05,192.366,0.946565,1.0,4095.0,0,0
23/07/25 15:24:11,3574.644,1630.0,833.0,1638.0,788.7,58.35,769.7,71.39,71.7,0.0,0.0,0.0,10.0,153.0,1.0,71.389,71.6967,5.38638e+38,-0.04003,-0.20573,-50.0,100.0,0.01,0.0,0.1,0.05,192.366,0.946565,1.0,4095.0,0,0
23/07/25 15:24:12,3575.714,1626.0,830.0,1635.0,788.7,58.5,769.7,71.54,72.04,0.0,0.0,0.0,10.0,153.0,1.0,71.539,72.035,5.36636e+38,-0.04,-0.2066,-50.0,100.0,0.01,0.0,0.1,0.05,192.366,0.946565,1.0,4095.0,0,0
23/07/25 15:24:14,3576.772,1636.0,831.0,1633.0,788.7,58.45,769.7,71.59,71.49,0.0,0.0,0.0,10.0,153.0,1.0,71.5929,71.489,5.4191e+38,-0.04001,-0.20631,-50.0,100.0,0.01,0.0,0.1,0.05,192.366,0.946565,1.0,4095.0,0,0
23/07/25 15:24:14,3577.547,1633.0,832.0,1638.0,788.7,58.4,769.7,71.44,71.59,0.0,0.0,0.0,10.0,153.0,1.0,71.435,71.5929,5.40274e+38,-0.04002,-0.20602,-50.0,100.0,0.01,0.0,0.1,0.05,192.366,0.946565,1.0,4095.0,0,0
23/07/25 15:24:15,3578.614,1637.0,831.0,1636.0,788.7,58.45,769.7,71.44,71.44,0.0,0.0,0.0,10.0,153.0,1.0,71.443,71.439,5.42442e+38,-0.04001,-0.20631,-50.0,100.0,0.01,0.0,0.1,0.05,192.366,0.946565,1.0,4095.0,0,0
23/07/25 15:24:16,3579.7,1624.0,833.0,1630.0,788.7,58.35,769.7,71.74,72.0,0.0,0.0,0.0,10.0,153.0,1.0,71.7428,71.9965,5.3545e+38,-0.04003,-0.20573,-50.0,100.0,0.01,0.0,0.1,0.05,192.366,0.946565,1.0,4095.0,0,0
23/07/25 15:24:18,3580.797,1629.0,831.0,1638.0,788.7,58.45,769.7,71.44,71.84,0.0,0.0,0.0,10.0,153.0,1.0,71.435,71.8389,5.3819e+38,-0.04001,-0.20631,-50.0,100.0,0.01,0.0,0.1,0.05,192.366,0.946565,1.0,4095.0,0,0
23/07/25 15:24:18,3581.563,1633.0,830.0,1635.0,788.7,58.5,769.7,71.54,71.69,0.0,0.0,0.0,10.0,153.0,1.0,71.539,71.685,5.40358e+38,-0.04,-0.2066,-50.0,100.0,0.01,0.0,0.1,0.05,192.366,0.946565,1.0,4095.0,0,0
23/07/25 15:24:19,3582.631,1635.0,833.0,1633.0,788.7,58.35,769.7,71.59,71.45,0.0,0.0,0.0,10.0,153.0,1.0,71.5929,71.4469,5.41294e+38,-0.04003,-0.20573,-50.0,100.0,0.01,0.0,0.1,0.05,192.366,0.946565,1.0,4095.0,0,0
23/07/25 15:24:20,3583.693,1630.0,831.0,1632.0,788.7,58.45,769.7,71.74,71.79,0.0,0.0,0.0,10.0,153.0,1.0,71.735,71.7889,5.38721e+38,-0.04001,-0.20631,-50.0,100.0,0.01,0.0,0.1,0.05,192.366,0.946565,1.0,4095.0,0,0
23/07/25 15:24:22,3584.756,1631.0,830.0,1636.0,788.7,58.5,769.7,71.44,71.79,0.0,0.0,0.0,10.0,153.0,1.0,71.443,71.785,5.39294e+38,-0.04,-0.2066,-50.0,100.0,0.01,0.0,0.1,0.05,192.366,0.946565,1.0,4095.0,0,0
23/07/25 15:24:22,3585.558,1631.0,832.0,1633.0,788.7,58.4,769.7,71.59,71.69,0.0,0.0,0.0,10.0,153.0,1.0,71.5929,71.6929,5.39211e+38,-0.04002,-0.20602,-50.0,100.0,0.01,0.0,0.1,0.05,192.366,0.946565,1.0,4095.0,0,0
23/07/25 15:24:23,3586.626,1634.0,831.0,1632.0,788.7,58.45,769.7,71.74,71.59,0.0,0.0,0.0,10.0,153.0,1.0,71.735,71.589,5.40847e+38,-0.04001,-0.20631,-50.0,100.0,0.01,0.0,0.1,0.05,192.366,0.946565,1.0,4095.0,0,0
23/07/25 15:24:24,3587.691,1636.0,831.0,1632.0,788.7,58.45,769.7,71.6,71.49,0.0,0.0,0.0,10.0,153.0,1.0,71.5968,71.489,5.4191e+38,-0.04001,-0.20631,-50.0,100.0,0.01,0.0,0.1,0.05,192.366,0.946565,1.0,4095.0,0,0
23/07/25 15:24:26,3588.754,1631.0,833.0,1638.0,788.7,58.35,769.7,71.39,71.65,0.0,0.0,0.0,10.0,153.0,1.0,71.389,71.6468,5.39169e+38,-0.04003,-0.20573,-50.0,100.0,0.01,0.0,0.1,0.05,192.366,0.946565,1.0,4095.0,0,0
23/07/25 15:24:27,3589.81,1637.0,830.0,1634.0,788.7,58.5,769.7,71.59,71.49,0.0,0.0,0.0,10.0,153.0,1.0,71.589,71.485,5.42485e+38,-0.04,-0.2066,-50.0,100.0,0.01,0.0,0.1,0.05,192.366,0.946565,1.0,4095.0,0,0
23/07/25 15:24:27,3590.567,1632.0,832.0,1636.0,788.7,58.4,769.7,71.4,71.64,0.0,0.0,0.0,10.0,153.0,1.0,71.397,71.6429,5.39742e+38,-0.04002,-0.20602,-50.0,100.0,0.01,0.0,0.1,0.05,192.366,0.946565,1.0,4095.0,0,0
23/07/25 15:24:28,3591.645,1634.0,831.0,1637.0,788.7,58.45,769.7,71.49,71.59,0.0,0.0,0.0,10.0,153.0,1.0,71.485,71.589,5.40847e+38,-0.04001,-0.20631,-50.0,100.0,0.01,0.0,0.1,0.05,192.366,0.946565,1.0,4095.0,0,0
23/07/25 15:24:29,3592.722,1639.0,830.0,1638.0,788.7,58.5,769.7,71.39,71.39,0.0,0.0,0.0,10.0,153.0,1.0,71.389,71.385,5.43548e+38,-0.04,-0.2066,-50.0,100.0,0.01,0.0,0.1,0.05,192.366,0.946565,1.0,4095.0,0,0
23/07/25 15:24:31,3593.789,1634.0,833.0,1638.0,788.7,58.35,769.7,71.34,71.5,0.0,0.0,0.0,10.0,153.0,1.0,71.343,71.4969,5.40763e+38,-0.04003,-0.20573,-50.0,100.0,0.01,0.0,0.1,0.05,192.366,0.946565,1.0,4095.0,0,0
23/07/25 15:24:31,3594.56,1641.0,831.0,1639.0,788.7,58.45,769.7,71.34,71.24,0.0,0.0,0.0,10.0,153.0,1.0,71.339,71.2391,5.44568e+38,-0.04001,-0.20631,-50.0,100.0,0.01,0.0,0.1,0.05,192.366,0.946565,1.0,4095.0,0,0
23/07/25 15:24:32,3595.622,1626.0,830.0,1636.0,788.7,58.5,769.7,71.44,72.04,0.0,0.0,0.0,10.0,153.0,1.0,71.443,72.035,5.36636e+38,-0.04,-0.2066,-50.0,100.0,0.01,0.0,0.1,0.05,192.366,0.946565,1.0,4095.0,0,0
23/07/25 15:24:33,3596.676,1633.0,833.0,1635.0,788.7,58.35,769.7,71.49,71.55,0.0,0.0,0.0,10.0,153.0,1.0,71.493,71.5469,5.40232e+38,-0.04003,-0.20573,-50.0,100.0,0.01,0.0,0.1,0.05,192.366,0.946565,1.0,4095.0,0,0
23/07/25 15:24:35,3597.744,1632.0,831.0,1634.0,788.7,58.45,769.7,71.59,71.69,0.0,0.0,0.0,10.0,153.0,1.0,71.589,71.689,5.39784e+38,-0.04001,-0.20631,-50.0,100.0,0.01,0.0,0.1,0.05,192.366,0.946565,1.0,4095.0,0,0
23/07/25 15:24:35,3598.556,1637.0,830.0,1641.0,788.7,58.5,769.7,71.24,71.49,0.0,0.0,0.0,10.0,153.0,1.0,71.2391,71.485,5.42485e+38,-0.04,-0.2066,-50.0,100.0,0.01,0.0,0.1,0.05,192.366,0.946565,1.0,4095.0,0,0
23/07/25 15:24:36,3599.618,1632.0,833.0,1639.0,788.7,58.35,769.7,71.29,71.6,0.0,0.0,0.0,10.0,153.0,1.0,71.2931,71.5968,5.397e+38,-0.04003,-0.20573,-50.0,100.0,0.01,0.0,0.1,0.05,192.366,0.946565,1.0,4095.0,0,0
23/07/25 15:24:37,3600.68,1635.0,831.0,1638.0,788.7,58.45,769.7,71.44,71.54,0.0,0.0,0.0,10.0,153.0,1.0,71.435,71.539,5.41379e+38,-0.04001,-0.20631,-50.0,100.0,0.01,0.0,0.1,0.05,192.366,0.946565,1.0,4095.0,0,0
23/07/25 15:24:39,3601.746,1632.0,830.0,1644.0,788.7,58.5,769.7,71.04,71.74,0.0,0.0,0.0,10.0,153.0,1.0,71.0432,71.735,5.39826e+38,-0.04,-0.2066,-50.0,100.0,0.01,0.0,0.1,0.05,192.366,0.946565,1.0,4095.0,0,0
23/07/25 15:24:39,3602.569,1630.0,832.0,1629.0,788.7,58.4,769.7,71.79,71.74,0.0,0.0,0.0,10.0,153.0,1.0,71.7928,71.7428,5.38679e+38,-0.04002,-0.20602,-50.0,100.0,0.01,0.0,0.1,0.05,192.366,0.946565,1.0,4095.0,0,0
23/07/25 15:24:40,3603.656,1637.0,831.0,1637.0,788.7,58.45,769.7,71.44,71.44,0.0,0.0,0.0,10.0,153.0,1.0,71.439,71.439,5.42442e+38,-0.04001,-0.20631,-50.0,100.0,0.01,0.0,0.1,0.05,192.366,0.946565,1.0,4095.0,0,0
23/07/25 15:24:41,3604.719,1638.0,832.0,1643.0,788.7,58.4,769.7,71.09,71.34,0.0,0.0,0.0,10.0,153.0,1.0,71.0932,71.343,5.42931e+38,-0.04002,-0.20602,-50.0,100.0,0.01,0.0,0.1,0.05,192.366,0.946565,1.0,4095.0,0,0
23/07/25 15:24:43,3605.775,1642.0,832.0,1638.0,788.7,58.4,769.7,71.39,71.14,0.0,0.0,0.0,10.0,153.0,1.0,71.389,71.1431,5.45057e+38,-0.04002,-0.20602,-50.0,100.0,0.01,0.0,0.1,0.05,192.366,0.946565,1.0,4095.0,0,0
23/07/25 15:24:43,3606.557,1635.0,830.0,1635.0,788.7,58.5,769.7,71.54,71.59,0.0,0.0,0.0,10.0,153.0,1.0,71.539,71.585,5.41421e+38,-0.04,-0.2066,-50.0,100.0,0.01,0.0,0.1,0.05,192.366,0.946565,1.0,4095.0,0,0
23/07/25 15:24:44,3607.627,1637.0,831.0,1638.0,788.7,58.45,769.7,71.3,71.44,0.0,0.0,0.0,10.0,153.0,1.0,71.2971,71.439,5.42442e+38,-0.04001,-0.20631,-50.0,100.0,0.01,0.0,0.1,0.05,192.366,0.946565,1.0,4095.0,0,0
23/07/25 15:24:45,3608.683,1637.0,833.0,1641.0,788.7,58.35,769.7,71.24,71.35,0.0,0.0,0.0,10.0,153.0,1.0,71.2391,71.347,5.42357e+38,-0.04003,-0.20573,-50.0,100.0,0.01,0.0,0.1,0.05,192.366,0.946565,1.0,4095.0,0,0
23/07/25 15:24:47,3609.748,1637.0,830.0,1644.0,788.7,58.5,769.7,71.09,71.49,0.0,0.0,0.0,10.0,153.0,1.0,71.0891,71.485,5.42485e+38,-0.04,-0.2066,-50.0,100.0,0.01,0.0,0.1,0.05,192.366,0.946565,1.0,4095.0,0,0
23/07/25 15:24:48,3610.809,1638.0,833.0,1643.0,788.7,58.35,769.7,71.09,71.3,0.0,0.0,0.0,10.0,153.0,1.0,71.0932,71.2971,5.42888e+38,-0.04003,-0.20573,-50.0,100.0,0.01,0.0,0.1,0.05,192.366,0.946565,1.0,4095.0,0,0
23/07/25 15:24:48,3611.578,1635.0,831.0,1648.0,788.7,58.45,769.7,70.94,71.54,0.0,0.0,0.0,10.0,153.0,1.0,70.935,71.539,5.41379e+38,-0.04001,-0.20631,-50.0,100.0,0.01,0.0,0.1,0.05,192.366,0.946565,1.0,4095.0,0,0
23/07/25 15:24:49,3612.64,1637.0,831.0,1635.0,788.7,58.45,769.7,71.49,71.44,0.0,0.0,0.0,10.0,153.0,1.0,71.493,71.439,5.42442e+38,-0.04001,-0.20631,-50.0,100.0,0.01,0.0,0.1,0.05,192.366,0.946565,1.0,4095.0,0,0
23/07/25 15:24:51,3613.739,1633.0,832.0,1640.0,788.7,58.4,769.7,71.24,71.59,0.0,0.0,0.0,10.0,153.0,1.0,71.2431,71.5929,5.40274e+38,-0.04002,-0.20602,-50.0,100.0,0.01,0.0,0.1,0.05,192.366,0.946565,1.0,4095.0,0,0
23/07/25 15:24:52,3614.797,1633.0,831.0,1633.0,788.7,58.45,769.7,71.69,71.64,0.0,0.0,0.0,10.0,153.0,1.0,71.685,71.639,5.40316e+38,-0.04001,-0.20631,-50.0,100.0,0.01,0.0,0.1,0.05,192.366,0.946565,1.0,4095.0,0,0
23/07/25 15:24:52,3615.559,1640.0,830.0,1638.0,788.7,58.5,769.7,71.34,71.34,0.0,0.0,0.0,10.0,153.0,1.0,71.343,71.335,5.4408e+38,-0.04,-0.2066,-50.0,100.0,0.01,0.0,0.1,0.05,192.366,0.946565,1.0,4095.0,0,0
23/07/25 15:24:53,3616.624,1630.0,832.0,1636.0,788.7,58.4,769.7,71.49,71.74,0.0,0.0,0.0,10.0,153.0,1.0,71.489,71.7428,5.38679e+38,-0.04002,-0.20602,-50.0,100.0,0.01,0.0,0.1,0.05,192.366,0.946565,1.0,4095.0,0,0
23/07/25 15:24:54,3617.705,1635.0,831.0,1636.0,788.7,58.45,769.7,71.54,71.54,0.0,0.0,0.0,10.0,153.0,1.0,71.535,71.539,5.41379e+38,-0.04001,-0.20631,-50.0,100.0,0.01,0.0,0.1,0.05,192.366,0.946565,1.0,4095.0,0,0
23/07/25 15:24:56,3618.759,1626.0,831.0,1633.0,788.7,58.45,769.7,71.59,71.99,0.0,0.0,0.0,10.0,153.0,1.0,71.5929,71.9889,5.36595e+38,-0.04001,-0.20631,-50.0,100.0,0.01,0.0,0.1,0.05,192.366,0.946565,1.0,4095.0,0,0
23/07/25 15:24:56,3619.56,1634.0,832.0,1637.0,788.7,58.4,769.7,71.44,71.54,0.0,0.0,0.0,10.0,153.0,1.0,71.439,71.5429,5.40805e+38,-0.04002,-0.20602,-50.0,100.0,0.01,0.0,0.1,0.05,192.366,0.946565,1.0,4095.0,0,0
23/07/25 15:24:57,3620.634,1635.0,831.0,1639.0,788.7,58.45,769.7,71.39,71.54,0.0,0.0,0.0,10.0,153.0,1.0,71.385,71.539,5.41379e+38,-0.04001,-0.20631,-50.0,100.0,0.01,0.0,0.1,0.05,192.366,0.946565,1.0,4095.0,0,0
23/07/25 15:24:58,3621.704,1637.0,831.0,1634.0,788.7,58.45,769.7,71.54,71.44,0.0,0.0,0.0,10.0,153.0,1.0,71.5429,71.439,5.42442e+38,-0.04001,-0.20631,-50.0,100.0,0.01,0.0,0.1,0.05,192.366,0.946565,1.0,4095.0,0,0
23/07/25 15:25:00,3622.747,1633.0,832.0,1633.0,788.7,58.4,769.7,71.64,71.59,0.0,0.0,0.0,10.0,153.0,1.0,71.639,71.5929,5.40274e+38,-0.04002,-0.20602,-50.0,100.0,0.01,0.0,0.1,0.05,192.366,0.946565,1.0,4095.0,0,0
23/07/25 15:25:01,3623.81,1628.0,830.0,1637.0,788.7,58.5,769.7,71.39,71.94,0.0,0.0,0.0,10.0,153.0,1.0,71.393,71.935,5.37699e+38,-0.04,-0.2066,-50.0,100.0,0.01,0.0,0.1,0.05,192.366,0.946565,1.0,4095.0,0,0
23/07/25 15:25:01,3624.58,1630.0,833.0,1633.0,788.7,58.35,769.7,71.55,71.7,0.0,0.0,0.0,10.0,153.0,1.0,71.5469,71.6967,5.38638e+38,-0.04003,-0.20573,-50.0,100.0,0.01,0.0,0.1,0.05,192.366,0.946565,1.0,4095.0,0,0
23/07/25 15:25:02,3625.655,1632.0,832.0,1636.0,788.7,58.4,769.7,71.49,71.64,0.0,0.0,0.0,10.0,153.0,1.0,71.489,71.6429,5.39742e+38,-0.04002,-0.20602,-50.0,100.0,0.01,0.0,0.1,0.05,192.366,0.946565,1.0,4095.0,0,0
23/07/25 15:25:03,3626.724,1640.0,831.0,1633.0,788.7,58.45,769.7,71.64,71.29,0.0,0.0,0.0,10.0,153.0,1.0,71.639,71.2891,5.44037e+38,-0.04001,-0.20631,-50.0,100.0,0.01,0.0,0.1,0.05,192.366,0.946565,1.0,4095.0,0,0
23/07/25 15:25:05,3627.777,1637.0,833.0,1635.0,788.7,58.35,769.7,71.49,71.35,0.0,0.0,0.0,10.0,153.0,1.0,71.493,71.347,5.42357e+38,-0.04003,-0.20573,-50.0,100.0,0.01,0.0,0.1,0.05,192.366,0.946565,1.0,4095.0,0,0
23/07/25 15:25:05,3628.565,1638.0,831.0,1638.0,788.7,58.45,769.7,71.39,71.39,0.0,0.0,0.0,10.0,153.0,1.0,71.389,71.389,5.42973e+38,-0.04001,-0.20631,-50.0,100.0,0.01,0.0,0.1,0.05,192.366,0.946565,1.0,4095.0,0,0
23/07/25 15:25:06,3629.657,1637.0,831.0,1639.0,788.7,58.45,769.7,71.25,71.44,0.0,0.0,0.0,10.0,153.0,1.0,71.2471,71.439,5.42442e+38,-0.04001,-0.20631,-50.0,100.0,0.01,0.0,0.1,0.05,192.366,0.946565,1.0,4095.0,0,0
23/07/25 15:25:07,3630.706,1634.0,833.0,1637.0,788.7,58.35,769.7,71.39,71.5,0.0,0.0,0.0,10.0,153.0,1.0,71.393,71.4969,5.40763e+38,-0.04003,-0.20573,-50.0,100.0,0.01,0.0,0.1,0.05,192.366,0.946565,1.0,4095.0,0,0
23/07/25 15:25:09,3631.768,1632.0,830.0,1638.0,788.7,58.5,769.7,71.44,71.74,0.0,0.0,0.0,10.0,153.0,1.0,71.435,71.735,5.39826e+38,-0.04,-0.2066,-50.0,100.0,0.01,0.0,0.1,0.05,192.366,0.946565,1.0,4095.0,0,0
23/07/25 15:25:09,3632.557,1636.0,832.0,1641.0,788.7,58.4,769.7,71.19,71.44,0.0,0.0,0.0,10.0,153.0,1.0,71.1931,71.443,5.41868e+38,-0.04002,-0.20602,-50.0,100.0,0.01,0.0,0.1,0.05,192.366,0.946565,1.0,4095.0,0,0
23/07/25 15:25:10,3633.645,1631.0,833.0,1641.0,788.7,58.35,769.7,71.24,71.65,0.0,0.0,0.0,10.0,153.0,1.0,71.2391,71.6468,5.39169e+38,-0.04003,-0.20573,-50.0,100.0,0.01,0.0,0.1,0.05,192.366,0.946565,1.0,4095.0,0,0
23/07/25 15:25:11,3634.718,1639.0,830.0,1641.0,788.7,58.5,769.7,71.29,71.39,0.0,0.0,0.0,10.0,153.0,1.0,71.285,71.385,5.43548e+38,-0.04,-0.2066,-50.0,100.0,0.01,0.0,0.1,0.05,192.366,0.946565,1.0,4095.0,0,0
23/07/25 15:25:13,3635.78,1639.0,831.0,1638.0,788.7,58.45,769.7,71.3,71.34,0.0,0.0,0.0,10.0,153.0,1.0,71.2971,71.339,5.43505e+38,-0.04001,-0.20631,-50.0,100.0,0.01,0.0,0.1,0.05,192.366,0.946565,1.0,4095.0,0,0
23/07/25 15:25:13,3636.561,1641.0,833.0,1647.0,788.7,58.35,769.7,70.94,71.15,0.0,0.0,0.0,10.0,153.0,1.0,70.9391,71.1472,5.44482e+38,-0.04003,-0.20573,-50.0,100.0,0.01,0.0,0.1,0.05,192.366,0.946565,1.0,4095.0,0,0
23/07/25 15:25:14,3637.602,1638.0,831.0,1638.0,788.7,58.45,769.7,71.34,71.39,0.0,0.0,0.0,10.0,153.0,1.0,71.343,71.389,5.42973e+38,-0.04001,-0.20631,-50.0,100.0,0.01,0.0,0.1,0.05,192.366,0.946565,1.0,4095.0,0,0
23/07/25 15:25:15,3638.677,1645.0,834.0,1640.0,788.7,58.3,769.7,71.2,70.9,0.0,0.0,0.0,10.0,153.0,1.0,71.1971,70.9014,5.46564e+38,-0.04004,-0.20544,-50.0,100.0,0.01,0.0,0.1,0.05,192.366,0.946565,1.0,4095.0,0,0
23/07/25 15:25:16,3639.733,1648.0,832.0,1644.0,788.7,58.4,769.7,71.09,70.84,0.0,0.0,0.0,10.0,153.0,1.0,71.0891,70.8433,5.48245e+38,-0.04002,-0.20602,-50.0,100.0,0.01,0.0,0.1,0.05,192.366,0.946565,1.0,4095.0,0,0
23/07/25 15:25:18,3640.799,1650.0,831.0,1637.0,788.7,58.45,769.7,71.39,70.79,0.0,0.0,0.0,10.0,153.0,1.0,71.393,70.7892,5.49352e+38,-0.04001,-0.20631,-50.0,100.0,0.01,0.0,0.1,0.05,192.366,0.946565,1.0,4095.0,0,0
23/07/25 15:25:18,3641.554,1644.0,834.0,1651.0,788.7,58.3,769.7,70.65,70.95,0.0,0.0,0.0,10.0,153.0,1.0,70.6475,70.9514,5.46033e+38,-0.04004,-0.20544,-50.0,100.0,0.01,0.0,0.1,0.05,192.366,0.946565,1.0,4095.0,0,0
23/07/25 15:25:19,3642.612,1647.0,832.0,1650.0,788.7,58.4,769.7,70.79,70.89,0.0,0.0,0.0,10.0,153.0,1.0,70.7892,70.8933,5.47714e+38,-0.04002,-0.20602,-50.0,100.0,0.01,0.0,0.1,0.05,192.366,0.946565,1.0,4095.0,0,0
23/07/25 15:25:20,3643.684,1647.0,831.0,1643.0,788.7,58.45,769.7,71.05,70.94,0.0,0.0,0.0,10.0,153.0,1.0,71.0472,70.9391,5.47758e+38,-0.04001,-0.20631,-50.0,100.0,0.01,0.0,0.1,0.05,192.366,0.946565,1.0,4095.0,0,0
23/07/25 15:25:21,3644.737,1646.0,834.0,1651.0,788.7,58.3,769.7,70.69,70.85,0.0,0.0,0.0,10.0,153.0,1.0,70.6934,70.8515,5.47095e+38,-0.04004,-0.20544,-50.0,100.0,0.01,0.0,0.1,0.05,192.366,0.946565,1.0,4095.0,0,0
23/07/25 15:25:22,3645.573,1644.0,833.0,1651.0,788.7,58.35,769.7,70.69,71.0,0.0,0.0,0.0,10.0,153.0,1.0,70.6934,70.9973,5.46076e+38,-0.04003,-0.20573,-50.0,100.0,0.01,0.0,0.1,0.05,192.366,0.946565,1.0,4095.0,0,0
23/07/25 15:25:23,3646.665,1649.0,833.0,1648.0,788.7,58.35,769.7,70.71,70.75,0.0,0.0,0.0,10.0,153.0,1.0,70.7057,70.7475,5.48732e+38,-0.04003,-0.20573,-50.0,100.0,0.01,0.0,0.1,0.05,192.366,0.946565,1.0,4095.0,0,0
23/07/25 15:25:24,3647.714,1648.0,835.0,1649.0,788.7,58.25,769.7,70.7,70.71,0.0,0.0,0.0,10.0,153.0,1.0,70.7016,70.7057,5.48113e+38,-0.04005,-0.20515,-50.0,100.0,0.01,0.0,0.1,0.05,192.366,0.946565,1.0,4095.0,0,0
23/07/25 15:25:26,3648.775,1655.0,833.0,1662.0,788.7,58.35,769.7,70.14,70.45,0.0,0.0,0.0,10.0,153.0,1.0,70.1436,70.4477,5.5192e+38,-0.04003,-0.20573,-50.0,100.0,0.01,0.0,0.1,0.05,192.366,0.946565,1.0,4095.0,0,0
23/07/25 15:25:26,3649.563,1649.0,833.0,1659.0,788.7,58.35,769.7,70.16,70.75,0.0,0.0,0.0,10.0,153.0,1.0,70.1564,70.7475,5.48732e+38,-0.04003,-0.20573,-50.0,100.0,0.01,0.0,0.1,0.05,192.366,0.946565,1.0,4095.0,0,0
23/07/25 15:25:27,3650.622,1652.0,836.0,1661.0,788.7,58.2,769.7,70.1,70.46,0.0,0.0,0.0,10.0,153.0,1.0,70.1022,70.4601,5.50193e+38,-0.04006,-0.20486,-50.0,100.0,0.01,0.0,0.1,0.05,192.366,0.946565,1.0,4095.0,0,0
23/07/25 15:25:28,3651.713,1658.0,834.0,1657.0,788.7,58.3,769.7,70.3,70.25,0.0,0.0,0.0,10.0,153.0,1.0,70.302,70.2521,5.53469e+38,-0.04004,-0.20544,-50.0,100.0,0.01,0.0,0.1,0.05,192.366,0.946565,1.0,4095.0,0,0
23/07/25 15:25:30,3652.776,1654.0,836.0,1660.0,788.7,58.2,769.7,70.06,70.36,0.0,0.0,0.0,10.0,153.0,1.0,70.0607,70.3603,5.51255e+38,-0.04006,-0.20486,-50.0,100.0,0.01,0.0,0.1,0.05,192.366,0.946565,1.0,4095.0,0,0
23/07/25 15:25:30,3653.561,1662.0,836.0,1664.0,788.7,58.2,769.7,69.95,69.96,0.0,0.0,0.0,10.0,153.0,1.0,69.9524,69.9609,5.55502e+38,-0.04006,-0.20486,-50.0,100.0,0.01,0.0,0.1,0.05,192.366,0.946565,1.0,4095.0,0,0
23/07/25 15:25:31,3654.623,1660.0,835.0,1659.0,788.7,58.25,769.7,70.11,70.11,0.0,0.0,0.0,10.0,153.0,1.0,70.1106,70.1064,5.54486e+38,-0.04005,-0.20515,-50.0,100.0,0.01,0.0,0.1,0.05,192.366,0.946565,1.0,4095.0,0,0
23/07/25 15:25:32,3655.683,1662.0,838.0,1666.0,788.7,58.1,769.7,69.76,69.87,0.0,0.0,0.0,10.0,153.0,1.0,69.7612,69.8695,5.5541e+38,-0.04008,-0.20428,-50.0,100.0,0.01,0.0,0.1,0.05,192.366,0.946565,1.0,4095.0,0,0
23/07/25 15:25:34,3656.753,1667.0,836.0,1676.0,788.7,58.2,769.7,69.26,69.71,0.0,0.0,0.0,10.0,153.0,1.0,69.2619,69.7112,5.58156e+38,-0.04006,-0.20486,-50.0,100.0,0.01,0.0,0.1,0.05,192.366,0.946565,1.0,4095.0,0,0
23/07/25 15:25:34,3657.569,1661.0,836.0,1670.0,788.7,58.2,769.7,69.47,70.01,0.0,0.0,0.0,10.0,153.0,1.0,69.4703,70.0108,5.54971e+38,-0.04006,-0.20486,-50.0,100.0,0.01,0.0,0.1,0.05,192.366,0.946565,1.0,4095.0,0,0
23/07/25 15:25:35,3658.625,1668.0,838.0,1667.0,788.7,58.1,769.7,69.62,69.57,0.0,0.0,0.0,10.0,153.0,1.0,69.62,69.5701,5.58594e+38,-0.04008,-0.20428,-50.0,100.0,0.01,0.0,0.1,0.05,192.366,0.946565,1.0,4095.0,0,0
23/07/25 15:25:36,3659.663,1667.0,838.0,1670.0,788.7,58.1,769.7,69.56,69.62,0.0,0.0,0.0,10.0,153.0,1.0,69.5615,69.62,5.58064e+38,-0.04008,-0.20428,-50.0,100.0,0.01,0.0,0.1,0.05,192.366,0.946565,1.0,4095.0,0,0
23/07/25 15:25:37,3660.717,1671.0,837.0,1674.0,788.7,58.15,769.7,69.18,69.47,0.0,0.0,0.0,10.0,153.0,1.0,69.1796,69.466,5.60233e+38,-0.04007,-0.20457,-50.0,100.0,0.01,0.0,0.1,0.05,192.366,0.946565,1.0,4095.0,0,0
23/07/25 15:25:39,3661.786,1669.0,840.0,1683.0,788.7,58.0,769.7,68.78,69.43,0.0,0.0,0.0,10.0,153.0,1.0,68.7761,69.4289,5.59032e+38,-0.0401,-0.2037,-50.0,100.0,0.01,0.0,0.1,0.05,192.366,0.946565,1.0,4095.0,0,0
23/07/25 15:25:39,3662.567,1671.0,839.0,1676.0,788.7,58.05,769.7,69.17,69.37,0.0,0.0,0.0,10.0,153.0,1.0,69.1709,69.3748,5.60139e+38,-0.04009,-0.20399,-50.0,100.0,0.01,0.0,0.1,0.05,192.366,0.946565,1.0,4095.0,0,0
23/07/25 15:25:40,3663.611,1673.0,839.0,1684.0,788.7,58.05,769.7,68.64,69.28,0.0,0.0,0.0,10.0,153.0,1.0,68.6354,69.275,5.612e+38,-0.04009,-0.20399,-50.0,100.0,0.01,0.0,0.1,0.05,192.366,0.946565,1.0,4095.0,0,0
23/07/25 15:25:41,3664.686,1675.0,841.0,1679.0,788.7,57.95,769.7,68.93,69.08,0.0,0.0,0.0,10.0,153.0,1.0,68.9302,69.0841,5.62166e+38,-0.04011,-0.20341,-50.0,100.0,0.01,0.0,0.1,0.05,192.366,0.946565,1.0,4095.0,0,0
23/07/25 15:25:43,3665.746,1685.0,840.0,1682.0,788.7,58.0,769.7,68.78,68.63,0.0,0.0,0.0,10.0,153.0,1.0,68.7806,68.6309,5.67517e+38,-0.0401,-0.2037,-50.0,100.0,0.01,0.0,0.1,0.05,192.366,0.946565,1.0,4095.0,0,0
23/07/25 15:25:43,3666.567,1684.0,842.0,1687.0,788.7,57.9,769.7,68.44,68.59,0.0,0.0,0.0,10.0,153.0,1.0,68.4404,68.5899,5.6689e+38,-0.04012,-0.20312,-50.0,100.0,0.01,0.0,0.1,0.05,192.366,0.946565,1.0,4095.0,0,0
23/07/25 15:25:44,3667.622,1683.0,841.0,1687.0,788.7,57.95,769.7,68.53,68.69,0.0,0.0,0.0,10.0,153.0,1.0,68.5312,68.6852,5.66408e+38,-0.04011,-0.20341,-50.0,100.0,0.01,0.0,0.1,0.05,192.366,0.946565,1.0,4095.0,0,0
23/07/25 15:25:45,3668.69,1690.0,841.0,1695.0,788.7,57.95,769.7,68.04,68.34,0.0,0.0,0.0,10.0,153.0,1.0,68.0416,68.3362,5.7012e+38,-0.04011,-0.20341,-50.0,100.0,0.01,0.0,0.1,0.05,192.366,0.946565,1.0,4095.0,0,0
23/07/25 15:25:47,3669.769,1689.0,844.0,1695.0,788.7,57.8,769.7,67.95,68.25,0.0,0.0,0.0,10.0,153.0,1.0,67.951,68.2499,5.69442e+38,-0.04014,-0.20254,-50.0,100.0,0.01,0.0,0.1,0.05,192.366,0.946565,1.0,4095.0,0,0
23/07/25 15:25:47,3670.561,1696.0,844.0,1698.0,788.7,57.8,769.7,67.85,67.9,0.0,0.0,0.0,10.0,153.0,1.0,67.8468,67.9012,5.73151e+38,-0.04014,-0.20254,-50.0,100.0,0.01,0.0,0.1,0.05,192.366,0.946565,1.0,4095.0,0,0
23/07/25 15:25:48,3671.63,1685.0,843.0,1704.0,788.7,57.85,769.7,67.46,68.49,0.0,0.0,0.0,10.0,153.0,1.0,67.4574,68.4947,5.67371e+38,-0.04013,-0.20283,-50.0,100.0,0.01,0.0,0.1,0.05,192.366,0.946565,1.0,4095.0,0,0
23/07/25 15:25:49,3672.695,1702.0,846.0,1699.0,788.7,57.7,769.7,67.66,67.51,0.0,0.0,0.0,10.0,153.0,1.0,67.6612,67.5118,5.76228e+38,-0.04016,-0.20196,-50.0,100.0,0.01,0.0,0.1,0.05,192.366,0.946565,1.0,4095.0,0,0
23/07/25 15:25:51,3673.779,1699.0,846.0,1697.0,788.7,57.7,769.7,67.85,67.66,0.0,0.0,0.0,10.0,153.0,1.0,67.8513,67.6612,5.7464e+38,-0.04016,-0.20196,-50.0,100.0,0.01,0.0,0.1,0.05,192.366,0.946565,1.0,4095.0,0,0
23/07/25 15:25:51,3674.569,1703.0,846.0,1710.0,788.7,57.7,769.7,67.02,67.46,0.0,0.0,0.0,10.0,153.0,1.0,67.0231,67.462,5.76758e+38,-0.04016,-0.20196,-50.0,100.0,0.01,0.0,0.1,0.05,192.366,0.946565,1.0,4095.0,0,0
23/07/25 15:25:52,3675.624,1711.0,849.0,1712.0,788.7,57.55,769.7,66.97,66.93,0.0,0.0,0.0,10.0,153.0,1.0,66.9687,66.9282,5.80839e+38,-0.04019,-0.20109,-50.0,100.0,0.01,0.0,0.1,0.05,192.366,0.946565,1.0,4095.0,0,0
23/07/25 15:25:53,3676.692,1711.0,847.0,1707.0,788.7,57.65,769.7,67.26,67.02,0.0,0.0,0.0,10.0,153.0,1.0,67.2628,67.0184,5.80942e+38,-0.04017,-0.20167,-50.0,100.0,0.01,0.0,0.1,0.05,192.366,0.946565,1.0,4095.0,0,0
23/07/25 15:25:55,3677.757,1708.0,848.0,1718.0,788.7,57.6,769.7,66.53,67.12,0.0,0.0,0.0,10.0,153.0,1.0,66.5348,67.1227,5.79303e+38,-0.04018,-0.20138,-50.0,100.0,0.01,0.0,0.1,0.05,192.366,0.946565,1.0,4095.0,0,0
23/07/25 15:25:55,3678.557,1718.0,850.0,1716.0,788.7,57.5,769.7,66.72,66.53,0.0,0.0,0.0,10.0,153.0,1.0,66.7245,66.5348,5.8449e+38,-0.0402,-0.2008,-50.0,100.0,0.01,0.0,0.1,0.05,192.366,0.946565,1.0,4095.0,0,0
23/07/25 15:25:56,3679.644,1726.0,848.0,1719.0,788.7,57.6,769.7,66.49,66.23,0.0,0.0,0.0,10.0,153.0,1.0,66.4851,66.2267,5.8883e+38,-0.04018,-0.20138,-50.0,100.0,0.01,0.0,0.1,0.05,192.366,0.946565,1.0,4095.0,0,0
23/07/25 15:25:57,3680.722,1715.0,851.0,1726.0,788.7,57.45,769.7,66.05,66.64,0.0,0.0,0.0,10.0,153.0,1.0,66.0469,66.639,5.8285e+38,-0.04021,-0.20051,-50.0,100.0,0.01,0.0,0.1,0.05,192.366,0.946565,1.0,4095.0,0,0
23/07/25 15:25:59,3681.766,1721.0,852.0,1727.0,788.7,57.4,769.7,66.04,66.3,0.0,0.0,0.0,10.0,153.0,1.0,66.0421,66.2956,5.85971e+38,-0.04022,-0.20022,-50.0,100.0,0.01,0.0,0.1,0.05,192.366,0.946565,1.0,4095.0,0,0
23/07/25 15:25:59,3682.574,1721.0,851.0,1726.0,788.7,57.45,769.7,66.09,66.34,0.0,0.0,0.0,10.0,153.0,1.0,66.0919,66.3406,5.86024e+38,-0.04021,-0.20051,-50.0,100.0,0.01,0.0,0.1,0.05,192.366,0.946565,1.0,4095.0,0,0
23/07/25 15:26:00,3683.648,1734.0,854.0,1737.0,788.7,57.3,769.7,65.41,65.56,0.0,0.0,0.0,10.0,153.0,1.0,65.4104,65.5595,5.92735e+38,-0.04024,-0.19964,-50.0,100.0,0.01,0.0,0.1,0.05,192.366,0.946565,1.0,4095.0,0,0
23/07/25 15:26:01,3684.723,1735.0,855.0,1737.0,788.7,57.25,769.7,65.46,65.46,0.0,0.0,0.0,10.0,153.0,1.0,65.4552,65.4649,5.93209e+38,-0.04025,-0.19935,-50.0,100.0,0.01,0.0,0.1,0.05,192.366,0.946565,1.0,4095.0,0,0
23/07/25 15:26:03,3685.787,1738.0,854.0,1746.0,788.7,57.3,769.7,64.87,65.36,0.0,0.0,0.0,10.0,153.0,1.0,64.8736,65.3606,5.94849e+38,-0.04024,-0.19964,-50.0,100.0,0.01,0.0,0.1,0.05,192.366,0.946565,1.0,4095.0,0,0
23/07/25 15:26:03,3686.566,1742.0,857.0,1737.0,788.7,57.15,769.7,65.32,65.03,0.0,0.0,0.0,10.0,153.0,1.0,65.3207,65.0276,5.13027e+38,-0.04027,-0.19877,-50.0,100.0,0.01,0.0,0.1,0.05,192.366,0.946565,1.0,4095.0,0,0
23/07/25 15:26:04,3687.637,1743.0,857.0,1744.0,788.7,57.15,769.7,65.02,64.98,0.0,0.0,0.0,10.0,153.0,1.0,65.0177,64.9779,5.14083e+38,-0.04027,-0.19877,-50.0,100.0,0.01,0.0,0.1,0.05,192.366,0.946565,1.0,4095.0,0,0
23/07/25 15:26:05,3688.686,1746.0,857.0,1747.0,788.7,57.15,769.7,64.73,64.83,0.0,0.0,0.0,10.0,153.0,1.0,64.7346,64.8289,5.17252e+38,-0.04027,-0.19877,-50.0,100.0,0.01,0.0,0.1,0.05,192.366,0.946565,1.0,4095.0,0,0
23/07/25 15:26:07,3689.761,1752.0,860.0,1754.0,788.7,57.0,769.7,64.34,64.4,0.0,0.0,0.0,10.0,153.0,1.0,64.3424,64.397,5.23247e+38,-0.0403,-0.1979,-50.0,100.0,0.01,0.0,0.1,0.05,192.366,0.946565,1.0,4095.0,0,0
23/07/25 15:26:08,3690.806,1754.0,859.0,1752.0,788.7,57.05,769.7,64.49,64.34,0.0,0.0,0.0,10.0,153.0,1.0,64.4863,64.3424,5.25473e+38,-0.04029,-0.19819,-50.0,100.0,0.01,0.0,0.1,0.05,192.366,0.946565,1.0,4095.0,0,0
23/07/25 15:26:08,3691.566,1749.0,860.0,1760.0,788.7,57.0,769.7,63.91,64.55,0.0,0.0,0.0,10.0,153.0,1.0,63.9109,64.5459,5.20081e+38,-0.0403,-0.1979,-50.0,100.0,0.01,0.0,0.1,0.05,192.366,0.946565,1.0,4095.0,0,0
23/07/25 15:26:09,3692.61,1759.0,863.0,1763.0,788.7,56.85,769.7,63.81,63.92,0.0,0.0,0.0,10.0,153.0,1.0,63.8066,63.916,5.30288e+38,-0.04033,-0.19703,-50.0,100.0,0.01,0.0,0.1,0.05,192.366,0.946565,1.0,4095.0,0,0
23/07/25 15:26:10,3693.687,1755.0,862.0,1760.0,788.7,56.9,769.7,63.96,64.16,0.0,0.0,0.0,10.0,153.0,1.0,63.9555,64.1589,5.26184e+38,-0.04032,-0.19732,-50.0,100.0,0.01,0.0,0.1,0.05,192.366,0.946565,1.0,4095.0,0,0
23/07/25 15:26:12,3694.741,1761.0,864.0,1766.0,788.7,56.8,769.7,63.52,63.77,0.0,0.0,0.0,10.0,153.0,1.0,63.5244,63.7722,5.32282e+38,-0.04034,-0.19674,-50.0,100.0,0.01,0.0,0.1,0.05,192.366,0.946565,1.0,4095.0,0,0
23/07/25 15:26:13,3695.805,1761.0,866.0,1767.0,788.7,56.7,769.7,63.47,63.68,0.0,0.0,0.0,10.0,153.0,1.0,63.4748,63.6832,5.3205e+38,-0.04036,-0.19616,-50.0,100.0,0.01,0.0,0.1,0.05,192.366,0.946565,1.0,4095.0,0,0
23/07/25 15:26:13,3696.561,1772.0,865.0,1773.0,788.7,56.75,769.7,63.09,63.18,0.0,0.0,0.0,10.0,153.0,1.0,63.0885,63.1825,5.43761e+38,-0.04035,-0.19645,-50.0,100.0,0.01,0.0,0.1,0.05,192.366,0.946565,1.0,4095.0,0,0
23/07/25 15:26:14,3697.648,1770.0,868.0,1776.0,788.7,56.6,769.7,62.85,63.15,0.0,0.0,0.0,10.0,153.0,1.0,62.8511,63.1483,5.41298e+38,-0.04038,-0.19558,-50.0,100.0,0.01,0.0,0.1,0.05,192.366,0.946565,1.0,4095.0,0,0
23/07/25 15:26:15,3698.694,1776.0,868.0,1777.0,788.7,56.6,769.7,62.85,62.85,0.0,0.0,0.0,10.0,153.0,1.0,62.8459,62.8511,5.47618e+38,-0.04038,-0.19558,-50.0,100.0,0.01,0.0,0.1,0.05,192.366,0.946565,1.0,4095.0,0,0
23/07/25 15:26:17,3699.774,1776.0,868.0,1783.0,788.7,56.6,769.7,62.46,62.85,0.0,0.0,0.0,10.0,153.0,1.0,62.4601,62.8511,5.47618e+38,-0.04038,-0.19558,-50.0,100.0,0.01,0.0,0.1,0.05,192.366,0.946565,1.0,4095.0,0,0
23/07/25 15:26:17,3700.566,1786.0,872.0,1784.0,788.7,56.4,769.7,62.32,62.18,0.0,0.0,0.0,10.0,153.0,1.0,62.3221,62.1788,5.57663e+38,-0.04042,-0.19442,-50.0,100.0,0.01,0.0,0.1,0.05,192.366,0.946565,1.0,4095.0,0,0
23/07/25 15:26:18,3701.628,1782.0,872.0,1786.0,788.7,56.4,769.7,62.27,62.38,0.0,0.0,0.0,10.0,153.0,1.0,62.2673,62.3768,5.53453e+38,-0.04042,-0.19442,-50.0,100.0,0.01,0.0,0.1,0.05,192.366,0.946565,1.0,4095.0,0,0
23/07/25 15:26:19,3702.678,1783.0,872.0,1785.0,788.7,56.4,769.7,62.18,62.33,0.0,0.0,0.0,10.0,153.0,1.0,62.184,62.3273,5.54506e+38,-0.04042,-0.19442,-50.0,100.0,0.01,0.0,0.1,0.05,192.366,0.946565,1.0,4095.0,0,0
23/07/25 15:26:21,3703.75,1789.0,874.0,1791.0,788.7,56.3,769.7,61.84,61.94,0.0,0.0,0.0,10.0,153.0,1.0,61.843,61.9419,5.60574e+38,-0.04044,-0.19384,-50.0,100.0,0.01,0.0,0.1,0.05,192.366,0.946565,1.0,4095.0,0,0
23/07/25 15:26:21,3704.56,1788.0,874.0,1796.0,788.7,56.3,769.7,61.64,61.99,0.0,0.0,0.0,10.0,153.0,1.0,61.6399,61.9914,5.59522e+38,-0.04044,-0.19384,-50.0,100.0,0.01,0.0,0.1,0.05,192.366,0.946565,1.0,4095.0,0,0
23/07/25 15:26:22,3705.622,1793.0,874.0,1805.0,788.7,56.3,769.7,61.02,61.74,0.0,0.0,0.0,10.0,153.0,1.0,61.0186,61.7441,5.64781e+38,-0.04044,-0.19384,-50.0,100.0,0.01,0.0,0.1,0.05,192.366,0.946565,1.0,4095.0,0,0
23/07/25 15:26:23,3706.69,1799.0,878.0,1805.0,788.7,56.1,769.7,61.02,61.27,0.0,0.0,0.0,10.0,153.0,1.0,61.0186,61.271,5.70591e+38,-0.04048,-0.19268,-50.0,100.0,0.01,0.0,0.1,0.05,192.366,0.946565,1.0,4095.0,0,0
23/07/25 15:26:24,3707.736,1806.0,877.0,1805.0,788.7,56.15,769.7,61.02,60.97,0.0,0.0,0.0,10.0,153.0,1.0,61.0186,60.9691,5.78073e+38,-0.04047,-0.19297,-50.0,100.0,0.01,0.0,0.1,0.05,192.366,0.946565,1.0,4095.0,0,0
23/07/25 15:26:25,3708.564,1810.0,879.0,1807.0,788.7,56.05,769.7,60.79,60.68,0.0,0.0,0.0,10.0,153.0,1.0,60.7877,60.6835,5.82021e+38,-0.04049,-0.19239,-50.0,100.0,0.01,0.0,0.1,0.05,192.366,0.946565,1.0,4095.0,0,0
23/07/25 15:26:26,3709.649,1814.0,881.0,1815.0,788.7,55.95,769.7,60.44,60.4,0.0,0.0,0.0,10.0,153.0,1.0,60.4365,60.3981,5.85965e+38,-0.04051,-0.19181,-50.0,100.0,0.01,0.0,0.1,0.05,192.366,0.946565,1.0,4095.0,0,0
23/07/25 15:26:27,3710.698,1815.0,881.0,1815.0,788.7,55.95,769.7,60.35,60.35,0.0,0.0,0.0,10.0,153.0,1.0,60.3487,60.3487,5.87015e+38,-0.04051,-0.19181,-50.0,100.0,0.01,0.0,0.1,0.05,192.366,0.946565,1.0,4095.0,0,0
23/07/25 15:26:29,3711.752,1818.0,883.0,1822.0,788.7,55.85,769.7,59.87,60.11,0.0,0.0,0.0,10.0,153.0,1.0,59.8715,60.1128,5.89906e+38,-0.04053,-0.19123,-50.0,100.0,0.01,0.0,0.1,0.05,192.366,0.946565,1.0,4095.0,0,0
23/07/25 15:26:29,3712.565,1819.0,884.0,1827.0,788.7,55.8,769.7,59.67,60.02,0.0,0.0,0.0,10.0,153.0,1.0,59.6687,60.0195,5.90825e+38,-0.04054,-0.19094,-50.0,100.0,0.01,0.0,0.1,0.05,192.366,0.946565,1.0,4095.0,0,0
23/07/25 15:26:30,3713.639,1822.0,884.0,1828.0,788.7,55.8,769.7,59.53,59.87,0.0,0.0,0.0,10.0,153.0,1.0,59.5318,59.8715,5.93973e+38,-0.04054,-0.19094,-50.0,100.0,0.01,0.0,0.1,0.05,192.366,0.946565,1.0,4095.0,0,0
23/07/25 15:26:31,3714.719,1820.0,887.0,1824.0,788.7,55.65,769.7,59.64,59.84,0.0,0.0,0.0,10.0,153.0,1.0,59.6414,59.8386,5.91484e+38,-0.04057,-0.19007,-50.0,100.0,0.01,0.0,0.1,0.05,192.366,0.946565,1.0,4095.0,0,0
23/07/25 15:26:33,3715.769,1826.0,888.0,1833.0,788.7,55.6,769.7,59.24,59.5,0.0,0.0,0.0,10.0,153.0,1.0,59.2414,59.499,5.14721e+38,-0.04058,-0.18978,-50.0,100.0,0.01,0.0,0.1,0.05,192.366,0.946565,1.0,4095.0,0,0
23/07/25 15:26:33,3716.568,1841.0,887.0,1837.0,788.7,55.65,769.7,58.87,58.8,0.0,0.0,0.0,10.0,153.0,1.0,58.8695,58.8033,5.46437e+38,-0.04057,-0.19007,-50.0,100.0,0.01,0.0,0.1,0.05,192.366,0.946565,1.0,4095.0,0,0
23/07/25 15:26:34,3717.626,1838.0,892.0,1842.0,788.7,55.4,769.7,58.58,58.73,0.0,0.0,0.0,10.0,153.0,1.0,58.5795,58.7328,5.38801e+38,-0.04062,-0.18862,-50.0,100.0,0.01,0.0,0.1,0.05,192.366,0.946565,1.0,4095.0,0,0
23/07/25 15:26:35,3718.707,1844.0,891.0,1837.0,788.7,55.45,769.7,58.87,58.48,0.0,0.0,0.0,10.0,153.0,1.0,58.8695,58.481,5.51639e+38,-0.04061,-0.18891,-50.0,100.0,0.01,0.0,0.1,0.05,192.366,0.946565,1.0,4095.0,0,0
23/07/25 15:26:37,3719.745,1846.0,893.0,1842.0,788.7,55.35,769.7,58.49,58.3,0.0,0.0,0.0,10.0,153.0,1.0,58.4923,58.2954,5.55283e+38,-0.04063,-0.18833,-50.0,100.0,0.01,0.0,0.1,0.05,192.366,0.946565,1.0,4095.0,0,0
23/07/25 15:26:38,3720.787,1843.0,895.0,1848.0,788.7,55.25,769.7,58.15,58.36,0.0,0.0,0.0,10.0,153.0,1.0,58.1534,58.3558,5.48459e+38,-0.04065,-0.18775,-50.0,100.0,0.01,0.0,0.1,0.05,192.366,0.946565,1.0,4095.0,0,0
23/07/25 15:26:38,3721.562,1852.0,894.0,1852.0,788.7,55.3,769.7,57.96,57.96,0.0,0.0,0.0,10.0,153.0,1.0,57.9565,57.9565,5.6757e+38,-0.04064,-0.18804,-50.0,100.0,0.01,0.0,0.1,0.05,192.366,0.946565,1.0,4095.0,0,0
23/07/25 15:26:39,3722.636,1851.0,896.0,1859.0,788.7,55.2,769.7,57.48,57.92,0.0,0.0,0.0,10.0,153.0,1.0,57.4817,57.9187,5.64926e+38,-0.04066,-0.18746,-50.0,100.0,0.01,0.0,0.1,0.05,192.366,0.946565,1.0,4095.0,0,0
23/07/25 15:26:40,3723.7,1856.0,899.0,1865.0,788.7,55.05,769.7,57.14,57.54,0.0,0.0,0.0,10.0,153.0,1.0,57.1433,57.5423,5.74555e+38,-0.04069,-0.18659,-50.0,100.0,0.01,0.0,0.1,0.05,192.366,0.946565,1.0,4095.0,0,0
23/07/25 15:26:42,3724.774,1856.0,898.0,1859.0,788.7,55.1,769.7,57.44,57.59,0.0,0.0,0.0,10.0,153.0,1.0,57.4383,57.5858,5.74833e+38,-0.04068,-0.18688,-50.0,100.0,0.01,0.0,0.1,0.05,192.366,0.946565,1.0,4095.0,0,0
23/07/25 15:26:42,3725.569,1859.0,902.0,1860.0,788.7,54.9,769.7,57.26,57.26,0.0,0.0,0.0,10.0,153.0,1.0,57.2588,57.2645,5.79992e+38,-0.04072,-0.18572,-50.0,100.0,0.01,0.0,0.1,0.05,192.366,0.946565,1.0,4095.0,0,0
23/07/25 15:26:43,3726.642,1863.0,902.0,1869.0,788.7,54.9,769.7,56.82,57.07,0.0,0.0,0.0,10.0,153.0,1.0,56.8166,57.068,5.88349e+38,-0.04072,-0.18572,-50.0,100.0,0.01,0.0,0.1,0.05,192.366,0.946565,1.0,4095.0,0,0
23/07/25 15:26:44,3727.708,1875.0,902.0,1867.0,788.7,54.9,769.7,56.87,56.48,0.0,0.0,0.0,10.0,153.0,1.0,56.8715,56.4786,5.46273e+38,-0.04072,-0.18572,-50.0,100.0,0.01,0.0,0.1,0.05,192.366,0.946565,1.0,4095.0,0,0
23/07/25 15:26:46,3728.793,1870.0,905.0,1879.0,788.7,54.75,769.7,56.15,56.59,0.0,0.0,0.0,10.0,153.0,1.0,56.1525,56.5942,5.2368e+38,-0.04075,-0.18485,-50.0,100.0,0.01,0.0,0.1,0.05,192.366,0.946565,1.0,4095.0,0,0
23/07/25 15:26:46,3729.567,1874.0,907.0,1873.0,788.7,54.65,769.7,56.49,56.31,0.0,0.0,0.0,10.0,153.0,1.0,56.4902,56.3113,5.39239e+38,-0.04077,-0.18427,-50.0,100.0,0.01,0.0,0.1,0.05,192.366,0.946565,1.0,4095.0,0,0
23/07/25 15:26:47,3730.648,1882.0,905.0,1877.0,788.7,54.75,769.7,56.21,56.01,0.0,0.0,0.0,10.0,153.0,1.0,56.2074,56.0052,5.73782e+38,-0.04075,-0.18485,-50.0,100.0,0.01,0.0,0.1,0.05,192.366,0.946565,1.0,4095.0,0,0
23/07/25 15:26:48,3731.719,1881.0,909.0,1883.0,788.7,54.55,769.7,55.78,55.88,0.0,0.0,0.0,10.0,153.0,1.0,55.7834,55.8815,5.67297e+38,-0.04079,-0.18369,-50.0,100.0,0.01,0.0,0.1,0.05,192.366,0.946565,1.0,4095.0,0,0
23/07/25 15:26:50,3732.778,1885.0,910.0,1893.0,788.7,54.5,769.7,55.38,55.64,0.0,0.0,0.0,10.0,153.0,1.0,55.3792,55.6422,5.834e+38,-0.0408,-0.1834,-50.0,100.0,0.01,0.0,0.1,0.05,192.366,0.946565,1.0,4095.0,0,0
23/07/25 15:26:50,3733.575,1886.0,909.0,1888.0,788.7,54.55,769.7,55.45,55.64,0.0,0.0,0.0,10.0,153.0,1.0,55.452,55.6363,5.88153e+38,-0.04079,-0.18369,-50.0,100.0,0.01,0.0,0.1,0.05,192.366,0.946565,1.0,4095.0,0,0
23/07/25 15:26:51,3734.625,1888.0,913.0,1898.0,788.7,54.35,769.7,54.92,55.37,0.0,0.0,0.0,10.0,153.0,1.0,54.9189,55.3657,5.9416e+38,-0.04083,-0.18253,-50.0,100.0,0.01,0.0,0.1,0.05,192.366,0.946565,1.0,4095.0,0,0
23/07/25 15:26:52,3735.682,1895.0,912.0,1902.0,788.7,54.4,769.7,54.72,55.07,0.0,0.0,0.0,10.0,153.0,1.0,54.7229,55.0659,5.67275e+38,-0.04082,-0.18282,-50.0,100.0,0.01,0.0,0.1,0.05,192.366,0.946565,1.0,4095.0,0,0
23/07/25 15:26:53,3736.733,1894.0,914.0,1896.0,788.7,54.3,769.7,54.84,55.03,0.0,0.0,0.0,10.0,153.0,1.0,54.8446,55.0287,5.56583e+38,-0.04084,-0.18224,-50.0,100.0,0.01,0.0,0.1,0.05,192.366,0.946565,1.0,4095.0,0,0
23/07/25 15:26:55,3737.808,1899.0,915.0,1895.0,788.7,54.25,769.7,54.94,54.74,0.0,0.0,0.0,10.0,153.0,1.0,54.9367,54.7408,5.13547e+38,-0.04085,-0.18195,-50.0,100.0,0.01,0.0,0.1,0.05,192.366,0.946565,1.0,4095.0,0,0
23/07/25 15:26:55,3738.567,1902.0,915.0,1898.0,788.7,54.25,769.7,54.75,54.59,0.0,0.0,0.0,10.0,153.0,1.0,54.7468,54.594,5.63525e+38,-0.04085,-0.18195,-50.0,100.0,0.01,0.0,0.1,0.05,192.366,0.946565,1.0,4095.0,0,0
23/07/25 15:26:56,3739.647,1901.0,919.0,1906.0,788.7,54.05,769.7,54.18,54.47,0.0,0.0,0.0,10.0,153.0,1.0,54.1834,54.4709,5.37343e+38,-0.04089,-0.18079,-50.0,100.0,0.01,0.0,0.1,0.05,192.366,0.946565,1.0,4095.0,0,0
23/07/25 15:26:57,3740.697,1913.0,920.0,1910.0,788.7,54.0,769.7,54.07,53.84,0.0,0.0,0.0,10.0,153.0,1.0,54.0736,53.8411,-5.72412e+38,-0.0409,-0.1805,-50.0,100.0,0.01,0.0,0.1,0.05,192.366,0.946565,1.0,4095.0,0,0
23/07/25 15:26:59,3741.759,1911.0,919.0,1908.0,788.7,54.05,769.7,54.09,53.98,0.0,0.0,0.0,10.0,153.0,1.0,54.0856,53.9818,-5.87701e+38,-0.04089,-0.18079,-50.0,100.0,0.01,0.0,0.1,0.05,192.366,0.946565,1.0,4095.0,0,0
23/07/25 15:26:59,3742.566,1915.0,923.0,1914.0,788.7,53.85,769.7,53.62,53.61,0.0,0.0,0.0,10.0,153.0,1.0,53.6207,53.6147,-5.20447e+38,-0.04093,-0.17963,-50.0,100.0,0.01,0.0,0.1,0.05,192.366,0.946565,1.0,4095.0,0,0
23/07/25 15:27:00,3743.637,1916.0,923.0,1922.0,788.7,53.85,769.7,53.32,53.57,0.0,0.0,0.0,10.0,153.0,1.0,53.3155,53.5659,-5.83878e+38,-0.04093,-0.17963,-50.0,100.0,0.01,0.0,0.1,0.05,192.366,0.946565,1.0,4095.0,0,0
23/07/25 15:27:01,3744.695,1918.0,924.0,1921.0,788.7,53.8,769.7,53.28,53.43,0.0,0.0,0.0,10.0,153.0,1.0,53.2788,53.4253,-5.53065e+38,-0.04094,-0.17934,-50.0,100.0,0.01,0.0,0.1,0.05,192.366,0.946565,1.0,4095.0,0,0
23/07/25 15:27:03,3745.761,1920.0,928.0,1923.0,788.7,53.6,769.7,53.05,53.16,0.0,0.0,0.0,10.0,153.0,1.0,53.0527,53.1564,-5.29608e+38,-0.04098,-0.17818,-50.0,100.0,0.01,0.0,0.1,0.05,192.366,0.946565,1.0,4095.0,0,0
23/07/25 15:27:03,3746.567,1925.0,929.0,1923.0,788.7,53.55,769.7,53.1,52.87,0.0,0.0,0.0,10.0,153.0,1.0,53.0955,52.8696,-5.64801e+38,-0.04099,-0.17789,-50.0,100.0,0.01,0.0,0.1,0.05,192.366,0.946565,1.0,4095.0,0,0
23/07/25 15:27:04,3747.627,1928.0,929.0,1928.0,788.7,53.55,769.7,52.68,52.72,0.0,0.0,0.0,10.0,153.0,1.0,52.6805,52.7232,-5.39896e+38,-0.04099,-0.17789,-50.0,100.0,0.01,0.0,0.1,0.05,192.366,0.946565,1.0,4095.0,0,0
23/07/25 15:27:05,3748.687,1927.0,932.0,1927.0,788.7,53.4,769.7,52.69,52.64,0.0,0.0,0.0,10.0,153.0,1.0,52.6865,52.6438,-5.51902e+38,-0.04102,-0.17702,-50.0,100.0,0.01,0.0,0.1,0.05,192.366,0.946565,1.0,4095.0,0,0
23/07/25 15:27:07,3749.758,1931.0,931.0,1935.0,788.7,53.45,769.7,52.34,52.49,0.0,0.0,0.0,10.0,153.0,1.0,52.339,52.4915,-5.17477e+38,-0.04101,-0.17731,-50.0,100.0,0.01,0.0,0.1,0.05,192.366,0.946565,1.0,4095.0,0,0
23/07/25 15:27:07,3750.568,1937.0,932.0,1938.0,788.7,53.4,769.7,52.02,52.16,0.0,0.0,0.0,10.0,153.0,1.0,52.0222,52.1562,-5.74756e+38,-0.04102,-0.17702,-50.0,100.0,0.01,0.0,0.1,0.05,192.366,0.946565,1.0,4095.0,0,0
23/07/25 15:27:08,3751.63,1937.0,936.0,1939.0,788.7,53.2,769.7,51.97,51.99,0.0,0.0,0.0,10.0,153.0,1.0,51.9735,51.9857,-5.77262e+38,-0.04106,-0.17586,-50.0,100.0,0.01,0.0,0.1,0.05,192.366,0.946565,1.0,4095.0,0,0
23/07/25 15:27:09,3752.695,1944.0,935.0,1943.0,788.7,53.25,769.7,51.78,51.69,0.0,0.0,0.0,10.0,153.0,1.0,51.7786,51.6873,-5.47623e+38,-0.04105,-0.17615,-50.0,100.0,0.01,0.0,0.1,0.05,192.366,0.946565,1.0,4095.0,0,0
23/07/25 15:27:11,3753.755,1939.0,937.0,1944.0,788.7,53.15,769.7,51.52,51.85,0.0,0.0,0.0,10.0,153.0,1.0,51.517,51.8457,-5.69602e+38,-0.04107,-0.17557,-50.0,100.0,0.01,0.0,0.1,0.05,192.366,0.946565,1.0,4095.0,0,0
23/07/25 15:27:11,3754.565,1947.0,941.0,1947.0,788.7,52.95,769.7,51.41,51.29,0.0,0.0,0.0,10.0,153.0,1.0,51.4135,51.2859,-5.39002e+38,-0.04111,-0.17441,-50.0,100.0,0.01,0.0,0.1,0.05,192.366,0.946565,1.0,4095.0,0,0
23/07/25 15:27:12,3755.643,1950.0,939.0,1948.0,788.7,53.05,769.7,51.32,51.22,0.0,0.0,0.0,10.0,153.0,1.0,51.3223,51.225,-5.2531e+38,-0.04109,-0.17499,-50.0,100.0,0.01,0.0,0.1,0.05,192.366,0.946565,1.0,4095.0,0,0
23/07/25 15:27:13,3756.716,1953.0,943.0,1957.0,788.7,52.85,769.7,50.71,50.91,0.0,0.0,0.0,10.0,153.0,1.0,50.7146,50.9091,-5.1545e+38,-0.04113,-0.17383,-50.0,100.0,0.01,0.0,0.1,0.05,192.366,0.946565,1.0,4095.0,0,0
23/07/25 15:27:15,3757.769,1952.0,945.0,1959.0,788.7,52.75,769.7,50.62,50.87,0.0,0.0,0.0,10.0,153.0,1.0,50.6173,50.8727,-5.20864e+38,-0.04115,-0.17325,-50.0,100.0,0.01,0.0,0.1,0.05,192.366,0.946565,1.0,4095.0,0,0
23/07/25 15:27:15,3758.557,1961.0,943.0,1961.0,788.7,52.85,769.7,50.48,50.52,0.0,0.0,0.0,10.0,153.0,1.0,50.4777,50.5201,-5.81461e+38,-0.04113,-0.17383,-50.0,100.0,0.01,0.0,0.1,0.05,192.366,0.946565,1.0,4095.0,0,0
23/07/25 15:27:16,3759.623,1961.0,946.0,1956.0,788.7,52.7,769.7,50.64,50.39,0.0,0.0,0.0,10.0,153.0,1.0,50.6359,50.3929,-5.82432e+38,-0.04116,-0.17296,-50.0,100.0,0.01,0.0,0.1,0.05,192.366,0.946565,1.0,4095.0,0,0
23/07/25 15:27:17,3760.709,1967.0,947.0,1964.0,788.7,52.65,769.7,50.29,50.06,0.0,0.0,0.0,10.0,153.0,1.0,50.2895,50.059,-5.70358e+38,-0.04117,-0.17267,-50.0,100.0,0.01,0.0,0.1,0.05,192.366,0.946565,1.0,4095.0,0,0
23/07/25 15:27:19,3761.771,1966.0,947.0,1964.0,788.7,52.65,769.7,50.16,50.11,0.0,0.0,0.0,10.0,153.0,1.0,50.1624,50.1076,-5.72424e+38,-0.04117,-0.17267,-50.0,100.0,0.01,0.0,0.1,0.05,192.366,0.946565,1.0,4095.0,0,0
23/07/25 15:27:19,3762.562,1971.0,951.0,1976.0,788.7,52.45,769.7,49.5,49.7,0.0,0.0,0.0,10.0,153.0,1.0,49.4952,49.6956,-5.63405e+38,-0.04121,-0.17151,-50.0,100.0,0.01,0.0,0.1,0.05,192.366,0.946565,1.0,4095.0,0,0
23/07/25 15:27:20,3763.645,1973.0,951.0,1972.0,788.7,52.45,769.7,49.73,49.6,0.0,0.0,0.0,10.0,153.0,1.0,49.7316,49.5985,-5.59276e+38,-0.04121,-0.17151,-50.0,100.0,0.01,0.0,0.1,0.05,192.366,0.946565,1.0,4095.0,0,0
23/07/25 15:27:21,3764.713,1977.0,951.0,1978.0,788.7,52.45,769.7,49.23,49.4,0.0,0.0,0.0,10.0,153.0,1.0,49.2292,49.4044,-5.51019e+38,-0.04121,-0.17151,-50.0,100.0,0.01,0.0,0.1,0.05,192.366,0.946565,1.0,4095.0,0,0
23/07/25 15:27:23,3765.759,1976.0,955.0,1984.0,788.7,52.25,769.7,48.9,49.28,0.0,0.0,0.0,10.0,153.0,1.0,48.8961,49.284,-5.54403e+38,-0.04125,-0.17035,-50.0,100.0,0.01,0.0,0.1,0.05,192.366,0.946565,1.0,4095.0,0,0
23/07/25 15:27:23,3766.555,1985.0,954.0,1982.0,788.7,52.3,769.7,49.04,48.89,0.0,0.0,0.0,10.0,153.0,1.0,49.0352,48.8897,-5.35508e+38,-0.04124,-0.17064,-50.0,100.0,0.01,0.0,0.1,0.05,192.366,0.946565,1.0,4095.0,0,0
23/07/25 15:27:24,3767.616,1988.0,957.0,1982.0,788.7,52.15,769.7,48.91,48.62,0.0,0.0,0.0,10.0,153.0,1.0,48.9087,48.6179,-5.30326e+38,-0.04127,-0.16977,-50.0,100.0,0.01,0.0,0.1,0.05,192.366,0.946565,1.0,4095.0,0,0
23/07/25 15:27:25,3768.672,1984.0,959.0,1988.0,788.7,52.05,769.7,48.58,48.73,0.0,0.0,0.0,10.0,153.0,1.0,48.5758,48.7274,-5.39237e+38,-0.04129,-0.16919,-50.0,100.0,0.01,0.0,0.1,0.05,192.366,0.946565,1.0,4095.0,0,0
23/07/25 15:27:27,3769.745,1988.0,959.0,1991.0,788.7,52.05,769.7,48.43,48.53,0.0,0.0,0.0,10.0,153.0,1.0,48.4304,48.5337,-5.30996e+38,-0.04129,-0.16919,-50.0,100.0,0.01,0.0,0.1,0.05,192.366,0.946565,1.0,4095.0,0,0
23/07/25 15:27:28,3770.788,1989.0,961.0,1994.0,788.7,51.95,769.7,48.12,48.4,0.0,0.0,0.0,10.0,153.0,1.0,48.1169,48.401,-5.29607e+38,-0.04131,-0.16861,-50.0,100.0,0.01,0.0,0.1,0.05,192.366,0.946565,1.0,4095.0,0,0
23/07/25 15:27:28,3771.563,1993.0,963.0,1990.0,788.7,51.85,769.7,48.35,48.12,0.0,0.0,0.0,10.0,153.0,1.0,48.3526,48.1232,-5.22043e+38,-0.04133,-0.16803,-50.0,100.0,0.01,0.0,0.1,0.05,192.366,0.946565,1.0,4095.0,0,0
23/07/25 15:27:29,3772.6,1998.0,962.0,1997.0,788.7,51.9,769.7,47.93,47.92,0.0,0.0,0.0,10.0,153.0,1.0,47.9296,47.9232,-5.11412e+38,-0.04132,-0.16832,-50.0,100.0,0.01,0.0,0.1,0.05,192.366,0.946565,1.0,4095.0,0,0
23/07/25 15:27:30,3773.672,1999.0,966.0,2000.0,788.7,51.7,769.7,47.66,47.71,0.0,0.0,0.0,10.0,153.0,1.0,47.6584,47.7068,-5.10712e+38,-0.04136,-0.16716,-50.0,100.0,0.01,0.0,0.1,0.05,192.366,0.946565,1.0,4095.0,0,0
23/07/25 15:27:32,3774.762,1999.0,965.0,2000.0,788.7,51.75,769.7,47.7,47.75,0.0,0.0,0.0,10.0,153.0,1.0,47.7004,47.7488,-5.95469e+38,-0.04135,-0.16745,-50.0,100.0,0.01,0.0,0.1,0.05,192.366,0.946565,1.0,4095.0,0,0
23/07/25 15:27:32,3775.558,2003.0,966.0,2007.0,788.7,51.7,769.7,47.28,47.51,0.0,0.0,0.0,10.0,153.0,1.0,47.278,47.5134,-5.91525e+38,-0.04136,-0.16716,-50.0,100.0,0.01,0.0,0.1,0.05,192.366,0.946565,1.0,4095.0,0,0
23/07/25 15:27:33,3776.613,2009.0,970.0,2002.0,788.7,51.5,769.7,47.44,47.06,0.0,0.0,0.0,10.0,153.0,1.0,47.4357,47.0556,-5.86042e+38,-0.0414,-0.166,-50.0,100.0,0.01,0.0,0.1,0.05,192.366,0.946565,1.0,4095.0,0,0
23/07/25 15:27:34,3777.66,2007.0,970.0,2006.0,788.7,51.5,769.7,47.28,47.15,0.0,0.0,0.0,10.0,153.0,1.0,47.2844,47.1522,-5.88097e+38,-0.0414,-0.166,-50.0,100.0,0.01,0.0,0.1,0.05,192.366,0.946565,1.0,4095.0,0,0
23/07/25 15:27:35,3778.71,2011.0,970.0,2019.0,788.7,51.5,769.7,46.45,46.96,0.0,0.0,0.0,10.0,153.0,1.0,46.447,46.9589,-5.83987e+38,-0.0414,-0.166,-50.0,100.0,0.01,0.0,0.1,0.05,192.366,0.946565,1.0,4095.0,0,0
23/07/25 15:27:37,3779.739,2015.0,974.0,2016.0,788.7,51.3,769.7,46.59,46.6,0.0,0.0,0.0,10.0,153.0,1.0,46.5919,46.5983,-5.8057e+38,-0.04144,-0.16484,-50.0,100.0,0.01,0.0,0.1,0.05,192.366,0.946565,1.0,4095.0,0,0
23/07/25 15:27:38,3780.775,2021.0,972.0,2015.0,788.7,51.4,769.7,46.68,46.39,0.0,0.0,0.0,10.0,153.0,1.0,46.682,46.3923,-5.74062e+38,-0.04142,-0.16542,-50.0,100.0,0.01,0.0,0.1,0.05,192.366,0.946565,1.0,4095.0,0,0
23/07/25 15:27:38,3781.562,2023.0,975.0,2020.0,788.7,51.25,769.7,46.27,46.17,0.0,0.0,0.0,10.0,153.0,1.0,46.2733,46.1704,-5.72534e+38,-0.04145,-0.16455,-50.0,100.0,0.01,0.0,0.1,0.05,192.366,0.946565,1.0,4095.0,0,0
23/07/25 15:27:39,3782.639,2019.0,977.0,2017.0,788.7,51.15,769.7,46.42,46.28,0.0,0.0,0.0,10.0,153.0,1.0,46.418,46.2797,-5.76986e+38,-0.04147,-0.16397,-50.0,100.0,0.01,0.0,0.1,0.05,192.366,0.946565,1.0,4095.0,0,0
23/07/25 15:27:40,3783.715,2027.0,976.0,2019.0,788.7,51.2,769.7,46.28,45.94,0.0,0.0,0.0,10.0,153.0,1.0,46.2797,45.9357,-5.68604e+38,-0.04146,-0.16426,-50.0,100.0,0.01,0.0,0.1,0.05,192.366,0.946565,1.0,4095.0,0,0
23/07/25 15:27:42,3784.776,2025.0,981.0,2022.0,788.7,50.95,769.7,45.97,45.82,0.0,0.0,0.0,10.0,153.0,1.0,45.9678,45.8233,-5.71532e+38,-0.04151,-0.16281,-50.0,100.0,0.01,0.0,0.1,0.05,192.366,0.946565,1.0,4095.0,0,0
23/07/25 15:27:42,3785.554,2026.0,982.0,2021.0,788.7,50.9,769.7,46.1,45.73,0.0,0.0,0.0,10.0,153.0,1.0,46.0997,45.7333,-5.70682e+38,-0.04152,-0.16252,-50.0,100.0,0.01,0.0,0.1,0.05,192.366,0.946565,1.0,4095.0,0,0
23/07/25 15:27:43,3786.622,2028.0,981.0,2028.0,788.7,50.95,769.7,45.68,45.68,0.0,0.0,0.0,10.0,153.0,1.0,45.6787,45.6787,-5.68458e+38,-0.04151,-0.16281,-50.0,100.0,0.01,0.0,0.1,0.05,192.366,0.946565,1.0,4095.0,0,0
23/07/25 15:27:44,3787.658,2034.0,985.0,2033.0,788.7,50.75,769.7,45.31,45.22,0.0,0.0,0.0,10.0,153.0,1.0,45.3128,45.2229,-5.63017e+38,-0.04155,-0.16165,-50.0,100.0,0.01,0.0,0.1,0.05,192.366,0.946565,1.0,4095.0,0,0
23/07/25 15:27:45,3788.699,2030.0,986.0,2029.0,788.7,50.7,769.7,45.55,45.37,0.0,0.0,0.0,10.0,153.0,1.0,45.5471,45.3737,-5.67287e+38,-0.04156,-0.16136,-50.0,100.0,0.01,0.0,0.1,0.05,192.366,0.946565,1.0,4095.0,0,0
23/07/25 15:27:47,3789.742,2034.0,984.0,2042.0,788.7,50.8,769.7,44.8,45.26,0.0,0.0,0.0,10.0,153.0,1.0,44.7963,45.2646,-5.6284e+38,-0.04154,-0.16194,-50.0,100.0,0.01,0.0,0.1,0.05,192.366,0.946565,1.0,4095.0,0,0
23/07/25 15:27:48,3790.805,2040.0,988.0,2037.0,788.7,50.6,769.7,44.95,44.81,0.0,0.0,0.0,10.0,153.0,1.0,44.9535,44.8092,-5.57409e+38,-0.04158,-0.16078,-50.0,100.0,0.01,0.0,0.1,0.05,192.366,0.946565,1.0,4095.0,0,0
23/07/25 15:27:48,3791.583,2040.0,988.0,2038.0,788.7,50.6,769.7,44.99,44.81,0.0,0.0,0.0,10.0,153.0,1.0,44.9888,44.8092,-5.57409e+38,-0.04158,-0.16078,-50.0,100.0,0.01,0.0,0.1,0.05,192.366,0.946565,1.0,4095.0,0,0
23/07/25 15:27:49,3792.62,2044.0,987.0,2040.0,788.7,50.65,769.7,44.68,44.66,0.0,0.0,0.0,10.0,153.0,1.0,44.6843,44.6584,-5.53138e+38,-0.04157,-0.16107,-50.0,100.0,0.01,0.0,0.1,0.05,192.366,0.946565,1.0,4095.0,0,0
23/07/25 15:27:50,3793.678,2039.0,993.0,2040.0,788.7,50.35,769.7,44.68,44.65,0.0,0.0,0.0,10.0,153.0,1.0,44.6843,44.6491,-5.59319e+38,-0.04163,-0.15933,-50.0,100.0,0.01,0.0,0.1,0.05,192.366,0.946565,1.0,4095.0,0,0
23/07/25 15:27:52,3794.742,2040.0,992.0,2043.0,788.7,50.4,769.7,44.54,44.64,0.0,0.0,0.0,10.0,153.0,1.0,44.5401,44.6427,-5.5812e+38,-0.04162,-0.15962,-50.0,100.0,0.01,0.0,0.1,0.05,192.366,0.946565,1.0,4095.0,0,0
23/07/25 15:27:53,3795.811,2050.0,992.0,2043.0,788.7,50.4,769.7,44.42,44.16,0.0,0.0,0.0,10.0,153.0,1.0,44.4153,44.1621,-5.479e+38,-0.04162,-0.15962,-50.0,100.0,0.01,0.0,0.1,0.05,192.366,0.946565,1.0,4095.0,0,0
23/07/25 15:27:53,3796.557,2046.0,995.0,2044.0,788.7,50.25,769.7,44.41,44.23,0.0,0.0,0.0,10.0,153.0,1.0,44.4089,44.2296,-5.52525e+38,-0.04165,-0.15875,-50.0,100.0,0.01,0.0,0.1,0.05,192.366,0.946565,1.0,4095.0,0,0
23/07/25 15:27:54,3797.63,2046.0,995.0,2048.0,788.7,50.25,769.7,44.18,44.23,0.0,0.0,0.0,10.0,153.0,1.0,44.1751,44.2296,-5.52525e+38,-0.04165,-0.15875,-50.0,100.0,0.01,0.0,0.1,0.05,192.366,0.946565,1.0,4095.0,0,0
23/07/25 15:27:55,3798.686,2047.0,998.0,2030.0,788.7,50.1,769.7,44.83,44.06,0.0,0.0,0.0,10.0,153.0,1.0,44.8308,44.0568,-5.52041e+38,-0.04168,-0.15788,-50.0,100.0,0.01,0.0,0.1,0.05,192.366,0.946565,1.0,4095.0,0,0
23/07/25 15:27:57,3799.75,2056.0,999.0,2048.0,788.7,50.05,769.7,44.01,43.58,0.0,0.0,0.0,10.0,153.0,1.0,44.0088,43.5835,-5.43037e+38,-0.04169,-0.15759,-50.0,100.0,0.01,0.0,0.1,0.05,192.366,0.946565,1.0,4095.0,0,0
23/07/25 15:27:58,3800.802,2052.0,998.0,2037.0,788.7,50.1,769.7,44.54,43.82,0.0,0.0,0.0,10.0,153.0,1.0,44.5367,43.8169,-5.46938e+38,-0.04168,-0.15788,-50.0,100.0,0.01,0.0,0.1,0.05,192.366,0.946565,1.0,4095.0,0,0
23/07/25 15:27:58,3801.574,2052.0,1001.0,2051.0,788.7,49.95,769.7,43.7,43.69,0.0,0.0,0.0,10.0,153.0,1.0,43.6987,43.6923,-5.47478e+38,-0.04171,-0.15701,-50.0,100.0,0.01,0.0,0.1,0.05,192.366,0.946565,1.0,4095.0,0,0
23/07/25 15:27:59,3802.63,2020.0,1004.0,2029.0,788.7,49.8,769.7,44.8,45.1,0.0,0.0,0.0,10.0,153.0,1.0,44.7951,45.1009,-5.80626e+38,-0.04174,-0.15614,-50.0,100.0,0.01,0.0,0.1,0.05,192.366,0.946565,1.0,4095.0,0,0
23/07/25 15:28:00,3803.699,2023.0,1001.0,2022.0,788.7,49.95,769.7,45.05,45.08,0.0,0.0,0.0,10.0,153.0,1.0,45.047,45.0828,-5.77052e+38,-0.04171,-0.15701,-50.0,100.0,0.01,0.0,0.1,0.05,192.366,0.946565,1.0,4095.0,0,0
