23/07/25 14:45:37,1260.631,2163.0,826.0,2170.0,788.7,58.7,769.7,44.99,45.34,0.0,0.0,0.0,10.0,153.0,1.0,44.9923,45.3427,-5.38525e+38,-0.03996,-0.20776,-50.0,100.0,0.01,0.0,0.1,0.05,192.366,0.946565,1.0,4095.0,0,0
23/07/25 14:45:38,1261.69,2173.0,826.0,2163.0,788.7,58.7,769.7,45.42,44.84,0.0,0.0,0.0,10.0,153.0,1.0,45.4214,44.8422,-5.33203e+38,-0.03996,-0.20776,-50.0,100.0,0.01,0.0,0.1,0.05,192.366,0.946565,1.0,4095.0,0,0
23/07/25 14:45:40,1262.765,2166.0,825.0,2171.0,788.7,58.75,769.7,44.98,45.23,0.0,0.0,0.0,10.0,153.0,1.0,44.9816,45.2319,-5.36815e+38,-0.03995,-0.20805,-50.0,100.0,0.01,0.0,0.1,0.05,192.366,0.946565,1.0,4095.0,0,0
23/07/25 14:45:40,1263.584,2167.0,827.0,2167.0,788.7,58.65,769.7,45.1,45.1,0.0,0.0,0.0,10.0,153.0,1.0,45.1031,45.1031,-5.36509e+38,-0.03997,-0.20747,-50.0,100.0,0.01,0.0,0.1,0.05,192.366,0.946565,1.0,4095.0,0,0
23/07/25 14:45:41,1264.655,2164.0,825.0,2166.0,788.7,58.75,769.7,45.23,45.33,0.0,0.0,0.0,10.0,153.0,1.0,45.2319,45.332,-5.3788e+38,-0.03995,-0.20805,-50.0,100.0,0.01,0.0,0.1,0.05,192.366,0.946565,1.0,4095.0,0,0
23/07/25 14:45:42,1265.737,2171.0,825.0,2172.0,788.7,58.75,769.7,44.85,44.98,0.0,0.0,0.0,10.0,153.0,1.0,44.8529,44.9816,-5.34153e+38,-0.03995,-0.20805,-50.0,100.0,0.01,0.0,0.1,0.05,192.366,0.946565,1.0,4095.0,0,0
23/07/25 14:45:44,1266.81,2171.0,827.0,2168.0,788.7,58.65,769.7,45.09,44.9,0.0,0.0,0.0,10.0,153.0,1.0,45.0924,44.903,-5.34381e+38,-0.03997,-0.20747,-50.0,100.0,0.01,0.0,0.1,0.05,192.366,0.946565,1.0,4095.0,0,0
23/07/25 14:45:44,1267.566,2166.0,826.0,2169.0,788.7,58.7,769.7,45.08,45.19,0.0,0.0,0.0,10.0,153.0,1.0,45.0817,45.1925,-5.36928e+38,-0.03996,-0.20776,-50.0,100.0,0.01,0.0,0.1,0.05,192.366,0.946565,1.0,4095.0,0,0
23/07/25 14:45:45,1268.638,2167.0,828.0,2169.0,788.7,58.6,769.7,44.96,45.06,0.0,0.0,0.0,10.0,153.0,1.0,44.9637,45.0637,-5.36623e+38,-0.03998,-0.20718,-50.0,100.0,0.01,0.0,0.1,0.05,192.366,0.946565,1.0,4095.0,0,0
23/07/25 14:45:46,1269.693,2175.0,828.0,2169.0,788.7,58.6,769.7,45.04,44.66,0.0,0.0,0.0,10.0,153.0,1.0,45.0423,44.6635,-5.32367e+38,-0.03998,-0.20718,-50.0,100.0,0.01,0.0,0.1,0.05,192.366,0.946565,1.0,4095.0,0,0
23/07/25 14:45:48,1270.747,2168.0,826.0,2164.0,788.7,58.7,769.7,45.29,45.09,0.0,0.0,0.0,10.0,153.0,1.0,45.2926,45.0924,-5.35864e+38,-0.03996,-0.20776,-50.0,100.0,0.01,0.0,0.1,0.05,192.366,0.946565,1.0,4095.0,0,0
23/07/25 14:45:48,1271.559,2170.0,828.0,2170.0,788.7,58.6,769.7,44.91,44.91,0.0,0.0,0.0,10.0,153.0,1.0,44.9137,44.9137,-5.35027e+38,-0.03998,-0.20718,-50.0,100.0,0.01,0.0,0.1,0.05,192.366,0.946565,1.0,4095.0,0,0
23/07/25 14:45:49,1272.632,2172.0,827.0,2174.0,788.7,58.65,769.7,44.75,44.85,0.0,0.0,0.0,10.0,153.0,1.0,44.7528,44.8529,-5.33849e+38,-0.03997,-0.20747,-50.0,100.0,0.01,0.0,0.1,0.05,192.366,0.946565,1.0,4095.0,0,0
23/07/25 14:45:50,1273.715,2177.0,826.0,2174.0,788.7,58.7,769.7,44.75,44.64,0.0,0.0,0.0,10.0,153.0,1.0,44.7528,44.642,-5.31074e+38,-0.03996,-0.20776,-50.0,100.0,0.01,0.0,0.1,0.05,192.366,0.946565,1.0,4095.0,0,0
23/07/25 14:45:52,1274.772,2168.0,828.0,2171.0,788.7,58.6,769.7,44.82,45.01,0.0,0.0,0.0,10.0,153.0,1.0,44.8243,45.0137,-5.36091e+38,-0.03998,-0.20718,-50.0,100.0,0.01,0.0,0.1,0.05,192.366,0.946565,1.0,4095.0,0,0
23/07/25 14:45:52,1275.563,2176.0,828.0,2172.0,788.7,58.6,769.7,44.85,44.61,0.0,0.0,0.0,10.0,153.0,1.0,44.8529,44.6135,-5.31835e+38,-0.03998,-0.20718,-50.0,100.0,0.01,0.0,0.1,0.05,192.366,0.946565,1.0,4095.0,0,0
23/07/25 14:45:53,1276.627,2176.0,827.0,2174.0,788.7,58.65,769.7,44.67,44.65,0.0,0.0,0.0,10.0,153.0,1.0,44.6743,44.6528,-5.31721e+38,-0.03997,-0.20747,-50.0,100.0,0.01,0.0,0.1,0.05,192.366,0.946565,1.0,4095.0,0,0
23/07/25 14:45:54,1277.708,2176.0,830.0,2169.0,788.7,58.5,769.7,44.92,44.54,0.0,0.0,0.0,10.0,153.0,1.0,44.9244,44.535,-5.32063e+38,-0.04,-0.2066,-50.0,100.0,0.01,0.0,0.1,0.05,192.366,0.946565,1.0,4095.0,0,0
23/07/25 14:45:56,1278.795,2173.0,829.0,2170.0,788.7,58.55,769.7,44.91,44.72,0.0,0.0,0.0,10.0,153.0,1.0,44.9137,44.7243,-5.33545e+38,-0.03999,-0.20689,-50.0,100.0,0.01,0.0,0.1,0.05,192.366,0.946565,1.0,4095.0,0,0
23/07/25 14:45:56,1279.567,2179.0,827.0,2174.0,788.7,58.65,769.7,44.64,44.5,0.0,0.0,0.0,10.0,153.0,1.0,44.635,44.5026,-5.30124e+38,-0.03997,-0.20747,-50.0,100.0,0.01,0.0,0.1,0.05,192.366,0.946565,1.0,4095.0,0,0
23/07/25 14:45:57,1280.657,2175.0,830.0,2175.0,788.7,58.5,769.7,44.62,44.59,0.0,0.0,0.0,10.0,153.0,1.0,44.6243,44.585,-5.32595e+38,-0.04,-0.2066,-50.0,100.0,0.01,0.0,0.1,0.05,192.366,0.946565,1.0,4095.0,0,0
23/07/25 14:45:58,1281.737,2177.0,829.0,2181.0,788.7,58.55,769.7,44.36,44.52,0.0,0.0,0.0,10.0,153.0,1.0,44.3634,44.5243,-5.31417e+38,-0.03999,-0.20689,-50.0,100.0,0.01,0.0,0.1,0.05,192.366,0.946565,1.0,4095.0,0,0
23/07/25 14:45:59,1282.565,2174.0,829.0,2172.0,788.7,58.55,769.7,44.7,44.67,0.0,0.0,0.0,10.0,153.0,1.0,44.6957,44.6743,-5.33013e+38,-0.03999,-0.20689,-50.0,100.0,0.01,0.0,0.1,0.05,192.366,0.946565,1.0,4095.0,0,0
23/07/25 14:46:00,1283.64,2182.0,831.0,2175.0,788.7,58.45,769.7,44.59,44.2,0.0,0.0,0.0,10.0,153.0,1.0,44.585,44.1958,-5.28988e+38,-0.04001,-0.20631,-50.0,100.0,0.01,0.0,0.1,0.05,192.366,0.946565,1.0,4095.0,0,0
23/07/25 14:46:01,1284.711,2181.0,829.0,2178.0,788.7,58.55,769.7,44.47,44.32,0.0,0.0,0.0,10.0,153.0,1.0,44.4742,44.3242,-5.2929e+38,-0.03999,-0.20689,-50.0,100.0,0.01,0.0,0.1,0.05,192.366,0.946565,1.0,4095.0,0,0
23/07/25 14:46:03,1285.771,2175.0,829.0,2175.0,788.7,58.55,769.7,44.55,44.62,0.0,0.0,0.0,10.0,153.0,1.0,44.5457,44.6243,-5.32481e+38,-0.03999,-0.20689,-50.0,100.0,0.01,0.0,0.1,0.05,192.366,0.946565,1.0,4095.0,0,0
23/07/25 14:46:03,1286.565,2180.0,831.0,2178.0,788.7,58.45,769.7,44.44,44.3,0.0,0.0,0.0,10.0,153.0,1.0,44.435,44.2958,-5.30051e+38,-0.04001,-0.20631,-50.0,100.0,0.01,0.0,0.1,0.05,192.366,0.946565,1.0,4095.0,0,0
23/07/25 14:46:04,1287.632,2180.0,829.0,2170.0,788.7,58.55,769.7,44.84,44.37,0.0,0.0,0.0,10.0,153.0,1.0,44.835,44.3742,-5.29822e+38,-0.03999,-0.20689,-50.0,100.0,0.01,0.0,0.1,0.05,192.366,0.946565,1.0,4095.0,0,0
23/07/25 14:46:05,1288.69,2184.0,831.0,2178.0,788.7,58.45,769.7,44.4,44.1,0.0,0.0,0.0,10.0,153.0,1.0,44.3958,44.0959,-5.27925e+38,-0.04001,-0.20631,-50.0,100.0,0.01,0.0,0.1,0.05,192.366,0.946565,1.0,4095.0,0,0
23/07/25 14:46:07,1289.751,2176.0,832.0,2179.0,788.7,58.4,769.7,44.39,44.46,0.0,0.0,0.0,10.0,153.0,1.0,44.385,44.4565,-5.32292e+38,-0.04002,-0.20602,-50.0,100.0,0.01,0.0,0.1,0.05,192.366,0.946565,1.0,4095.0,0,0
23/07/25 14:46:08,1290.782,2171.0,831.0,2180.0,788.7,58.45,769.7,44.34,44.75,0.0,0.0,0.0,10.0,153.0,1.0,44.335,44.7457,-5.34836e+38,-0.04001,-0.20631,-50.0,100.0,0.01,0.0,0.1,0.05,192.366,0.946565,1.0,4095.0,0,0
23/07/25 14:46:08,1291.561,2185.0,832.0,2177.0,788.7,58.4,769.7,44.45,44.01,0.0,0.0,0.0,10.0,153.0,1.0,44.4458,44.0067,-5.27509e+38,-0.04002,-0.20602,-50.0,100.0,0.01,0.0,0.1,0.05,192.366,0.946565,1.0,4095.0,0,0
23/07/25 14:46:09,1292.606,2182.0,831.0,2180.0,788.7,58.45,769.7,44.34,44.2,0.0,0.0,0.0,10.0,153.0,1.0,44.335,44.1958,-5.28988e+38,-0.04001,-0.20631,-50.0,100.0,0.01,0.0,0.1,0.05,192.366,0.946565,1.0,4095.0,0,0
23/07/25 14:46:10,1293.671,2179.0,831.0,2181.0,788.7,58.45,769.7,44.21,44.35,0.0,0.0,0.0,10.0,153.0,1.0,44.2066,44.3458,-5.30583e+38,-0.04001,-0.20631,-50.0,100.0,0.01,0.0,0.1,0.05,192.366,0.946565,1.0,4095.0,0,0
23/07/25 14:46:11,1294.727,2176.0,833.0,2182.0,788.7,58.35,769.7,44.12,44.42,0.0,0.0,0.0,10.0,153.0,1.0,44.1174,44.4172,-5.32406e+38,-0.04003,-0.20573,-50.0,100.0,0.01,0.0,0.1,0.05,192.366,0.946565,1.0,4095.0,0,0
23/07/25 14:46:13,1295.793,2182.0,832.0,2184.0,788.7,58.4,769.7,44.06,44.16,0.0,0.0,0.0,10.0,153.0,1.0,44.0567,44.1566,-5.29103e+38,-0.04002,-0.20602,-50.0,100.0,0.01,0.0,0.1,0.05,192.366,0.946565,1.0,4095.0,0,0
23/07/25 14:46:13,1296.566,2186.0,831.0,2181.0,788.7,58.45,769.7,44.13,44.0,0.0,0.0,0.0,10.0,153.0,1.0,44.1282,43.9959,-5.26862e+38,-0.04001,-0.20631,-50.0,100.0,0.01,0.0,0.1,0.05,192.366,0.946565,1.0,4095.0,0,0
23/07/25 14:46:14,1297.628,2181.0,833.0,2178.0,788.7,58.35,769.7,44.32,44.17,0.0,0.0,0.0,10.0,153.0,1.0,44.3173,44.1674,-5.29749e+38,-0.04003,-0.20573,-50.0,100.0,0.01,0.0,0.1,0.05,192.366,0.946565,1.0,4095.0,0,0
23/07/25 14:46:15,1298.701,2183.0,831.0,2183.0,788.7,58.45,769.7,44.11,44.15,0.0,0.0,0.0,10.0,153.0,1.0,44.1067,44.1458,-5.28457e+38,-0.04001,-0.20631,-50.0,100.0,0.01,0.0,0.1,0.05,192.366,0.946565,1.0,4095.0,0,0
23/07/25 14:46:17,1299.783,2182.0,832.0,2181.0,788.7,58.4,769.7,44.13,44.16,0.0,0.0,0.0,10.0,153.0,1.0,44.1282,44.1566,-5.29103e+38,-0.04002,-0.20602,-50.0,100.0,0.01,0.0,0.1,0.05,192.366,0.946565,1.0,4095.0,0,0
23/07/25 14:46:17,1300.564,2181.0,834.0,2184.0,788.7,58.3,769.7,44.02,44.13,0.0,0.0,0.0,10.0,153.0,1.0,44.0175,44.1282,-5.29864e+38,-0.04004,-0.20544,-50.0,100.0,0.01,0.0,0.1,0.05,192.366,0.946565,1.0,4095.0,0,0
23/07/25 14:46:18,1301.661,2183.0,832.0,2182.0,788.7,58.4,769.7,44.16,44.11,0.0,0.0,0.0,10.0,153.0,1.0,44.1566,44.1067,-5.28572e+38,-0.04002,-0.20602,-50.0,100.0,0.01,0.0,0.1,0.05,192.366,0.946565,1.0,4095.0,0,0
23/07/25 14:46:19,1302.727,2182.0,833.0,2188.0,788.7,58.35,769.7,43.74,44.12,0.0,0.0,0.0,10.0,153.0,1.0,43.7394,44.1174,-5.29218e+38,-0.04003,-0.20573,-50.0,100.0,0.01,0.0,0.1,0.05,192.366,0.946565,1.0,4095.0,0,0
23/07/25 14:46:21,1303.791,2179.0,835.0,2193.0,788.7,58.25,769.7,43.57,44.19,0.0,0.0,0.0,10.0,153.0,1.0,43.5678,44.1888,-5.31041e+38,-0.04005,-0.20515,-50.0,100.0,0.01,0.0,0.1,0.05,192.366,0.946565,1.0,4095.0,0,0
23/07/25 14:46:21,1304.566,2191.0,833.0,2182.0,788.7,58.35,769.7,44.08,43.67,0.0,0.0,0.0,10.0,153.0,1.0,44.0782,43.6678,-5.24436e+38,-0.04003,-0.20573,-50.0,100.0,0.01,0.0,0.1,0.05,192.366,0.946565,1.0,4095.0,0,0
23/07/25 14:46:22,1305.633,2186.0,834.0,2189.0,788.7,58.3,769.7,43.69,43.88,0.0,0.0,0.0,10.0,153.0,1.0,43.6895,43.8784,-5.27208e+38,-0.04004,-0.20544,-50.0,100.0,0.01,0.0,0.1,0.05,192.366,0.946565,1.0,4095.0,0,0
23/07/25 14:46:23,1306.698,2187.0,835.0,2193.0,788.7,58.25,769.7,43.53,43.79,0.0,0.0,0.0,10.0,153.0,1.0,43.5288,43.7893,-5.26793e+38,-0.04005,-0.20515,-50.0,100.0,0.01,0.0,0.1,0.05,192.366,0.946565,1.0,4095.0,0,0
23/07/25 14:46:25,1307.769,2187.0,834.0,2187.0,788.7,58.3,769.7,43.75,43.83,0.0,0.0,0.0,10.0,153.0,1.0,43.7502,43.8285,-5.26677e+38,-0.04004,-0.20544,-50.0,100.0,0.01,0.0,0.1,0.05,192.366,0.946565,1.0,4095.0,0,0
23/07/25 14:46:25,1308.574,2186.0,837.0,2189.0,788.7,58.15,769.7,43.69,43.76,0.0,0.0,0.0,10.0,153.0,1.0,43.6895,43.7609,-5.27554e+38,-0.04007,-0.20457,-50.0,100.0,0.01,0.0,0.1,0.05,192.366,0.946565,1.0,4095.0,0,0
23/07/25 14:46:26,1309.629,2195.0,835.0,2188.0,788.7,58.25,769.7,43.74,43.39,0.0,0.0,0.0,10.0,153.0,1.0,43.7394,43.3898,-5.22544e+38,-0.04005,-0.20515,-50.0,100.0,0.01,0.0,0.1,0.05,192.366,0.946565,1.0,4095.0,0,0
23/07/25 14:46:27,1310.694,2189.0,834.0,2191.0,788.7,58.3,769.7,43.51,43.73,0.0,0.0,0.0,10.0,153.0,1.0,43.5114,43.7286,-5.25615e+38,-0.04004,-0.20544,-50.0,100.0,0.01,0.0,0.1,0.05,192.366,0.946565,1.0,4095.0,0,0
23/07/25 14:46:29,1311.761,2186.0,837.0,2183.0,788.7,58.15,769.7,43.91,43.76,0.0,0.0,0.0,10.0,153.0,1.0,43.9107,43.7609,-5.27554e+38,-0.04007,-0.20457,-50.0,100.0,0.01,0.0,0.1,0.05,192.366,0.946565,1.0,4095.0,0,0
23/07/25 14:46:29,1312.56,2192.0,835.0,2187.0,788.7,58.25,769.7,43.79,43.54,0.0,0.0,0.0,10.0,153.0,1.0,43.7893,43.5396,-5.24137e+38,-0.04005,-0.20515,-50.0,100.0,0.01,0.0,0.1,0.05,192.366,0.946565,1.0,4095.0,0,0
23/07/25 14:46:30,1313.634,2191.0,836.0,2189.0,788.7,58.2,769.7,43.61,43.55,0.0,0.0,0.0,10.0,153.0,1.0,43.6112,43.5505,-5.24784e+38,-0.04006,-0.20486,-50.0,100.0,0.01,0.0,0.1,0.05,192.366,0.946565,1.0,4095.0,0,0
23/07/25 14:46:31,1314.693,2187.0,837.0,2190.0,788.7,58.15,769.7,43.6,43.71,0.0,0.0,0.0,10.0,153.0,1.0,43.6004,43.711,-5.27023e+38,-0.04007,-0.20457,-50.0,100.0,0.01,0.0,0.1,0.05,192.366,0.946565,1.0,4095.0,0,0
23/07/25 14:46:33,1315.746,2196.0,835.0,2187.0,788.7,58.25,769.7,43.75,43.34,0.0,0.0,0.0,10.0,153.0,1.0,43.7502,43.3399,-5.22013e+38,-0.04005,-0.20515,-50.0,100.0,0.01,0.0,0.1,0.05,192.366,0.946565,1.0,4095.0,0,0
23/07/25 14:46:33,1316.562,2195.0,837.0,2197.0,788.7,58.15,769.7,43.21,43.31,0.0,0.0,0.0,10.0,153.0,1.0,43.2119,43.3117,-5.22777e+38,-0.04007,-0.20457,-50.0,100.0,0.01,0.0,0.1,0.05,192.366,0.946565,1.0,4095.0,0,0
23/07/25 14:46:34,1317.633,2186.0,838.0,2188.0,788.7,58.1,769.7,43.7,43.72,0.0,0.0,0.0,10.0,153.0,1.0,43.7003,43.7218,-5.27669e+38,-0.04008,-0.20428,-50.0,100.0,0.01,0.0,0.1,0.05,192.366,0.946565,1.0,4095.0,0,0
23/07/25 14:46:35,1318.705,2196.0,836.0,2194.0,788.7,58.2,769.7,43.36,43.3,0.0,0.0,0.0,10.0,153.0,1.0,43.3616,43.3009,-5.2213e+38,-0.04006,-0.20486,-50.0,100.0,0.01,0.0,0.1,0.05,192.366,0.946565,1.0,4095.0,0,0
23/07/25 14:46:37,1319.766,2194.0,839.0,2197.0,788.7,58.05,769.7,43.13,43.28,0.0,0.0,0.0,10.0,153.0,1.0,43.1338,43.2835,-5.2354e+38,-0.04009,-0.20399,-50.0,100.0,0.01,0.0,0.1,0.05,192.366,0.946565,1.0,4095.0,0,0
23/07/25 14:46:37,1320.567,2184.0,839.0,2188.0,788.7,58.05,769.7,43.66,43.78,0.0,0.0,0.0,10.0,153.0,1.0,43.6611,43.7824,-5.28845e+38,-0.04009,-0.20399,-50.0,100.0,0.01,0.0,0.1,0.05,192.366,0.946565,1.0,4095.0,0,0
23/07/25 14:46:38,1321.623,2197.0,838.0,2192.0,788.7,58.1,769.7,43.38,43.17,0.0,0.0,0.0,10.0,153.0,1.0,43.3833,43.1729,-5.21832e+38,-0.04008,-0.20428,-50.0,100.0,0.01,0.0,0.1,0.05,192.366,0.946565,1.0,4095.0,0,0
23/07/25 14:46:39,1322.7,2192.0,840.0,2197.0,788.7,58.0,769.7,43.13,43.34,0.0,0.0,0.0,10.0,153.0,1.0,43.1338,43.3441,-5.24717e+38,-0.0401,-0.2037,-50.0,100.0,0.01,0.0,0.1,0.05,192.366,0.946565,1.0,4095.0,0,0
23/07/25 14:46:41,1323.753,2196.0,839.0,2198.0,788.7,58.05,769.7,43.12,43.18,0.0,0.0,0.0,10.0,153.0,1.0,43.123,43.1837,-5.22479e+38,-0.04009,-0.20399,-50.0,100.0,0.01,0.0,0.1,0.05,192.366,0.946565,1.0,4095.0,0,0
23/07/25 14:46:41,1324.567,2198.0,839.0,2201.0,788.7,58.05,769.7,42.86,43.08,0.0,0.0,0.0,10.0,153.0,1.0,42.8563,43.0839,-5.21418e+38,-0.04009,-0.20399,-50.0,100.0,0.01,0.0,0.1,0.05,192.366,0.946565,1.0,4095.0,0,0
23/07/25 14:46:42,1325.636,2207.0,841.0,2200.0,788.7,57.95,769.7,42.95,42.56,0.0,0.0,0.0,10.0,153.0,1.0,42.9452,42.5571,-5.16879e+38,-0.04011,-0.20341,-50.0,100.0,0.01,0.0,0.1,0.05,192.366,0.946565,1.0,4095.0,0,0
23/07/25 14:46:43,1326.706,2198.0,839.0,2195.0,788.7,58.05,769.7,43.23,43.08,0.0,0.0,0.0,10.0,153.0,1.0,43.2336,43.0839,-5.21418e+38,-0.04009,-0.20399,-50.0,100.0,0.01,0.0,0.1,0.05,192.366,0.946565,1.0,4095.0,0,0
23/07/25 14:46:45,1327.767,2207.0,839.0,2201.0,788.7,58.05,769.7,42.82,42.63,0.0,0.0,0.0,10.0,153.0,1.0,42.8173,42.635,-5.16644e+38,-0.04009,-0.20399,-50.0,100.0,0.01,0.0,0.1,0.05,192.366,0.946565,1.0,4095.0,0,0
23/07/25 14:46:45,1328.569,2201.0,842.0,2207.0,788.7,57.9,769.7,42.56,42.82,0.0,0.0,0.0,10.0,153.0,1.0,42.5571,42.8173,-5.20177e+38,-0.04012,-0.20312,-50.0,100.0,0.01,0.0,0.1,0.05,192.366,0.946565,1.0,4095.0,0,0
23/07/25 14:46:46,1329.625,2206.0,841.0,2207.0,788.7,57.95,769.7,42.6,42.61,0.0,0.0,0.0,10.0,153.0,1.0,42.596,42.607,-5.17409e+38,-0.04011,-0.20341,-50.0,100.0,0.01,0.0,0.1,0.05,192.366,0.946565,1.0,4095.0,0,0
23/07/25 14:46:47,1330.691,2202.0,842.0,2202.0,788.7,57.9,769.7,42.73,42.77,0.0,0.0,0.0,10.0,153.0,1.0,42.7284,42.7674,-5.19647e+38,-0.04012,-0.20312,-50.0,100.0,0.01,0.0,0.1,0.05,192.366,0.946565,1.0,4095.0,0,0
23/07/25 14:46:49,1331.767,2205.0,844.0,2202.0,788.7,57.8,769.7,42.81,42.54,0.0,0.0,0.0,10.0,153.0,1.0,42.8064,42.5399,-5.18292e+38,-0.04014,-0.20254,-50.0,100.0,0.01,0.0,0.1,0.05,192.366,0.946565,1.0,4095.0,0,0
23/07/25 14:46:49,1332.567,2211.0,842.0,2204.0,788.7,57.9,769.7,42.67,42.32,0.0,0.0,0.0,10.0,153.0,1.0,42.6677,42.3188,-5.14876e+38,-0.04012,-0.20312,-50.0,100.0,0.01,0.0,0.1,0.05,192.366,0.946565,1.0,4095.0,0,0
23/07/25 14:46:50,1333.636,2213.0,843.0,2204.0,788.7,57.85,769.7,42.59,42.18,0.0,0.0,0.0,10.0,153.0,1.0,42.5898,42.1802,-5.13935e+38,-0.04013,-0.20283,-50.0,100.0,0.01,0.0,0.1,0.05,192.366,0.946565,1.0,4095.0,0,0
23/07/25 14:46:51,1334.702,2209.0,845.0,2211.0,788.7,57.75,769.7,42.32,42.3,0.0,0.0,0.0,10.0,153.0,1.0,42.3188,42.3017,-5.1629e+38,-0.04015,-0.20225,-50.0,100.0,0.01,0.0,0.1,0.05,192.366,0.946565,1.0,4095.0,0,0
23/07/25 14:46:53,1335.765,2213.0,843.0,2204.0,788.7,57.85,769.7,42.51,42.18,0.0,0.0,0.0,10.0,153.0,1.0,42.5118,42.1802,-5.13935e+38,-0.04013,-0.20283,-50.0,100.0,0.01,0.0,0.1,0.05,192.366,0.946565,1.0,4095.0,0,0
23/07/25 14:46:53,1336.567,2210.0,845.0,2215.0,788.7,57.75,769.7,41.96,42.25,0.0,0.0,0.0,10.0,153.0,1.0,41.964,42.2519,-5.1576e+38,-0.04015,-0.20225,-50.0,100.0,0.01,0.0,0.1,0.05,192.366,0.946565,1.0,4095.0,0,0
23/07/25 14:46:54,1337.641,2213.0,845.0,2207.0,788.7,57.75,769.7,42.44,42.1,0.0,0.0,0.0,10.0,153.0,1.0,42.4403,42.1024,-5.14171e+38,-0.04015,-0.20225,-50.0,100.0,0.01,0.0,0.1,0.05,192.366,0.946565,1.0,4095.0,0,0
23/07/25 14:46:55,1338.7,2211.0,845.0,2208.0,788.7,57.75,769.7,42.27,42.2,0.0,0.0,0.0,10.0,153.0,1.0,42.2736,42.2021,-5.15231e+38,-0.04015,-0.20225,-50.0,100.0,0.01,0.0,0.1,0.05,192.366,0.946565,1.0,4095.0,0,0
23/07/25 14:46:57,1339.771,2215.0,848.0,2212.0,788.7,57.6,769.7,42.07,41.89,0.0,0.0,0.0,10.0,153.0,1.0,42.0745,41.8862,-5.13467e+38,-0.04018,-0.20138,-50.0,100.0,0.01,0.0,0.1,0.05,192.366,0.946565,1.0,4095.0,0,0
23/07/25 14:46:57,1340.564,2223.0,846.0,2222.0,788.7,57.7,769.7,41.62,41.57,0.0,0.0,0.0,10.0,153.0,1.0,41.6153,41.5655,-5.94779e+38,-0.04016,-0.20196,-50.0,100.0,0.01,0.0,0.1,0.05,192.366,0.946565,1.0,4095.0,0,0
23/07/25 14:46:58,1341.634,2227.0,847.0,2221.0,788.7,57.65,769.7,41.59,41.33,0.0,0.0,0.0,10.0,153.0,1.0,41.5876,41.3276,-5.9378e+38,-0.04017,-0.20167,-50.0,100.0,0.01,0.0,0.1,0.05,192.366,0.946565,1.0,4095.0,0,0
23/07/25 14:46:59,1342.717,2227.0,849.0,2212.0,788.7,57.55,769.7,42.04,41.25,0.0,0.0,0.0,10.0,153.0,1.0,42.0356,41.2502,-5.939e+38,-0.04019,-0.20109,-50.0,100.0,0.01,0.0,0.1,0.05,192.366,0.946565,1.0,4095.0,0,0
23/07/25 14:47:01,1343.772,2224.0,848.0,2221.0,788.7,57.6,769.7,41.63,41.44,0.0,0.0,0.0,10.0,153.0,1.0,41.6264,41.4382,-5.94634e+38,-0.04018,-0.20138,-50.0,100.0,0.01,0.0,0.1,0.05,192.366,0.946565,1.0,4095.0,0,0
23/07/25 14:47:01,1344.561,2226.0,850.0,2224.0,788.7,57.5,769.7,41.36,41.26,0.0,0.0,0.0,10.0,153.0,1.0,41.3607,41.2612,-5.94225e+38,-0.0402,-0.2008,-50.0,100.0,0.01,0.0,0.1,0.05,192.366,0.946565,1.0,4095.0,0,0
23/07/25 14:47:02,1345.614,2230.0,851.0,2224.0,788.7,57.45,769.7,41.4,41.02,0.0,0.0,0.0,10.0,153.0,1.0,41.3995,41.0235,-5.93227e+38,-0.04021,-0.20051,-50.0,100.0,0.01,0.0,0.1,0.05,192.366,0.946565,1.0,4095.0,0,0
23/07/25 14:47:03,1346.697,2225.0,850.0,2227.0,788.7,57.5,769.7,41.25,41.31,0.0,0.0,0.0,10.0,153.0,1.0,41.2502,41.311,-5.94489e+38,-0.0402,-0.2008,-50.0,100.0,0.01,0.0,0.1,0.05,192.366,0.946565,1.0,4095.0,0,0
23/07/25 14:47:05,1347.76,2227.0,852.0,2229.0,788.7,57.4,769.7,41.03,41.13,0.0,0.0,0.0,10.0,153.0,1.0,41.0345,41.134,-5.9408e+38,-0.04022,-0.20022,-50.0,100.0,0.01,0.0,0.1,0.05,192.366,0.946565,1.0,4095.0,0,0
23/07/25 14:47:05,1348.564,2231.0,852.0,2223.0,788.7,57.4,769.7,41.41,40.94,0.0,0.0,0.0,10.0,153.0,1.0,41.4105,40.9351,-5.93022e+38,-0.04022,-0.20022,-50.0,100.0,0.01,0.0,0.1,0.05,192.366,0.946565,1.0,4095.0,0,0
23/07/25 14:47:06,1349.636,2230.0,851.0,2234.0,788.7,57.45,769.7,40.82,41.02,0.0,0.0,0.0,10.0,153.0,1.0,40.8245,41.0235,-5.93227e+38,-0.04021,-0.20051,-50.0,100.0,0.01,0.0,0.1,0.05,192.366,0.946565,1.0,4095.0,0,0
23/07/25 14:47:07,1350.721,2238.0,855.0,2228.0,788.7,57.25,769.7,41.05,40.47,0.0,0.0,0.0,10.0,153.0,1.0,41.0455,40.4711,-5.91353e+38,-0.04025,-0.19935,-50.0,100.0,0.01,0.0,0.1,0.05,192.366,0.946565,1.0,4095.0,0,0
23/07/25 14:47:09,1351.791,2236.0,854.0,2231.0,788.7,57.3,769.7,40.94,40.61,0.0,0.0,0.0,10.0,153.0,1.0,40.9351,40.6092,-5.91821e+38,-0.04024,-0.19964,-50.0,100.0,0.01,0.0,0.1,0.05,192.366,0.946565,1.0,4095.0,0,0
23/07/25 14:47:09,1352.564,2236.0,854.0,2236.0,788.7,57.3,769.7,40.61,40.61,0.0,0.0,0.0,10.0,153.0,1.0,40.6092,40.6092,-5.91821e+38,-0.04024,-0.19964,-50.0,100.0,0.01,0.0,0.1,0.05,192.366,0.946565,1.0,4095.0,0,0
23/07/25 14:47:10,1353.634,2241.0,857.0,2235.0,788.7,57.15,769.7,40.62,40.24,0.0,0.0,0.0,10.0,153.0,1.0,40.6202,40.2449,-5.90682e+38,-0.04027,-0.19877,-50.0,100.0,0.01,0.0,0.1,0.05,192.366,0.946565,1.0,4095.0,0,0
23/07/25 14:47:11,1354.683,2237.0,856.0,2236.0,788.7,57.2,769.7,40.57,40.48,0.0,0.0,0.0,10.0,153.0,1.0,40.5705,40.4822,-5.91678e+38,-0.04026,-0.19906,-50.0,100.0,0.01,0.0,0.1,0.05,192.366,0.946565,1.0,4095.0,0,0
23/07/25 14:47:13,1355.756,2240.0,856.0,2240.0,788.7,57.2,769.7,40.29,40.33,0.0,0.0,0.0,10.0,153.0,1.0,40.2945,40.3332,-5.90885e+38,-0.04026,-0.19906,-50.0,100.0,0.01,0.0,0.1,0.05,192.366,0.946565,1.0,4095.0,0,0
23/07/25 14:47:13,1356.567,2243.0,858.0,2245.0,788.7,57.1,769.7,40.01,40.11,0.0,0.0,0.0,10.0,153.0,1.0,40.0077,40.107,-5.90214e+38,-0.04028,-0.19848,-50.0,100.0,0.01,0.0,0.1,0.05,192.366,0.946565,1.0,4095.0,0,0
23/07/25 14:47:14,1357.668,2238.0,857.0,2239.0,788.7,57.15,769.7,40.34,40.39,0.0,0.0,0.0,10.0,153.0,1.0,40.3442,40.3939,-5.91474e+38,-0.04027,-0.19877,-50.0,100.0,0.01,0.0,0.1,0.05,192.366,0.946565,1.0,4095.0,0,0
23/07/25 14:47:15,1358.733,2250.0,858.0,2240.0,788.7,57.1,769.7,40.18,39.76,0.0,0.0,0.0,10.0,153.0,1.0,40.1787,39.7594,-5.88366e+38,-0.04028,-0.19848,-50.0,100.0,0.01,0.0,0.1,0.05,192.366,0.946565,1.0,4095.0,0,0
23/07/25 14:47:17,1359.818,2245.0,860.0,2249.0,788.7,57.0,769.7,39.77,39.93,0.0,0.0,0.0,10.0,153.0,1.0,39.7705,39.9305,-5.89808e+38,-0.0403,-0.1979,-50.0,100.0,0.01,0.0,0.1,0.05,192.366,0.946565,1.0,4095.0,0,0
23/07/25 14:47:17,1360.592,2241.0,859.0,2244.0,788.7,57.05,769.7,39.98,40.17,0.0,0.0,0.0,10.0,153.0,1.0,39.9802,40.1677,-5.90803e+38,-0.04029,-0.19819,-50.0,100.0,0.01,0.0,0.1,0.05,192.366,0.946565,1.0,4095.0,0,0
23/07/25 14:47:18,1361.648,2248.0,861.0,2243.0,788.7,56.95,769.7,39.99,39.74,0.0,0.0,0.0,10.0,153.0,1.0,39.9912,39.7431,-5.89077e+38,-0.04031,-0.19761,-50.0,100.0,0.01,0.0,0.1,0.05,192.366,0.946565,1.0,4095.0,0,0
23/07/25 14:47:19,1362.718,2248.0,861.0,2245.0,788.7,56.95,769.7,39.93,39.74,0.0,0.0,0.0,10.0,153.0,1.0,39.9305,39.7431,-5.89077e+38,-0.04031,-0.19761,-50.0,100.0,0.01,0.0,0.1,0.05,192.366,0.946565,1.0,4095.0,0,0
23/07/25 14:47:21,1363.787,2245.0,861.0,2251.0,788.7,56.95,769.7,39.56,39.89,0.0,0.0,0.0,10.0,153.0,1.0,39.5558,39.892,-5.89869e+38,-0.04031,-0.19761,-50.0,100.0,0.01,0.0,0.1,0.05,192.366,0.946565,1.0,4095.0,0,0
23/07/25 14:47:21,1364.566,2253.0,863.0,2244.0,788.7,56.85,769.7,39.83,39.42,0.0,0.0,0.0,10.0,153.0,1.0,39.8258,39.4181,-5.87881e+38,-0.04033,-0.19703,-50.0,100.0,0.01,0.0,0.1,0.05,192.366,0.946565,1.0,4095.0,0,0
23/07/25 14:47:22,1365.635,2249.0,863.0,2260.0,788.7,56.85,769.7,39.11,39.62,0.0,0.0,0.0,10.0,153.0,1.0,39.1093,39.6164,-5.88935e+38,-0.04033,-0.19703,-50.0,100.0,0.01,0.0,0.1,0.05,192.366,0.946565,1.0,4095.0,0,0
23/07/25 14:47:23,1366.719,2254.0,862.0,2253.0,788.7,56.9,769.7,39.38,39.41,0.0,0.0,0.0,10.0,153.0,1.0,39.3796,39.407,-5.87556e+38,-0.04032,-0.19732,-50.0,100.0,0.01,0.0,0.1,0.05,192.366,0.946565,1.0,4095.0,0,0
23/07/25 14:47:25,1367.794,2255.0,866.0,2256.0,788.7,56.7,769.7,39.19,39.2,0.0,0.0,0.0,10.0,153.0,1.0,39.1924,39.2035,-5.87537e+38,-0.04036,-0.19616,-50.0,100.0,0.01,0.0,0.1,0.05,192.366,0.946565,1.0,4095.0,0,0
23/07/25 14:47:25,1368.566,2255.0,866.0,2254.0,788.7,56.7,769.7,39.33,39.2,0.0,0.0,0.0,10.0,153.0,1.0,39.33,39.2035,-5.87537e+38,-0.04036,-0.19616,-50.0,100.0,0.01,0.0,0.1,0.05,192.366,0.946565,1.0,4095.0,0,0
23/07/25 14:47:26,1369.66,2260.0,864.0,2253.0,788.7,56.8,769.7,39.3,39.03,0.0,0.0,0.0,10.0,153.0,1.0,39.3026,39.0325,-5.86097e+38,-0.04034,-0.19674,-50.0,100.0,0.01,0.0,0.1,0.05,192.366,0.946565,1.0,4095.0,0,0
23/07/25 14:47:27,1370.703,2268.0,867.0,2256.0,788.7,56.65,769.7,39.12,38.52,0.0,0.0,0.0,10.0,153.0,1.0,39.1155,38.521,-5.84174e+38,-0.04037,-0.19587,-50.0,100.0,0.01,0.0,0.1,0.05,192.366,0.946565,1.0,4095.0,0,0
23/07/25 14:47:28,1371.737,2270.0,867.0,2262.0,788.7,56.65,769.7,38.86,38.42,0.0,0.0,0.0,10.0,153.0,1.0,38.8566,38.4219,-5.83647e+38,-0.04037,-0.19587,-50.0,100.0,0.01,0.0,0.1,0.05,192.366,0.946565,1.0,4095.0,0,0
23/07/25 14:47:30,1372.802,2260.0,868.0,2258.0,788.7,56.6,769.7,38.94,38.88,0.0,0.0,0.0,10.0,153.0,1.0,38.9395,38.8789,-5.86343e+38,-0.04038,-0.19558,-50.0,100.0,0.01,0.0,0.1,0.05,192.366,0.946565,1.0,4095.0,0,0
23/07/25 14:47:30,1373.584,2262.0,869.0,2258.0,788.7,56.55,769.7,38.98,38.74,0.0,0.0,0.0,10.0,153.0,1.0,38.9779,38.7414,-5.85878e+38,-0.04039,-0.19529,-50.0,100.0,0.01,0.0,0.1,0.05,192.366,0.946565,1.0,4095.0,0,0
23/07/25 14:47:31,1374.668,2271.0,868.0,2267.0,788.7,56.6,769.7,38.57,38.33,0.0,0.0,0.0,10.0,153.0,1.0,38.5705,38.334,-5.83446e+38,-0.04038,-0.19558,-50.0,100.0,0.01,0.0,0.1,0.05,192.366,0.946565,1.0,4095.0,0,0
23/07/25 14:47:33,1375.744,2263.0,869.0,2258.0,788.7,56.55,769.7,38.9,38.69,0.0,0.0,0.0,10.0,153.0,1.0,38.901,38.6919,-5.85615e+38,-0.04039,-0.19529,-50.0,100.0,0.01,0.0,0.1,0.05,192.366,0.946565,1.0,4095.0,0,0
23/07/25 14:47:34,1376.798,2259.0,871.0,2271.0,788.7,56.45,769.7,38.3,38.81,0.0,0.0,0.0,10.0,153.0,1.0,38.2957,38.813,-5.86791e+38,-0.04041,-0.19471,-50.0,100.0,0.01,0.0,0.1,0.05,192.366,0.946565,1.0,4095.0,0,0
23/07/25 14:47:34,1377.562,2264.0,870.0,2262.0,788.7,56.5,769.7,38.7,38.6,0.0,0.0,0.0,10.0,153.0,1.0,38.703,38.604,-5.85413e+38,-0.0404,-0.195,-50.0,100.0,0.01,0.0,0.1,0.05,192.366,0.946565,1.0,4095.0,0,0
23/07/25 14:47:35,1378.646,2270.0,872.0,2261.0,788.7,56.4,769.7,38.64,38.23,0.0,0.0,0.0,10.0,153.0,1.0,38.6372,38.2303,-5.83958e+38,-0.04042,-0.19442,-50.0,100.0,0.01,0.0,0.1,0.05,192.366,0.946565,1.0,4095.0,0,0
23/07/25 14:47:36,1379.735,2272.0,873.0,2266.0,788.7,56.35,769.7,38.47,38.09,0.0,0.0,0.0,10.0,153.0,1.0,38.4666,38.093,-5.83494e+38,-0.04043,-0.19413,-50.0,100.0,0.01,0.0,0.1,0.05,192.366,0.946565,1.0,4095.0,0,0
23/07/25 14:47:38,1380.798,2270.0,872.0,2274.0,788.7,56.4,769.7,38.03,38.23,0.0,0.0,0.0,10.0,153.0,1.0,38.0324,38.2303,-5.83958e+38,-0.04042,-0.19442,-50.0,100.0,0.01,0.0,0.1,0.05,192.366,0.946565,1.0,4095.0,0,0
23/07/25 14:47:38,1381.563,2269.0,874.0,2265.0,788.7,56.3,769.7,38.4,38.2,0.0,0.0,0.0,10.0,153.0,1.0,38.4009,38.2031,-5.84345e+38,-0.04044,-0.19384,-50.0,100.0,0.01,0.0,0.1,0.05,192.366,0.946565,1.0,4095.0,0,0
23/07/25 14:47:39,1382.618,2277.0,872.0,2271.0,788.7,56.4,769.7,38.14,37.88,0.0,0.0,0.0,10.0,153.0,1.0,38.1425,37.8839,-5.82116e+38,-0.04042,-0.19442,-50.0,100.0,0.01,0.0,0.1,0.05,192.366,0.946565,1.0,4095.0,0,0
23/07/25 14:47:40,1383.67,2270.0,872.0,2266.0,788.7,56.4,769.7,38.31,38.23,0.0,0.0,0.0,10.0,153.0,1.0,38.3131,38.2303,-5.83958e+38,-0.04042,-0.19442,-50.0,100.0,0.01,0.0,0.1,0.05,192.366,0.946565,1.0,4095.0,0,0
23/07/25 14:47:41,1384.737,2276.0,876.0,2278.0,788.7,56.2,769.7,37.72,37.78,0.0,0.0,0.0,10.0,153.0,1.0,37.7197,37.7803,-5.82629e+38,-0.04046,-0.19326,-50.0,100.0,0.01,0.0,0.1,0.05,192.366,0.946565,1.0,4095.0,0,0
23/07/25 14:47:42,1385.555,2275.0,875.0,2270.0,788.7,56.25,769.7,38.15,37.87,0.0,0.0,0.0,10.0,153.0,1.0,38.1536,37.8681,-5.8283e+38,-0.04045,-0.19355,-50.0,100.0,0.01,0.0,0.1,0.05,192.366,0.946565,1.0,4095.0,0,0
23/07/25 14:47:43,1386.633,2279.0,876.0,2274.0,788.7,56.2,769.7,37.84,37.63,0.0,0.0,0.0,10.0,153.0,1.0,37.8409,37.632,-5.81841e+38,-0.04046,-0.19326,-50.0,100.0,0.01,0.0,0.1,0.05,192.366,0.946565,1.0,4095.0,0,0
23/07/25 14:47:44,1387.688,2274.0,878.0,2273.0,788.7,56.1,769.7,37.93,37.8,0.0,0.0,0.0,10.0,153.0,1.0,37.9286,37.8026,-5.83279e+38,-0.04048,-0.19268,-50.0,100.0,0.01,0.0,0.1,0.05,192.366,0.946565,1.0,4095.0,0,0
23/07/25 14:47:46,1388.769,2284.0,877.0,2277.0,788.7,56.15,769.7,37.73,37.35,0.0,0.0,0.0,10.0,153.0,1.0,37.7309,37.3467,-5.80589e+38,-0.04047,-0.19297,-50.0,100.0,0.01,0.0,0.1,0.05,192.366,0.946565,1.0,4095.0,0,0
23/07/25 14:47:46,1389.557,2280.0,878.0,2276.0,788.7,56.1,769.7,37.63,37.51,0.0,0.0,0.0,10.0,153.0,1.0,37.6272,37.5061,-5.81703e+38,-0.04048,-0.19268,-50.0,100.0,0.01,0.0,0.1,0.05,192.366,0.946565,1.0,4095.0,0,0
23/07/25 14:47:47,1390.622,2279.0,880.0,2271.0,788.7,56.0,769.7,37.91,37.48,0.0,0.0,0.0,10.0,153.0,1.0,37.9124,37.479,-5.8209e+38,-0.0405,-0.1921,-50.0,100.0,0.01,0.0,0.1,0.05,192.366,0.946565,1.0,4095.0,0,0
23/07/25 14:47:48,1391.685,2280.0,879.0,2279.0,788.7,56.05,769.7,37.52,37.47,0.0,0.0,0.0,10.0,153.0,1.0,37.5173,37.4679,-5.81765e+38,-0.04049,-0.19239,-50.0,100.0,0.01,0.0,0.1,0.05,192.366,0.946565,1.0,4095.0,0,0
23/07/25 14:47:50,1392.758,2277.0,879.0,2284.0,788.7,56.05,769.7,37.19,37.62,0.0,0.0,0.0,10.0,153.0,1.0,37.1939,37.6161,-5.82553e+38,-0.04049,-0.19239,-50.0,100.0,0.01,0.0,0.1,0.05,192.366,0.946565,1.0,4095.0,0,0
23/07/25 14:47:50,1393.567,2285.0,882.0,2282.0,788.7,55.9,769.7,37.37,37.11,0.0,0.0,0.0,10.0,153.0,1.0,37.3691,37.1063,-5.8064e+38,-0.04052,-0.19152,-50.0,100.0,0.01,0.0,0.1,0.05,192.366,0.946565,1.0,4095.0,0,0
23/07/25 14:47:51,1394.632,2281.0,879.0,2281.0,788.7,56.05,769.7,37.34,37.42,0.0,0.0,0.0,10.0,153.0,1.0,37.342,37.4185,-5.81503e+38,-0.04049,-0.19239,-50.0,100.0,0.01,0.0,0.1,0.05,192.366,0.946565,1.0,4095.0,0,0
23/07/25 14:47:52,1395.714,2286.0,883.0,2281.0,788.7,55.85,769.7,37.3,37.02,0.0,0.0,0.0,10.0,153.0,1.0,37.3038,37.0188,-5.80441e+38,-0.04053,-0.19123,-50.0,100.0,0.01,0.0,0.1,0.05,192.366,0.946565,1.0,4095.0,0,0
23/07/25 14:47:54,1396.777,2286.0,883.0,2285.0,788.7,55.85,769.7,37.14,37.02,0.0,0.0,0.0,10.0,153.0,1.0,37.1445,37.0188,-5.80441e+38,-0.04053,-0.19123,-50.0,100.0,0.01,0.0,0.1,0.05,192.366,0.946565,1.0,4095.0,0,0
23/07/25 14:47:54,1397.562,2282.0,881.0,2281.0,788.7,55.95,769.7,37.27,37.29,0.0,0.0,0.0,10.0,153.0,1.0,37.2655,37.2926,-5.81365e+38,-0.04051,-0.19181,-50.0,100.0,0.01,0.0,0.1,0.05,192.366,0.946565,1.0,4095.0,0,0
23/07/25 14:47:55,1398.634,2290.0,885.0,2286.0,788.7,55.75,769.7,36.98,36.75,0.0,0.0,0.0,10.0,153.0,1.0,36.9806,36.7451,-5.79517e+38,-0.04055,-0.19065,-50.0,100.0,0.01,0.0,0.1,0.05,192.366,0.946565,1.0,4095.0,0,0
23/07/25 14:47:56,1399.716,2289.0,886.0,2287.0,788.7,55.7,769.7,36.97,36.76,0.0,0.0,0.0,10.0,153.0,1.0,36.9694,36.7562,-5.79842e+38,-0.04056,-0.19036,-50.0,100.0,0.01,0.0,0.1,0.05,192.366,0.946565,1.0,4095.0,0,0
23/07/25 14:47:58,1400.776,2286.0,884.0,2283.0,788.7,55.8,769.7,37.05,36.98,0.0,0.0,0.0,10.0,153.0,1.0,37.0521,36.9806,-5.80504e+38,-0.04054,-0.19094,-50.0,100.0,0.01,0.0,0.1,0.05,192.366,0.946565,1.0,4095.0,0,0
23/07/25 14:47:58,1401.567,2291.0,887.0,2294.0,788.7,55.65,769.7,36.51,36.62,0.0,0.0,0.0,10.0,153.0,1.0,36.5097,36.6194,-5.79381e+38,-0.04057,-0.19007,-50.0,100.0,0.01,0.0,0.1,0.05,192.366,0.946565,1.0,4095.0,0,0
23/07/25 14:47:59,1402.645,2290.0,884.0,2289.0,788.7,55.8,769.7,36.83,36.78,0.0,0.0,0.0,10.0,153.0,1.0,36.8326,36.7832,-5.79454e+38,-0.04054,-0.19094,-50.0,100.0,0.01,0.0,0.1,0.05,192.366,0.946565,1.0,4095.0,0,0
23/07/25 14:48:00,1403.707,2292.0,886.0,2289.0,788.7,55.7,769.7,36.72,36.61,0.0,0.0,0.0,10.0,153.0,1.0,36.718,36.6083,-5.79056e+38,-0.04056,-0.19036,-50.0,100.0,0.01,0.0,0.1,0.05,192.366,0.946565,1.0,4095.0,0,0
23/07/25 14:48:02,1404.787,2293.0,888.0,2288.0,788.7,55.6,769.7,36.81,36.48,0.0,0.0,0.0,10.0,153.0,1.0,36.8055,36.4827,-5.7892e+38,-0.04058,-0.18978,-50.0,100.0,0.01,0.0,0.1,0.05,192.366,0.946565,1.0,4095.0,0,0
23/07/25 14:48:02,1405.562,2290.0,886.0,2291.0,788.7,55.7,769.7,36.62,36.71,0.0,0.0,0.0,10.0,153.0,1.0,36.6194,36.7069,-5.7958e+38,-0.04056,-0.19036,-50.0,100.0,0.01,0.0,0.1,0.05,192.366,0.946565,1.0,4095.0,0,0
23/07/25 14:48:03,1406.625,2294.0,888.0,2297.0,788.7,55.6,769.7,36.25,36.43,0.0,0.0,0.0,10.0,153.0,1.0,36.2475,36.4334,-5.78658e+38,-0.04058,-0.18978,-50.0,100.0,0.01,0.0,0.1,0.05,192.366,0.946565,1.0,4095.0,0,0
23/07/25 14:48:04,1407.702,2296.0,889.0,2293.0,788.7,55.55,769.7,36.48,36.3,0.0,0.0,0.0,10.0,153.0,1.0,36.4827,36.2968,-5.78197e+38,-0.04059,-0.18949,-50.0,100.0,0.01,0.0,0.1,0.05,192.366,0.946565,1.0,4095.0,0,0
23/07/25 14:48:06,1408.778,2296.0,888.0,2293.0,788.7,55.6,769.7,36.44,36.33,0.0,0.0,0.0,10.0,153.0,1.0,36.4446,36.3349,-5.78134e+38,-0.04058,-0.18978,-50.0,100.0,0.01,0.0,0.1,0.05,192.366,0.946565,1.0,4095.0,0,0
23/07/25 14:48:06,1409.564,2298.0,890.0,2295.0,788.7,55.5,769.7,36.27,36.16,0.0,0.0,0.0,10.0,153.0,1.0,36.2698,36.1601,-5.77736e+38,-0.0406,-0.1892,-50.0,100.0,0.01,0.0,0.1,0.05,192.366,0.946565,1.0,4095.0,0,0
23/07/25 14:48:07,1410.624,2297.0,891.0,2293.0,788.7,55.45,769.7,36.44,36.17,0.0,0.0,0.0,10.0,153.0,1.0,36.4446,36.1713,-5.78061e+38,-0.04061,-0.18891,-50.0,100.0,0.01,0.0,0.1,0.05,192.366,0.946565,1.0,4095.0,0,0
23/07/25 14:48:08,1411.685,2296.0,889.0,2302.0,788.7,55.55,769.7,35.89,36.3,0.0,0.0,0.0,10.0,153.0,1.0,35.887,36.2968,-5.78197e+38,-0.04059,-0.18949,-50.0,100.0,0.01,0.0,0.1,0.05,192.366,0.946565,1.0,4095.0,0,0
23/07/25 14:48:10,1412.752,2297.0,892.0,2297.0,788.7,55.4,769.7,36.13,36.13,0.0,0.0,0.0,10.0,153.0,1.0,36.1331,36.1331,-5.78125e+38,-0.04062,-0.18862,-50.0,100.0,0.01,0.0,0.1,0.05,192.366,0.946565,1.0,4095.0,0,0
23/07/25 14:48:11,1413.777,2308.0,892.0,2302.0,788.7,55.4,769.7,35.96,35.59,0.0,0.0,0.0,10.0,153.0,1.0,35.9631,35.5915,-5.75245e+38,-0.04062,-0.18862,-50.0,100.0,0.01,0.0,0.1,0.05,192.366,0.946565,1.0,4095.0,0,0
23/07/25 14:48:11,1414.567,2301.0,892.0,2300.0,788.7,55.4,769.7,35.91,35.94,0.0,0.0,0.0,10.0,153.0,1.0,35.9093,35.9362,-5.77077e+38,-0.04062,-0.18862,-50.0,100.0,0.01,0.0,0.1,0.05,192.366,0.946565,1.0,4095.0,0,0
23/07/25 14:48:12,1415.654,2297.0,895.0,2304.0,788.7,55.25,769.7,35.71,36.02,0.0,0.0,0.0,10.0,153.0,1.0,35.7124,36.0188,-5.78314e+38,-0.04065,-0.18775,-50.0,100.0,0.01,0.0,0.1,0.05,192.366,0.946565,1.0,4095.0,0,0
23/07/25 14:48:13,1416.713,2308.0,893.0,2305.0,788.7,55.35,769.7,35.7,35.55,0.0,0.0,0.0,10.0,153.0,1.0,35.7012,35.5536,-5.75309e+38,-0.04063,-0.18833,-50.0,100.0,0.01,0.0,0.1,0.05,192.366,0.946565,1.0,4095.0,0,0
23/07/25 14:48:15,1417.773,2311.0,893.0,2305.0,788.7,55.35,769.7,35.59,35.41,0.0,0.0,0.0,10.0,153.0,1.0,35.5871,35.4059,-5.74524e+38,-0.04063,-0.18833,-50.0,100.0,0.01,0.0,0.1,0.05,192.366,0.946565,1.0,4095.0,0,0
23/07/25 14:48:15,1418.566,2303.0,896.0,2300.0,788.7,55.2,769.7,35.83,35.69,0.0,0.0,0.0,10.0,153.0,1.0,35.8331,35.6855,-5.76808e+38,-0.04066,-0.18746,-50.0,100.0,0.01,0.0,0.1,0.05,192.366,0.946565,1.0,4095.0,0,0
23/07/25 14:48:16,1419.633,2306.0,895.0,2303.0,788.7,55.25,769.7,35.76,35.58,0.0,0.0,0.0,10.0,153.0,1.0,35.7616,35.576,-5.7596e+38,-0.04065,-0.18775,-50.0,100.0,0.01,0.0,0.1,0.05,192.366,0.946565,1.0,4095.0,0,0
23/07/25 14:48:17,1420.718,2307.0,896.0,2301.0,788.7,55.2,769.7,35.75,35.49,0.0,0.0,0.0,10.0,153.0,1.0,35.7458,35.4887,-5.75762e+38,-0.04066,-0.18746,-50.0,100.0,0.01,0.0,0.1,0.05,192.366,0.946565,1.0,4095.0,0,0
23/07/25 14:48:19,1421.778,2305.0,898.0,2301.0,788.7,55.1,769.7,35.78,35.51,0.0,0.0,0.0,10.0,153.0,1.0,35.7839,35.511,-5.76412e+38,-0.04068,-0.18688,-50.0,100.0,0.01,0.0,0.1,0.05,192.366,0.946565,1.0,4095.0,0,0
23/07/25 14:48:19,1422.564,2310.0,896.0,2301.0,788.7,55.2,769.7,35.78,35.34,0.0,0.0,0.0,10.0,153.0,1.0,35.7839,35.3412,-5.74977e+38,-0.04066,-0.18746,-50.0,100.0,0.01,0.0,0.1,0.05,192.366,0.946565,1.0,4095.0,0,0
23/07/25 14:48:20,1423.634,2305.0,898.0,2307.0,788.7,55.1,769.7,35.37,35.51,0.0,0.0,0.0,10.0,153.0,1.0,35.3747,35.511,-5.76412e+38,-0.04068,-0.18688,-50.0,100.0,0.01,0.0,0.1,0.05,192.366,0.946565,1.0,4095.0,0,0
23/07/25 14:48:21,1424.695,2309.0,898.0,2306.0,788.7,55.1,769.7,35.5,35.31,0.0,0.0,0.0,10.0,153.0,1.0,35.4999,35.3144,-5.75366e+38,-0.04068,-0.18688,-50.0,100.0,0.01,0.0,0.1,0.05,192.366,0.946565,1.0,4095.0,0,0
23/07/25 14:48:23,1425.753,2313.0,897.0,2309.0,788.7,55.15,769.7,35.31,35.16,0.0,0.0,0.0,10.0,153.0,1.0,35.3144,35.1557,-5.74257e+38,-0.04067,-0.18717,-50.0,100.0,0.01,0.0,0.1,0.05,192.366,0.946565,1.0,4095.0,0,0
23/07/25 14:48:23,1426.567,2310.0,899.0,2307.0,788.7,55.05,769.7,35.37,35.23,0.0,0.0,0.0,10.0,153.0,1.0,35.3747,35.2272,-5.75169e+38,-0.04069,-0.18659,-50.0,100.0,0.01,0.0,0.1,0.05,192.366,0.946565,1.0,4095.0,0,0
23/07/25 14:48:24,1427.623,2309.0,900.0,2309.0,788.7,55.0,769.7,35.28,35.24,0.0,0.0,0.0,10.0,153.0,1.0,35.2764,35.2383,-5.75494e+38,-0.0407,-0.1863,-50.0,100.0,0.01,0.0,0.1,0.05,192.366,0.946565,1.0,4095.0,0,0
23/07/25 14:48:25,1428.672,2312.0,899.0,2317.0,788.7,55.05,769.7,34.85,35.13,0.0,0.0,0.0,10.0,153.0,1.0,34.8452,35.1289,-5.74646e+38,-0.04069,-0.18659,-50.0,100.0,0.01,0.0,0.1,0.05,192.366,0.946565,1.0,4095.0,0,0
23/07/25 14:48:26,1429.729,2311.0,902.0,2306.0,788.7,54.9,769.7,35.35,35.06,0.0,0.0,0.0,10.0,153.0,1.0,35.3477,35.0641,-5.75099e+38,-0.04072,-0.18572,-50.0,100.0,0.01,0.0,0.1,0.05,192.366,0.946565,1.0,4095.0,0,0
23/07/25 14:48:28,1430.791,2311.0,902.0,2314.0,788.7,54.9,769.7,34.99,35.06,0.0,0.0,0.0,10.0,153.0,1.0,34.9926,35.0641,-5.75099e+38,-0.04072,-0.18572,-50.0,100.0,0.01,0.0,0.1,0.05,192.366,0.946565,1.0,4095.0,0,0
23/07/25 14:48:28,1431.571,2309.0,900.0,2314.0,788.7,55.0,769.7,34.88,35.24,0.0,0.0,0.0,10.0,153.0,1.0,34.8787,35.2383,-5.75494e+38,-0.0407,-0.1863,-50.0,100.0,0.01,0.0,0.1,0.05,192.366,0.946565,1.0,4095.0,0,0
23/07/25 14:48:29,1432.628,2317.0,903.0,2311.0,788.7,54.85,769.7,35.1,34.73,0.0,0.0,0.0,10.0,153.0,1.0,35.1021,34.7314,-5.73596e+38,-0.04073,-0.18543,-50.0,100.0,0.01,0.0,0.1,0.05,192.366,0.946565,1.0,4095.0,0,0
23/07/25 14:48:30,1433.663,2314.0,901.0,2313.0,788.7,54.95,769.7,35.0,34.95,0.0,0.0,0.0,10.0,153.0,1.0,35.0038,34.9547,-5.74251e+38,-0.04071,-0.18601,-50.0,100.0,0.01,0.0,0.1,0.05,192.366,0.946565,1.0,4095.0,0,0
23/07/25 14:48:31,1434.723,2320.0,903.0,2319.0,788.7,54.85,769.7,34.6,34.58,0.0,0.0,0.0,10.0,153.0,1.0,34.5953,34.5841,-5.72813e+38,-0.04073,-0.18543,-50.0,100.0,0.01,0.0,0.1,0.05,192.366,0.946565,1.0,4095.0,0,0
23/07/25 14:48:33,1435.816,2316.0,904.0,2322.0,788.7,54.8,769.7,34.49,34.74,0.0,0.0,0.0,10.0,153.0,1.0,34.4859,34.7426,-5.73921e+38,-0.04074,-0.18514,-50.0,100.0,0.01,0.0,0.1,0.05,192.366,0.946565,1.0,4095.0,0,0
23/07/25 14:48:33,1436.586,2323.0,902.0,2314.0,788.7,54.9,769.7,34.88,34.47,0.0,0.0,0.0,10.0,153.0,1.0,34.8787,34.4747,-5.71965e+38,-0.04072,-0.18572,-50.0,100.0,0.01,0.0,0.1,0.05,192.366,0.946565,1.0,4095.0,0,0
23/07/25 14:48:34,1437.657,2321.0,905.0,2311.0,788.7,54.75,769.7,34.91,34.46,0.0,0.0,0.0,10.0,153.0,1.0,34.912,34.4592,-5.7268e+38,-0.04075,-0.18485,-50.0,100.0,0.01,0.0,0.1,0.05,192.366,0.946565,1.0,4095.0,0,0
23/07/25 14:48:35,1438.717,2324.0,905.0,2317.0,788.7,54.75,769.7,34.73,34.31,0.0,0.0,0.0,10.0,153.0,1.0,34.7314,34.312,-5.71898e+38,-0.04075,-0.18485,-50.0,100.0,0.01,0.0,0.1,0.05,192.366,0.946565,1.0,4095.0,0,0
23/07/25 14:48:37,1439.797,2317.0,904.0,2318.0,788.7,54.8,769.7,34.64,34.69,0.0,0.0,0.0,10.0,153.0,1.0,34.6444,34.6935,-5.7366e+38,-0.04074,-0.18514,-50.0,100.0,0.01,0.0,0.1,0.05,192.366,0.946565,1.0,4095.0,0,0
23/07/25 14:48:37,1440.574,2323.0,906.0,2322.0,788.7,54.7,769.7,34.37,34.32,0.0,0.0,0.0,10.0,153.0,1.0,34.3722,34.3232,-5.72223e+38,-0.04076,-0.18456,-50.0,100.0,0.01,0.0,0.1,0.05,192.366,0.946565,1.0,4095.0,0,0
23/07/25 14:48:38,1441.645,2323.0,906.0,2317.0,788.7,54.7,769.7,34.66,34.32,0.0,0.0,0.0,10.0,153.0,1.0,34.6555,34.3232,-5.72223e+38,-0.04076,-0.18456,-50.0,100.0,0.01,0.0,0.1,0.05,192.366,0.946565,1.0,4095.0,0,0
23/07/25 14:48:39,1442.707,2322.0,905.0,2313.0,788.7,54.75,769.7,34.78,34.41,0.0,0.0,0.0,10.0,153.0,1.0,34.7758,34.4101,-5.72419e+38,-0.04075,-0.18485,-50.0,100.0,0.01,0.0,0.1,0.05,192.366,0.946565,1.0,4095.0,0,0
23/07/25 14:48:41,1443.762,2327.0,908.0,2313.0,788.7,54.6,769.7,34.78,34.05,0.0,0.0,0.0,10.0,153.0,1.0,34.7758,34.0512,-5.71309e+38,-0.04078,-0.18398,-50.0,100.0,0.01,0.0,0.1,0.05,192.366,0.946565,1.0,4095.0,0,0
23/07/25 14:48:41,1444.569,2323.0,907.0,2321.0,788.7,54.65,769.7,34.42,34.29,0.0,0.0,0.0,10.0,153.0,1.0,34.4213,34.2853,-5.72287e+38,-0.04077,-0.18427,-50.0,100.0,0.01,0.0,0.1,0.05,192.366,0.946565,1.0,4095.0,0,0
23/07/25 14:48:42,1445.622,2336.0,908.0,2320.0,788.7,54.6,769.7,34.32,33.61,0.0,0.0,0.0,10.0,153.0,1.0,34.3186,33.6098,-5.68962e+38,-0.04078,-0.18398,-50.0,100.0,0.01,0.0,0.1,0.05,192.366,0.946565,1.0,4095.0,0,0
23/07/25 14:48:43,1446.694,2330.0,910.0,2320.0,788.7,54.5,769.7,34.36,33.83,0.0,0.0,0.0,10.0,153.0,1.0,34.3566,33.8284,-5.70656e+38,-0.0408,-0.1834,-50.0,100.0,0.01,0.0,0.1,0.05,192.366,0.946565,1.0,4095.0,0,0
23/07/25 14:48:45,1447.757,2320.0,907.0,2318.0,788.7,54.65,769.7,34.53,34.43,0.0,0.0,0.0,10.0,153.0,1.0,34.5306,34.4324,-5.7307e+38,-0.04077,-0.18427,-50.0,100.0,0.01,0.0,0.1,0.05,192.366,0.946565,1.0,4095.0,0,0
23/07/25 14:48:45,1448.563,2319.0,908.0,2322.0,788.7,54.6,769.7,34.22,34.44,0.0,0.0,0.0,10.0,153.0,1.0,34.2206,34.4436,-5.73395e+38,-0.04078,-0.18398,-50.0,100.0,0.01,0.0,0.1,0.05,192.366,0.946565,1.0,4095.0,0,0
23/07/25 14:48:46,1449.645,2331.0,911.0,2323.0,788.7,54.45,769.7,34.21,33.74,0.0,0.0,0.0,10.0,153.0,1.0,34.2095,33.7416,-5.7046e+38,-0.04081,-0.18311,-50.0,100.0,0.01,0.0,0.1,0.05,192.366,0.946565,1.0,4095.0,0,0
23/07/25 14:48:47,1450.73,2321.0,909.0,2324.0,788.7,54.55,769.7,34.16,34.31,0.0,0.0,0.0,10.0,153.0,1.0,34.1605,34.3076,-5.72937e+38,-0.04079,-0.18369,-50.0,100.0,0.01,0.0,0.1,0.05,192.366,0.946565,1.0,4095.0,0,0
23/07/25 14:48:49,1451.785,2326.0,911.0,2326.0,788.7,54.45,769.7,33.95,33.99,0.0,0.0,0.0,10.0,153.0,1.0,33.9488,33.9866,-5.71763e+38,-0.04081,-0.18311,-50.0,100.0,0.01,0.0,0.1,0.05,192.366,0.946565,1.0,4095.0,0,0
23/07/25 14:48:49,1452.57,2329.0,911.0,2321.0,788.7,54.45,769.7,34.27,33.84,0.0,0.0,0.0,10.0,153.0,1.0,34.2696,33.8396,-5.70981e+38,-0.04081,-0.18311,-50.0,100.0,0.01,0.0,0.1,0.05,192.366,0.946565,1.0,4095.0,0,0
23/07/25 14:48:50,1453.657,2328.0,909.0,2328.0,788.7,54.55,769.7,33.89,33.96,0.0,0.0,0.0,10.0,153.0,1.0,33.8886,33.9643,-5.71113e+38,-0.04079,-0.18369,-50.0,100.0,0.01,0.0,0.1,0.05,192.366,0.946565,1.0,4095.0,0,0
23/07/25 14:48:51,1454.725,2326.0,912.0,2320.0,788.7,54.4,769.7,34.2,33.95,0.0,0.0,0.0,10.0,153.0,1.0,34.2048,33.9488,-5.71827e+38,-0.04082,-0.18282,-50.0,100.0,0.01,0.0,0.1,0.05,192.366,0.946565,1.0,4095.0,0,0
23/07/25 14:48:52,1455.564,2328.0,913.0,2328.0,788.7,54.35,769.7,33.89,33.81,0.0,0.0,0.0,10.0,153.0,1.0,33.8886,33.8129,-5.71371e+38,-0.04083,-0.18253,-50.0,100.0,0.01,0.0,0.1,0.05,192.366,0.946565,1.0,4095.0,0,0
23/07/25 14:48:53,1456.655,2331.0,911.0,2334.0,788.7,54.45,769.7,33.56,33.74,0.0,0.0,0.0,10.0,153.0,1.0,33.5568,33.7416,-5.7046e+38,-0.04081,-0.18311,-50.0,100.0,0.01,0.0,0.1,0.05,192.366,0.946565,1.0,4095.0,0,0
23/07/25 14:48:54,1457.728,2329.0,914.0,2330.0,788.7,54.3,769.7,33.64,33.73,0.0,0.0,0.0,10.0,153.0,1.0,33.6392,33.7261,-5.71175e+38,-0.04084,-0.18224,-50.0,100.0,0.01,0.0,0.1,0.05,192.366,0.946565,1.0,4095.0,0,0
23/07/25 14:48:56,1458.808,2339.0,914.0,2329.0,788.7,54.3,769.7,33.8,33.24,0.0,0.0,0.0,10.0,153.0,1.0,33.8018,33.2364,-5.68571e+38,-0.04084,-0.18224,-50.0,100.0,0.01,0.0,0.1,0.05,192.366,0.946565,1.0,4095.0,0,0
23/07/25 14:48:56,1459.557,2330.0,912.0,2330.0,788.7,54.4,769.7,33.64,33.75,0.0,0.0,0.0,10.0,153.0,1.0,33.6392,33.7528,-5.70785e+38,-0.04082,-0.18282,-50.0,100.0,0.01,0.0,0.1,0.05,192.366,0.946565,1.0,4095.0,0,0
23/07/25 14:48:57,1460.618,2337.0,916.0,2328.0,788.7,54.2,769.7,33.74,33.26,0.0,0.0,0.0,10.0,153.0,1.0,33.7372,33.2587,-5.69222e+38,-0.04086,-0.18166,-50.0,100.0,0.01,0.0,0.1,0.05,192.366,0.946565,1.0,4095.0,0,0
23/07/25 14:48:58,1461.705,2336.0,915.0,2331.0,788.7,54.25,769.7,33.63,33.35,0.0,0.0,0.0,10.0,153.0,1.0,33.6281,33.3455,-5.69417e+38,-0.04085,-0.18195,-50.0,100.0,0.01,0.0,0.1,0.05,192.366,0.946565,1.0,4095.0,0,0
23/07/25 14:49:00,1462.778,2334.0,914.0,2333.0,788.7,54.3,769.7,33.42,33.48,0.0,0.0,0.0,10.0,153.0,1.0,33.4167,33.4812,-5.69873e+38,-0.04084,-0.18224,-50.0,100.0,0.01,0.0,0.1,0.05,192.366,0.946565,1.0,4095.0,0,0
23/07/25 14:49:00,1463.555,2338.0,917.0,2331.0,788.7,54.15,769.7,33.55,33.17,0.0,0.0,0.0,10.0,153.0,1.0,33.5524,33.172,-5.69027e+38,-0.04087,-0.18137,-50.0,100.0,0.01,0.0,0.1,0.05,192.366,0.946565,1.0,4095.0,0,0
23/07/25 14:49:01,1464.607,2328.0,915.0,2331.0,788.7,54.25,769.7,33.63,33.74,0.0,0.0,0.0,10.0,153.0,1.0,33.6281,33.7372,-5.715e+38,-0.04085,-0.18195,-50.0,100.0,0.01,0.0,0.1,0.05,192.366,0.946565,1.0,4095.0,0,0
23/07/25 14:49:02,1465.682,2337.0,916.0,2333.0,788.7,54.2,769.7,33.38,33.26,0.0,0.0,0.0,10.0,153.0,1.0,33.3789,33.2587,-5.69222e+38,-0.04086,-0.18166,-50.0,100.0,0.01,0.0,0.1,0.05,192.366,0.946565,1.0,4095.0,0,0
23/07/25 14:49:04,1466.751,2340.0,918.0,2331.0,788.7,54.1,769.7,33.59,33.04,0.0,0.0,0.0,10.0,153.0,1.0,33.5903,33.0364,-5.68571e+38,-0.04088,-0.18108,-50.0,100.0,0.01,0.0,0.1,0.05,192.366,0.946565,1.0,4095.0,0,0
23/07/25 14:49:04,1467.564,2334.0,916.0,2330.0,788.7,54.2,769.7,33.6,33.41,0.0,0.0,0.0,10.0,153.0,1.0,33.6014,33.4056,-5.70003e+38,-0.04086,-0.18166,-50.0,100.0,0.01,0.0,0.1,0.05,192.366,0.946565,1.0,4095.0,0,0
23/07/25 14:49:05,1468.658,2342.0,917.0,2338.0,788.7,54.15,769.7,33.1,32.98,0.0,0.0,0.0,10.0,153.0,1.0,33.0965,32.9763,-5.67986e+38,-0.04087,-0.18137,-50.0,100.0,0.01,0.0,0.1,0.05,192.366,0.946565,1.0,4095.0,0,0
23/07/25 14:49:06,1469.731,2344.0,919.0,2334.0,788.7,54.05,769.7,33.37,32.8,0.0,0.0,0.0,10.0,153.0,1.0,33.3678,32.803,-5.67596e+38,-0.04089,-0.18079,-50.0,100.0,0.01,0.0,0.1,0.05,192.366,0.946565,1.0,4095.0,0,0
23/07/25 14:49:08,1470.787,2339.0,917.0,2334.0,788.7,54.15,769.7,33.33,33.12,0.0,0.0,0.0,10.0,153.0,1.0,33.3299,33.1231,-5.68767e+38,-0.04087,-0.18137,-50.0,100.0,0.01,0.0,0.1,0.05,192.366,0.946565,1.0,4095.0,0,0
23/07/25 14:49:08,1471.563,2342.0,920.0,2343.0,788.7,54.0,769.7,32.85,32.86,0.0,0.0,0.0,10.0,153.0,1.0,32.8519,32.8631,-5.68182e+38,-0.0409,-0.1805,-50.0,100.0,0.01,0.0,0.1,0.05,192.366,0.946565,1.0,4095.0,0,0
23/07/25 14:49:09,1472.645,2341.0,919.0,2334.0,788.7,54.05,769.7,33.33,32.95,0.0,0.0,0.0,10.0,153.0,1.0,33.3299,32.9497,-5.68377e+38,-0.04089,-0.18079,-50.0,100.0,0.01,0.0,0.1,0.05,192.366,0.946565,1.0,4095.0,0,0
23/07/25 14:49:10,1473.728,2333.0,918.0,2336.0,788.7,54.1,769.7,33.16,33.38,0.0,0.0,0.0,10.0,153.0,1.0,33.1565,33.3789,-5.70392e+38,-0.04088,-0.18108,-50.0,100.0,0.01,0.0,0.1,0.05,192.366,0.946565,1.0,4095.0,0,0
23/07/25 14:49:12,1474.824,2340.0,922.0,2339.0,788.7,53.9,769.7,32.97,32.89,0.0,0.0,0.0,10.0,153.0,1.0,32.972,32.8853,-5.68832e+38,-0.04092,-0.17992,-50.0,100.0,0.01,0.0,0.1,0.05,192.366,0.946565,1.0,4095.0,0,0
23/07/25 14:49:12,1475.599,2345.0,921.0,2339.0,788.7,53.95,769.7,33.05,32.68,0.0,0.0,0.0,10.0,153.0,1.0,33.0476,32.6787,-5.67467e+38,-0.04091,-0.18021,-50.0,100.0,0.01,0.0,0.1,0.05,192.366,0.946565,1.0,4095.0,0,0
23/07/25 14:49:13,1476.671,2338.0,920.0,2335.0,788.7,54.0,769.7,33.13,33.06,0.0,0.0,0.0,10.0,153.0,1.0,33.1297,33.0587,-5.69222e+38,-0.0409,-0.1805,-50.0,100.0,0.01,0.0,0.1,0.05,192.366,0.946565,1.0,4095.0,0,0
23/07/25 14:49:14,1477.736,2337.0,923.0,2339.0,788.7,53.85,769.7,32.93,32.99,0.0,0.0,0.0,10.0,153.0,1.0,32.9342,32.9942,-5.69676e+38,-0.04093,-0.17963,-50.0,100.0,0.01,0.0,0.1,0.05,192.366,0.946565,1.0,4095.0,0,0
23/07/25 14:49:16,1478.793,2338.0,921.0,2335.0,788.7,53.95,769.7,33.21,33.02,0.0,0.0,0.0,10.0,153.0,1.0,33.2054,33.0209,-5.69287e+38,-0.04091,-0.18021,-50.0,100.0,0.01,0.0,0.1,0.05,192.366,0.946565,1.0,4095.0,0,0
23/07/25 14:49:16,1479.57,2347.0,923.0,2341.0,788.7,53.85,769.7,32.8,32.51,0.0,0.0,0.0,10.0,153.0,1.0,32.7987,32.5055,-5.67078e+38,-0.04093,-0.17963,-50.0,100.0,0.01,0.0,0.1,0.05,192.366,0.946565,1.0,4095.0,0,0
23/07/25 14:49:17,1480.655,2341.0,924.0,2336.0,788.7,53.8,769.7,33.08,32.76,0.0,0.0,0.0,10.0,153.0,1.0,33.0808,32.7609,-5.68702e+38,-0.04094,-0.17934,-50.0,100.0,0.01,0.0,0.1,0.05,192.366,0.946565,1.0,4095.0,0,0
23/07/25 14:49:18,1481.727,2350.0,921.0,2341.0,788.7,53.95,769.7,32.87,32.43,0.0,0.0,0.0,10.0,153.0,1.0,32.8742,32.4342,-5.66167e+38,-0.04091,-0.18021,-50.0,100.0,0.01,0.0,0.1,0.05,192.366,0.946565,1.0,4095.0,0,0
23/07/25 14:49:20,1482.78,2349.0,922.0,2350.0,788.7,53.9,769.7,32.32,32.45,0.0,0.0,0.0,10.0,153.0,1.0,32.3213,32.4455,-5.66493e+38,-0.04092,-0.17992,-50.0,100.0,0.01,0.0,0.1,0.05,192.366,0.946565,1.0,4095.0,0,0
23/07/25 14:49:20,1483.553,2348.0,925.0,2341.0,788.7,53.75,769.7,32.84,32.38,0.0,0.0,0.0,10.0,153.0,1.0,32.8365,32.3813,-5.66949e+38,-0.04095,-0.17905,-50.0,100.0,0.01,0.0,0.1,0.05,192.366,0.946565,1.0,4095.0,0,0
23/07/25 14:49:21,1484.63,2345.0,923.0,2344.0,788.7,53.85,769.7,32.61,32.6,0.0,0.0,0.0,10.0,153.0,1.0,32.6144,32.6033,-5.67598e+38,-0.04093,-0.17963,-50.0,100.0,0.01,0.0,0.1,0.05,192.366,0.946565,1.0,4095.0,0,0
23/07/25 14:49:22,1485.697,2343.0,925.0,2342.0,788.7,53.75,769.7,32.64,32.63,0.0,0.0,0.0,10.0,153.0,1.0,32.6365,32.6255,-5.68247e+38,-0.04095,-0.17905,-50.0,100.0,0.01,0.0,0.1,0.05,192.366,0.946565,1.0,4095.0,0,0
23/07/25 14:49:24,1486.76,2343.0,926.0,2344.0,788.7,53.7,769.7,32.61,32.59,0.0,0.0,0.0,10.0,153.0,1.0,32.6144,32.5877,-5.68313e+38,-0.04096,-0.17876,-50.0,100.0,0.01,0.0,0.1,0.05,192.366,0.946565,1.0,4095.0,0,0
23/07/25 14:49:24,1487.568,2347.0,924.0,2346.0,788.7,53.8,769.7,32.48,32.47,0.0,0.0,0.0,10.0,153.0,1.0,32.4789,32.4678,-5.67143e+38,-0.04094,-0.17934,-50.0,100.0,0.01,0.0,0.1,0.05,192.366,0.946565,1.0,4095.0,0,0
23/07/25 14:49:25,1488.638,2348.0,927.0,2345.0,788.7,53.65,769.7,32.45,32.31,0.0,0.0,0.0,10.0,153.0,1.0,32.4523,32.3059,-5.6708e+38,-0.04097,-0.17847,-50.0,100.0,0.01,0.0,0.1,0.05,192.366,0.946565,1.0,4095.0,0,0
23/07/25 14:49:26,1489.72,2350.0,926.0,2344.0,788.7,53.7,769.7,32.61,32.25,0.0,0.0,0.0,10.0,153.0,1.0,32.6144,32.2459,-5.66495e+38,-0.04096,-0.17876,-50.0,100.0,0.01,0.0,0.1,0.05,192.366,0.946565,1.0,4095.0,0,0
23/07/25 14:49:28,1490.745,2349.0,925.0,2346.0,788.7,53.75,769.7,32.4,32.33,0.0,0.0,0.0,10.0,153.0,1.0,32.4035,32.3324,-5.66689e+38,-0.04095,-0.17905,-50.0,100.0,0.01,0.0,0.1,0.05,192.366,0.946565,1.0,4095.0,0,0
23/07/25 14:49:29,1491.787,2354.0,928.0,2343.0,788.7,53.6,769.7,32.55,31.98,0.0,0.0,0.0,10.0,153.0,1.0,32.5499,31.9753,-5.65588e+38,-0.04098,-0.17818,-50.0,100.0,0.01,0.0,0.1,0.05,192.366,0.946565,1.0,4095.0,0,0
23/07/25 14:49:29,1492.566,2197.0,926.0,2276.0,788.7,53.7,769.7,35.86,39.72,0.0,0.0,0.0,10.0,153.0,1.0,35.8592,39.7166,-5.31868e+38,-0.04096,-0.17876,-50.0,100.0,0.01,0.0,0.1,0.05,192.366,0.946565,1.0,4095.0,0,0
23/07/25 14:49:30,1493.635,2339.0,928.0,2333.0,788.7,53.6,769.7,32.96,32.71,0.0,0.0,0.0,10.0,153.0,1.0,32.9623,32.7074,-5.69481e+38,-0.04098,-0.17818,-50.0,100.0,0.01,0.0,0.1,0.05,192.366,0.946565,1.0,4095.0,0,0
23/07/25 14:49:31,1494.698,2349.0,929.0,2346.0,788.7,53.55,769.7,32.4,32.18,0.0,0.0,0.0,10.0,153.0,1.0,32.4035,32.1816,-5.66951e+38,-0.04099,-0.17789,-50.0,100.0,0.01,0.0,0.1,0.05,192.366,0.946565,1.0,4095.0,0,0
23/07/25 14:49:33,1495.76,2347.0,927.0,2336.0,788.7,53.65,769.7,32.89,32.35,0.0,0.0,0.0,10.0,153.0,1.0,32.8916,32.3547,-5.67339e+38,-0.04097,-0.17847,-50.0,100.0,0.01,0.0,0.1,0.05,192.366,0.946565,1.0,4095.0,0,0
23/07/25 14:49:33,1496.559,2313.0,929.0,2328.0,788.7,53.55,769.7,33.21,33.94,0.0,0.0,0.0,10.0,153.0,1.0,33.2063,33.9382,-5.7629e+38,-0.04099,-0.17789,-50.0,100.0,0.01,0.0,0.1,0.05,192.366,0.946565,1.0,4095.0,0,0
23/07/25 14:49:34,1497.632,2356.0,930.0,2343.0,788.7,53.5,769.7,32.51,31.8,0.0,0.0,0.0,10.0,153.0,1.0,32.5122,31.8024,-5.65201e+38,-0.041,-0.1776,-50.0,100.0,0.01,0.0,0.1,0.05,192.366,0.946565,1.0,4095.0,0,0
23/07/25 14:49:35,1498.716,2349.0,927.0,2335.0,788.7,53.65,769.7,32.9,32.26,0.0,0.0,0.0,10.0,153.0,1.0,32.9026,32.257,-5.6682e+38,-0.04097,-0.17847,-50.0,100.0,0.01,0.0,0.1,0.05,192.366,0.946565,1.0,4095.0,0,0
23/07/25 14:49:37,1499.785,2355.0,929.0,2349.0,788.7,53.55,769.7,32.11,31.89,0.0,0.0,0.0,10.0,153.0,1.0,32.1062,31.8889,-5.65394e+38,-0.04099,-0.17789,-50.0,100.0,0.01,0.0,0.1,0.05,192.366,0.946565,1.0,4095.0,0,0
23/07/25 14:49:37,1500.563,2253.0,930.0,2314.0,788.7,53.5,769.7,33.89,36.83,0.0,0.0,0.0,10.0,153.0,1.0,33.8894,36.8268,-5.91915e+38,-0.041,-0.1776,-50.0,100.0,0.01,0.0,0.1,0.05,192.366,0.946565,1.0,4095.0,0,0
23/07/25 14:49:38,1501.653,2341.0,929.0,2353.0,788.7,53.55,769.7,31.95,32.57,0.0,0.0,0.0,10.0,153.0,1.0,31.9488,32.572,-5.69026e+38,-0.04099,-0.17789,-50.0,100.0,0.01,0.0,0.1,0.05,192.366,0.946565,1.0,4095.0,0,0
23/07/25 14:49:39,1502.711,2353.0,932.0,2351.0,788.7,53.4,769.7,31.97,31.87,0.0,0.0,0.0,10.0,153.0,1.0,31.971,31.8734,-5.6611e+38,-0.04102,-0.17702,-50.0,100.0,0.01,0.0,0.1,0.05,192.366,0.946565,1.0,4095.0,0,0
23/07/25 14:49:41,1503.773,2353.0,930.0,2349.0,788.7,53.5,769.7,32.18,31.95,0.0,0.0,0.0,10.0,153.0,1.0,32.1816,31.9488,-5.65979e+38,-0.041,-0.1776,-50.0,100.0,0.01,0.0,0.1,0.05,192.366,0.946565,1.0,4095.0,0,0
23/07/25 14:49:41,1504.567,2357.0,931.0,2354.0,788.7,53.45,769.7,31.82,31.72,0.0,0.0,0.0,10.0,153.0,1.0,31.8247,31.716,-5.65007e+38,-0.04101,-0.17731,-50.0,100.0,0.01,0.0,0.1,0.05,192.366,0.946565,1.0,4095.0,0,0
23/07/25 14:49:42,1505.662,2361.0,933.0,2347.0,788.7,53.35,769.7,32.13,31.45,0.0,0.0,0.0,10.0,153.0,1.0,32.1282,31.4458,-5.64102e+38,-0.04103,-0.17673,-50.0,100.0,0.01,0.0,0.1,0.05,192.366,0.946565,1.0,4095.0,0,0
23/07/25 14:49:44,1506.751,2359.0,931.0,2353.0,788.7,53.45,769.7,31.95,31.62,0.0,0.0,0.0,10.0,153.0,1.0,31.9488,31.6185,-5.64489e+38,-0.04101,-0.17731,-50.0,100.0,0.01,0.0,0.1,0.05,192.366,0.946565,1.0,4095.0,0,0
23/07/25 14:49:44,1507.578,2359.0,931.0,2357.0,788.7,53.45,769.7,31.68,31.62,0.0,0.0,0.0,10.0,153.0,1.0,31.6784,31.6185,-5.64489e+38,-0.04101,-0.17731,-50.0,100.0,0.01,0.0,0.1,0.05,192.366,0.946565,1.0,4095.0,0,0
23/07/25 14:49:45,1508.652,2363.0,934.0,2356.0,788.7,53.3,769.7,31.76,31.31,0.0,0.0,0.0,10.0,153.0,1.0,31.7648,31.3107,-5.6365e+38,-0.04104,-0.17644,-50.0,100.0,0.01,0.0,0.1,0.05,192.366,0.946565,1.0,4095.0,0,0
23/07/25 14:49:46,1509.726,2364.0,932.0,2349.0,788.7,53.4,769.7,32.11,31.34,0.0,0.0,0.0,10.0,153.0,1.0,32.1062,31.3371,-5.63258e+38,-0.04102,-0.17702,-50.0,100.0,0.01,0.0,0.1,0.05,192.366,0.946565,1.0,4095.0,0,0
23/07/25 14:49:48,1510.801,2337.0,932.0,2350.0,788.7,53.4,769.7,31.98,32.65,0.0,0.0,0.0,10.0,153.0,1.0,31.982,32.6535,-5.70258e+38,-0.04102,-0.17702,-50.0,100.0,0.01,0.0,0.1,0.05,192.366,0.946565,1.0,4095.0,0,0
23/07/25 14:49:48,1511.555,2361.0,933.0,2353.0,788.7,53.35,769.7,31.87,31.45,0.0,0.0,0.0,10.0,153.0,1.0,31.8734,31.4458,-5.64102e+38,-0.04103,-0.17673,-50.0,100.0,0.01,0.0,0.1,0.05,192.366,0.946565,1.0,4095.0,0,0
23/07/25 14:49:49,1512.637,2359.0,931.0,2335.0,788.7,53.45,769.7,32.75,31.62,0.0,0.0,0.0,10.0,153.0,1.0,32.7511,31.6185,-5.64489e+38,-0.04101,-0.17731,-50.0,100.0,0.01,0.0,0.1,0.05,192.366,0.946565,1.0,4095.0,0,0
23/07/25 14:49:50,1513.703,2359.0,934.0,2356.0,788.7,53.3,769.7,31.61,31.51,0.0,0.0,0.0,10.0,153.0,1.0,31.6142,31.5057,-5.64686e+38,-0.04104,-0.17644,-50.0,100.0,0.01,0.0,0.1,0.05,192.366,0.946565,1.0,4095.0,0,0
23/07/25 14:49:52,1514.757,2355.0,934.0,2352.0,788.7,53.3,769.7,31.92,31.7,0.0,0.0,0.0,10.0,153.0,1.0,31.9222,31.7006,-5.65723e+38,-0.04104,-0.17644,-50.0,100.0,0.01,0.0,0.1,0.05,192.366,0.946565,1.0,4095.0,0,0
23/07/25 14:49:52,1515.567,2361.0,933.0,2359.0,788.7,53.35,769.7,31.54,31.45,0.0,0.0,0.0,10.0,153.0,1.0,31.5433,31.4458,-5.64102e+38,-0.04103,-0.17673,-50.0,100.0,0.01,0.0,0.1,0.05,192.366,0.946565,1.0,4095.0,0,0
23/07/25 14:49:53,1516.614,2363.0,937.0,2356.0,788.7,53.15,769.7,31.61,31.2,0.0,0.0,0.0,10.0,153.0,1.0,31.6142,31.198,-5.63848e+38,-0.04107,-0.17557,-50.0,100.0,0.01,0.0,0.1,0.05,192.366,0.946565,1.0,4095.0,0,0
23/07/25 14:49:54,1517.694,2365.0,935.0,2358.0,788.7,53.25,769.7,31.55,31.18,0.0,0.0,0.0,10.0,153.0,1.0,31.5544,31.1757,-5.63198e+38,-0.04105,-0.17615,-50.0,100.0,0.01,0.0,0.1,0.05,192.366,0.946565,1.0,4095.0,0,0
23/07/25 14:49:56,1518.755,2360.0,935.0,2361.0,788.7,53.25,769.7,31.3,31.42,0.0,0.0,0.0,10.0,153.0,1.0,31.2954,31.4193,-5.64493e+38,-0.04105,-0.17615,-50.0,100.0,0.01,0.0,0.1,0.05,192.366,0.946565,1.0,4095.0,0,0
23/07/25 14:49:56,1519.573,2361.0,938.0,2361.0,788.7,53.1,769.7,31.3,31.26,0.0,0.0,0.0,10.0,153.0,1.0,31.2954,31.2578,-5.64431e+38,-0.04108,-0.17528,-50.0,100.0,0.01,0.0,0.1,0.05,192.366,0.946565,1.0,4095.0,0,0
23/07/25 14:49:57,1520.632,2358.0,936.0,2358.0,788.7,53.2,769.7,31.52,31.48,0.0,0.0,0.0,10.0,153.0,1.0,31.5168,31.4791,-5.65077e+38,-0.04106,-0.17586,-50.0,100.0,0.01,0.0,0.1,0.05,192.366,0.946565,1.0,4095.0,0,0
23/07/25 14:49:58,1521.7,2363.0,936.0,2360.0,788.7,53.2,769.7,31.31,31.24,0.0,0.0,0.0,10.0,153.0,1.0,31.3064,31.2356,-5.63782e+38,-0.04106,-0.17586,-50.0,100.0,0.01,0.0,0.1,0.05,192.366,0.946565,1.0,4095.0,0,0
23/07/25 14:50:00,1522.787,2360.0,939.0,2361.0,788.7,53.05,769.7,31.26,31.27,0.0,0.0,0.0,10.0,153.0,1.0,31.2578,31.2688,-5.64756e+38,-0.04109,-0.17499,-50.0,100.0,0.01,0.0,0.1,0.05,192.366,0.946565,1.0,4095.0,0,0
23/07/25 14:50:00,1523.561,2361.0,936.0,2361.0,788.7,53.2,769.7,31.33,31.33,0.0,0.0,0.0,10.0,153.0,1.0,31.333,31.333,-5.643e+38,-0.04106,-0.17586,-50.0,100.0,0.01,0.0,0.1,0.05,192.366,0.946565,1.0,4095.0,0,0
23/07/25 14:50:01,1524.634,2365.0,937.0,2359.0,788.7,53.15,769.7,31.32,31.1,0.0,0.0,0.0,10.0,153.0,1.0,31.3175,31.1006,-5.6333e+38,-0.04107,-0.17557,-50.0,100.0,0.01,0.0,0.1,0.05,192.366,0.946565,1.0,4095.0,0,0
23/07/25 14:50:02,1525.717,2364.0,939.0,2362.0,788.7,53.05,769.7,31.25,31.07,0.0,0.0,0.0,10.0,153.0,1.0,31.2467,31.0741,-5.63721e+38,-0.04109,-0.17499,-50.0,100.0,0.01,0.0,0.1,0.05,192.366,0.946565,1.0,4095.0,0,0
23/07/25 14:50:04,1526.796,2362.0,937.0,2355.0,788.7,53.15,769.7,31.59,31.25,0.0,0.0,0.0,10.0,153.0,1.0,31.5876,31.2467,-5.64107e+38,-0.04107,-0.17557,-50.0,100.0,0.01,0.0,0.1,0.05,192.366,0.946565,1.0,4095.0,0,0
23/07/25 14:50:04,1527.575,2360.0,940.0,2358.0,788.7,53.0,769.7,31.33,31.23,0.0,0.0,0.0,10.0,153.0,1.0,31.3285,31.2312,-5.64822e+38,-0.0411,-0.1747,-50.0,100.0,0.01,0.0,0.1,0.05,192.366,0.946565,1.0,4095.0,0,0
23/07/25 14:50:05,1528.644,2362.0,939.0,2362.0,788.7,53.05,769.7,31.25,31.17,0.0,0.0,0.0,10.0,153.0,1.0,31.2467,31.1715,-5.64238e+38,-0.04109,-0.17499,-50.0,100.0,0.01,0.0,0.1,0.05,192.366,0.946565,1.0,4095.0,0,0
23/07/25 14:50:06,1529.714,2363.0,938.0,2363.0,788.7,53.1,769.7,31.16,31.16,0.0,0.0,0.0,10.0,153.0,1.0,31.1604,31.1604,-5.63914e+38,-0.04108,-0.17528,-50.0,100.0,0.01,0.0,0.1,0.05,192.366,0.946565,1.0,4095.0,0,0
23/07/25 14:50:08,1530.797,2366.0,941.0,2366.0,788.7,52.95,769.7,30.9,30.9,0.0,0.0,0.0,10.0,153.0,1.0,30.9016,30.9016,-5.63335e+38,-0.04111,-0.17441,-50.0,100.0,0.01,0.0,0.1,0.05,192.366,0.946565,1.0,4095.0,0,0
23/07/25 14:50:08,1531.564,2369.0,940.0,2360.0,788.7,53.0,769.7,31.27,30.79,0.0,0.0,0.0,10.0,153.0,1.0,31.2688,30.7932,-5.62493e+38,-0.0411,-0.1747,-50.0,100.0,0.01,0.0,0.1,0.05,192.366,0.946565,1.0,4095.0,0,0
23/07/25 14:50:09,1532.626,2371.0,939.0,2365.0,788.7,53.05,769.7,31.03,30.73,0.0,0.0,0.0,10.0,153.0,1.0,31.0254,30.7334,-5.61909e+38,-0.04109,-0.17499,-50.0,100.0,0.01,0.0,0.1,0.05,192.366,0.946565,1.0,4095.0,0,0
23/07/25 14:50:10,1533.688,2364.0,942.0,2356.0,788.7,52.9,769.7,31.43,30.96,0.0,0.0,0.0,10.0,153.0,1.0,31.4258,30.9613,-5.63919e+38,-0.04112,-0.17412,-50.0,100.0,0.01,0.0,0.1,0.05,192.366,0.946565,1.0,4095.0,0,0
23/07/25 14:50:12,1534.756,2366.0,940.0,2364.0,788.7,53.0,769.7,31.07,30.94,0.0,0.0,0.0,10.0,153.0,1.0,31.0741,30.9392,-5.63269e+38,-0.0411,-0.1747,-50.0,100.0,0.01,0.0,0.1,0.05,192.366,0.946565,1.0,4095.0,0,0
23/07/25 14:50:12,1535.563,2371.0,940.0,2364.0,788.7,53.0,769.7,30.96,30.7,0.0,0.0,0.0,10.0,153.0,1.0,30.9613,30.6959,-5.61976e+38,-0.0411,-0.1747,-50.0,100.0,0.01,0.0,0.1,0.05,192.366,0.946565,1.0,4095.0,0,0
23/07/25 14:50:13,1536.637,2366.0,942.0,2366.0,788.7,52.9,769.7,30.9,30.86,0.0,0.0,0.0,10.0,153.0,1.0,30.9016,30.864,-5.63401e+38,-0.04112,-0.17412,-50.0,100.0,0.01,0.0,0.1,0.05,192.366,0.946565,1.0,4095.0,0,0
23/07/25 14:50:14,1537.713,2368.0,941.0,2362.0,788.7,52.95,769.7,31.13,30.8,0.0,0.0,0.0,10.0,153.0,1.0,31.1338,30.8043,-5.62818e+38,-0.04111,-0.17441,-50.0,100.0,0.01,0.0,0.1,0.05,192.366,0.946565,1.0,4095.0,0,0
23/07/25 14:50:16,1538.777,2370.0,941.0,2367.0,788.7,52.95,769.7,30.78,30.71,0.0,0.0,0.0,10.0,153.0,1.0,30.7778,30.707,-5.62301e+38,-0.04111,-0.17441,-50.0,100.0,0.01,0.0,0.1,0.05,192.366,0.946565,1.0,4095.0,0,0
23/07/25 14:50:16,1539.564,2373.0,943.0,2367.0,788.7,52.85,769.7,30.82,30.49,0.0,0.0,0.0,10.0,153.0,1.0,30.8154,30.486,-5.61658e+38,-0.04113,-0.17383,-50.0,100.0,0.01,0.0,0.1,0.05,192.366,0.946565,1.0,4095.0,0,0
23/07/25 14:50:17,1540.657,2368.0,942.0,2366.0,788.7,52.9,769.7,30.9,30.77,0.0,0.0,0.0,10.0,153.0,1.0,30.9016,30.7667,-5.62884e+38,-0.04112,-0.17412,-50.0,100.0,0.01,0.0,0.1,0.05,192.366,0.946565,1.0,4095.0,0,0
23/07/25 14:50:18,1541.713,2366.0,944.0,2367.0,788.7,52.8,769.7,30.74,30.79,0.0,0.0,0.0,10.0,153.0,1.0,30.7402,30.7888,-5.63533e+38,-0.04114,-0.17354,-50.0,100.0,0.01,0.0,0.1,0.05,192.366,0.946565,1.0,4095.0,0,0
23/07/25 14:50:20,1542.775,2368.0,943.0,2363.0,788.7,52.85,769.7,31.01,30.73,0.0,0.0,0.0,10.0,153.0,1.0,31.0099,30.7292,-5.6295e+38,-0.04113,-0.17383,-50.0,100.0,0.01,0.0,0.1,0.05,192.366,0.946565,1.0,4095.0,0,0
23/07/25 14:50:20,1543.563,2373.0,942.0,2364.0,788.7,52.9,769.7,30.96,30.52,0.0,0.0,0.0,10.0,153.0,1.0,30.9613,30.5235,-5.61591e+38,-0.04112,-0.17412,-50.0,100.0,0.01,0.0,0.1,0.05,192.366,0.946565,1.0,4095.0,0,0
23/07/25 14:50:21,1544.645,2372.0,943.0,2366.0,788.7,52.85,769.7,30.75,30.53,0.0,0.0,0.0,10.0,153.0,1.0,30.7512,30.5347,-5.61916e+38,-0.04113,-0.17383,-50.0,100.0,0.01,0.0,0.1,0.05,192.366,0.946565,1.0,4095.0,0,0
23/07/25 14:50:22,1545.711,2373.0,944.0,2366.0,788.7,52.8,769.7,30.86,30.45,0.0,0.0,0.0,10.0,153.0,1.0,30.864,30.4485,-5.61724e+38,-0.04114,-0.17354,-50.0,100.0,0.01,0.0,0.1,0.05,192.366,0.946565,1.0,4095.0,0,0
23/07/25 14:50:24,1546.764,2374.0,944.0,2367.0,788.7,52.8,769.7,30.74,30.4,0.0,0.0,0.0,10.0,153.0,1.0,30.7402,30.3999,-5.61465e+38,-0.04114,-0.17354,-50.0,100.0,0.01,0.0,0.1,0.05,192.366,0.946565,1.0,4095.0,0,0
23/07/25 14:50:24,1547.574,2376.0,946.0,2367.0,788.7,52.7,769.7,30.67,30.23,0.0,0.0,0.0,10.0,153.0,1.0,30.665,30.2277,-5.61082e+38,-0.04116,-0.17296,-50.0,100.0,0.01,0.0,0.1,0.05,192.366,0.946565,1.0,4095.0,0,0
23/07/25 14:50:25,1548.634,2370.0,945.0,2374.0,788.7,52.75,769.7,30.4,30.56,0.0,0.0,0.0,10.0,153.0,1.0,30.3999,30.5568,-5.62566e+38,-0.04115,-0.17325,-50.0,100.0,0.01,0.0,0.1,0.05,192.366,0.946565,1.0,4095.0,0,0
23/07/25 14:50:26,1549.706,2378.0,944.0,2368.0,788.7,52.8,769.7,30.62,30.21,0.0,0.0,0.0,10.0,153.0,1.0,30.6164,30.2055,-5.60432e+38,-0.04114,-0.17354,-50.0,100.0,0.01,0.0,0.1,0.05,192.366,0.946565,1.0,4095.0,0,0
23/07/25 14:50:28,1550.762,2371.0,948.0,2367.0,788.7,52.6,769.7,30.63,30.4,0.0,0.0,0.0,10.0,153.0,1.0,30.6274,30.3955,-5.62506e+38,-0.04118,-0.17238,-50.0,100.0,0.01,0.0,0.1,0.05,192.366,0.946565,1.0,4095.0,0,0
23/07/25 14:50:29,1551.815,2371.0,946.0,2370.0,788.7,52.7,769.7,30.59,30.47,0.0,0.0,0.0,10.0,153.0,1.0,30.5944,30.4707,-5.62373e+38,-0.04116,-0.17296,-50.0,100.0,0.01,0.0,0.1,0.05,192.366,0.946565,1.0,4095.0,0,0
23/07/25 14:50:29,1552.559,2378.0,946.0,2375.0,788.7,52.7,769.7,30.24,30.13,0.0,0.0,0.0,10.0,153.0,1.0,30.2388,30.1305,-5.60565e+38,-0.04116,-0.17296,-50.0,100.0,0.01,0.0,0.1,0.05,192.366,0.946565,1.0,4095.0,0,0
23/07/25 14:50:30,1553.637,2374.0,948.0,2376.0,788.7,52.6,769.7,30.19,30.25,0.0,0.0,0.0,10.0,153.0,1.0,30.1902,30.2498,-5.61731e+38,-0.04118,-0.17238,-50.0,100.0,0.01,0.0,0.1,0.05,192.366,0.946565,1.0,4095.0,0,0
23/07/25 14:50:31,1554.7,2368.0,946.0,2375.0,788.7,52.7,769.7,30.2,30.62,0.0,0.0,0.0,10.0,153.0,1.0,30.2013,30.6164,-5.63148e+38,-0.04116,-0.17296,-50.0,100.0,0.01,0.0,0.1,0.05,192.366,0.946565,1.0,4095.0,0,0
23/07/25 14:50:33,1555.782,2380.0,948.0,2373.0,788.7,52.6,769.7,30.19,29.96,0.0,0.0,0.0,10.0,153.0,1.0,30.1858,29.9584,-5.60182e+38,-0.04118,-0.17238,-50.0,100.0,0.01,0.0,0.1,0.05,192.366,0.946565,1.0,4095.0,0,0
23/07/25 14:50:33,1556.562,2379.0,949.0,2375.0,788.7,52.55,769.7,30.2,29.97,0.0,0.0,0.0,10.0,153.0,1.0,30.2013,29.9695,-5.60506e+38,-0.04119,-0.17209,-50.0,100.0,0.01,0.0,0.1,0.05,192.366,0.946565,1.0,4095.0,0,0
23/07/25 14:50:34,1557.623,2385.0,948.0,2382.0,788.7,52.6,769.7,29.86,29.72,0.0,0.0,0.0,10.0,153.0,1.0,29.8613,29.7156,-5.5889e+38,-0.04118,-0.17238,-50.0,100.0,0.01,0.0,0.1,0.05,192.366,0.946565,1.0,4095.0,0,0
23/07/25 14:50:35,1558.69,2381.0,950.0,2379.0,788.7,52.5,769.7,29.89,29.83,0.0,0.0,0.0,10.0,153.0,1.0,29.8946,29.835,-5.60057e+38,-0.0412,-0.1718,-50.0,100.0,0.01,0.0,0.1,0.05,192.366,0.946565,1.0,4095.0,0,0
23/07/25 14:50:37,1559.768,2381.0,950.0,2376.0,788.7,52.5,769.7,30.15,29.83,0.0,0.0,0.0,10.0,153.0,1.0,30.1527,29.835,-5.60057e+38,-0.0412,-0.1718,-50.0,100.0,0.01,0.0,0.1,0.05,192.366,0.946565,1.0,4095.0,0,0
23/07/25 14:50:37,1560.563,2390.0,949.0,2383.0,788.7,52.55,769.7,29.7,29.44,0.0,0.0,0.0,10.0,153.0,1.0,29.7004,29.4354,-5.57667e+38,-0.04119,-0.17209,-50.0,100.0,0.01,0.0,0.1,0.05,192.366,0.946565,1.0,4095.0,0,0
23/07/25 14:50:38,1561.656,2388.0,953.0,2386.0,788.7,52.35,769.7,29.48,29.38,0.0,0.0,0.0,10.0,153.0,1.0,29.48,29.383,-5.58451e+38,-0.04123,-0.17093,-50.0,100.0,0.01,0.0,0.1,0.05,192.366,0.946565,1.0,4095.0,0,0
23/07/25 14:50:39,1562.727,2387.0,952.0,2380.0,788.7,52.4,769.7,29.85,29.47,0.0,0.0,0.0,10.0,153.0,1.0,29.846,29.4689,-5.58642e+38,-0.04122,-0.17122,-50.0,100.0,0.01,0.0,0.1,0.05,192.366,0.946565,1.0,4095.0,0,0
23/07/25 14:50:41,1563.787,2381.0,951.0,2382.0,788.7,52.45,769.7,29.67,29.8,0.0,0.0,0.0,10.0,153.0,1.0,29.674,29.7975,-5.60123e+38,-0.04121,-0.17151,-50.0,100.0,0.01,0.0,0.1,0.05,192.366,0.946565,1.0,4095.0,0,0
23/07/25 14:50:41,1564.56,2389.0,954.0,2382.0,788.7,52.3,769.7,29.64,29.3,0.0,0.0,0.0,10.0,153.0,1.0,29.6366,29.2971,-5.5826e+38,-0.04124,-0.17064,-50.0,100.0,0.01,0.0,0.1,0.05,192.366,0.946565,1.0,4095.0,0,0
23/07/25 14:50:42,1565.637,2390.0,954.0,2386.0,788.7,52.3,769.7,29.52,29.25,0.0,0.0,0.0,10.0,153.0,1.0,29.5174,29.2486,-5.58003e+38,-0.04124,-0.17064,-50.0,100.0,0.01,0.0,0.1,0.05,192.366,0.946565,1.0,4095.0,0,0
23/07/25 14:50:43,1566.699,2387.0,954.0,2390.0,788.7,52.3,769.7,29.21,29.39,0.0,0.0,0.0,10.0,153.0,1.0,29.2112,29.3941,-5.58776e+38,-0.04124,-0.17064,-50.0,100.0,0.01,0.0,0.1,0.05,192.366,0.946565,1.0,4095.0,0,0
23/07/25 14:50:45,1567.781,2382.0,957.0,2384.0,788.7,52.15,769.7,29.46,29.52,0.0,0.0,0.0,10.0,153.0,1.0,29.4647,29.5241,-5.60265e+38,-0.04127,-0.16977,-50.0,100.0,0.01,0.0,0.1,0.05,192.366,0.946565,1.0,4095.0,0,0
23/07/25 14:50:45,1568.555,2387.0,955.0,2388.0,788.7,52.25,769.7,29.35,29.36,0.0,0.0,0.0,10.0,153.0,1.0,29.3456,29.3567,-5.58843e+38,-0.04125,-0.17035,-50.0,100.0,0.01,0.0,0.1,0.05,192.366,0.946565,1.0,4095.0,0,0
23/07/25 14:50:46,1569.632,2393.0,956.0,2389.0,788.7,52.2,769.7,29.15,29.03,0.0,0.0,0.0,10.0,153.0,1.0,29.1475,29.0284,-5.57363e+38,-0.04126,-0.17006,-50.0,100.0,0.01,0.0,0.1,0.05,192.366,0.946565,1.0,4095.0,0,0
23/07/25 14:50:47,1570.709,2393.0,958.0,2384.0,788.7,52.1,769.7,29.43,28.95,0.0,0.0,0.0,10.0,153.0,1.0,29.4272,28.9537,-5.57498e+38,-0.04128,-0.16948,-50.0,100.0,0.01,0.0,0.1,0.05,192.366,0.946565,1.0,4095.0,0,0
23/07/25 14:50:49,1571.764,2394.0,957.0,2386.0,788.7,52.15,769.7,29.29,28.94,0.0,0.0,0.0,10.0,153.0,1.0,29.2928,28.9426,-5.57173e+38,-0.04127,-0.16977,-50.0,100.0,0.01,0.0,0.1,0.05,192.366,0.946565,1.0,4095.0,0,0
23/07/25 14:50:49,1572.564,2395.0,960.0,2393.0,788.7,52.0,769.7,28.84,28.78,0.0,0.0,0.0,10.0,153.0,1.0,28.8416,28.7821,-5.57117e+38,-0.0413,-0.1689,-50.0,100.0,0.01,0.0,0.1,0.05,192.366,0.946565,1.0,4095.0,0,0
23/07/25 14:50:50,1573.631,2393.0,960.0,2392.0,788.7,52.0,769.7,28.96,28.88,0.0,0.0,0.0,10.0,153.0,1.0,28.9648,28.8789,-5.57632e+38,-0.0413,-0.1689,-50.0,100.0,0.01,0.0,0.1,0.05,192.366,0.946565,1.0,4095.0,0,0
23/07/25 14:50:51,1574.714,2401.0,958.0,2396.0,788.7,52.1,769.7,28.73,28.57,0.0,0.0,0.0,10.0,153.0,1.0,28.7337,28.5661,-5.55437e+38,-0.04128,-0.16948,-50.0,100.0,0.01,0.0,0.1,0.05,192.366,0.946565,1.0,4095.0,0,0
23/07/25 14:50:53,1575.779,2401.0,961.0,2398.0,788.7,51.95,769.7,28.52,28.45,0.0,0.0,0.0,10.0,153.0,1.0,28.5248,28.4542,-5.5564e+38,-0.04131,-0.16861,-50.0,100.0,0.01,0.0,0.1,0.05,192.366,0.946565,1.0,4095.0,0,0
23/07/25 14:50:53,1576.571,2396.0,962.0,2396.0,788.7,51.9,769.7,28.7,28.66,0.0,0.0,0.0,10.0,153.0,1.0,28.6963,28.659,-5.56994e+38,-0.04132,-0.16832,-50.0,100.0,0.01,0.0,0.1,0.05,192.366,0.946565,1.0,4095.0,0,0
23/07/25 14:50:54,1577.734,2400.0,961.0,2394.0,788.7,51.95,769.7,28.72,28.5,0.0,0.0,0.0,10.0,153.0,1.0,28.7184,28.5027,-5.55897e+38,-0.04131,-0.16861,-50.0,100.0,0.01,0.0,0.1,0.05,192.366,0.946565,1.0,4095.0,0,0
23/07/25 14:50:55,1578.567,2399.0,965.0,2392.0,788.7,51.75,769.7,28.74,28.4,0.0,0.0,0.0,10.0,153.0,1.0,28.7403,28.4018,-5.56424e+38,-0.04135,-0.16745,-50.0,100.0,0.01,0.0,0.1,0.05,192.366,0.946565,1.0,4095.0,0,0
23/07/25 14:50:56,1579.627,2401.0,964.0,2400.0,788.7,51.8,769.7,28.47,28.34,0.0,0.0,0.0,10.0,153.0,1.0,28.4654,28.3423,-5.55842e+38,-0.04134,-0.16774,-50.0,100.0,0.01,0.0,0.1,0.05,192.366,0.946565,1.0,4095.0,0,0
23/07/25 14:50:57,1580.685,2407.0,964.0,2397.0,788.7,51.8,769.7,28.42,28.05,0.0,0.0,0.0,10.0,153.0,1.0,28.4238,28.0521,-5.54299e+38,-0.04134,-0.16774,-50.0,100.0,0.01,0.0,0.1,0.05,192.366,0.946565,1.0,4095.0,0,0
23/07/25 14:50:59,1581.759,2405.0,967.0,2407.0,788.7,51.65,769.7,27.98,28.04,0.0,0.0,0.0,10.0,153.0,1.0,27.9776,28.037,-5.55017e+38,-0.04137,-0.16687,-50.0,100.0,0.01,0.0,0.1,0.05,192.366,0.946565,1.0,4095.0,0,0
23/07/25 14:50:59,1582.564,2407.0,966.0,2399.0,788.7,51.7,769.7,28.4,27.98,0.0,0.0,0.0,10.0,153.0,1.0,28.4018,27.9776,-5.54435e+38,-0.04136,-0.16716,-50.0,100.0,0.01,0.0,0.1,0.05,192.366,0.946565,1.0,4095.0,0,0
23/07/25 14:51:00,1583.621,2403.0,967.0,2402.0,788.7,51.65,769.7,28.11,28.13,0.0,0.0,0.0,10.0,153.0,1.0,28.1074,28.1337,-5.55531e+38,-0.04137,-0.16687,-50.0,100.0,0.01,0.0,0.1,0.05,192.366,0.946565,1.0,4095.0,0,0
23/07/25 14:51:01,1584.72,2408.0,970.0,2405.0,788.7,51.5,769.7,28.0,27.78,0.0,0.0,0.0,10.0,153.0,1.0,27.9997,27.7802,-5.54449e+38,-0.0414,-0.166,-50.0,100.0,0.01,0.0,0.1,0.05,192.366,0.946565,1.0,4095.0,0,0
23/07/25 14:51:03,1585.801,2407.0,969.0,2409.0,788.7,51.55,769.7,27.77,27.87,0.0,0.0,0.0,10.0,153.0,1.0,27.7691,27.8658,-5.54638e+38,-0.04139,-0.16629,-50.0,100.0,0.01,0.0,0.1,0.05,192.366,0.946565,1.0,4095.0,0,0
23/07/25 14:51:03,1586.586,2414.0,971.0,2410.0,788.7,51.45,769.7,27.61,27.45,0.0,0.0,0.0,10.0,153.0,1.0,27.6091,27.4532,-5.52976e+38,-0.04141,-0.16571,-50.0,100.0,0.01,0.0,0.1,0.05,192.366,0.946565,1.0,4095.0,0,0
23/07/25 14:51:04,1587.646,2417.0,972.0,2414.0,788.7,51.4,769.7,27.45,27.27,0.0,0.0,0.0,10.0,153.0,1.0,27.4532,27.2711,-5.52273e+38,-0.04142,-0.16542,-50.0,100.0,0.01,0.0,0.1,0.05,192.366,0.946565,1.0,4095.0,0,0
23/07/25 14:51:05,1588.703,2419.0,971.0,2411.0,788.7,51.45,769.7,27.56,27.21,0.0,0.0,0.0,10.0,153.0,1.0,27.5608,27.2117,-5.51692e+38,-0.04141,-0.16571,-50.0,100.0,0.01,0.0,0.1,0.05,192.366,0.946565,1.0,4095.0,0,0
23/07/25 14:51:07,1589.756,2412.0,975.0,2413.0,788.7,51.25,769.7,27.32,27.4,0.0,0.0,0.0,10.0,153.0,1.0,27.3153,27.4008,-5.53761e+38,-0.04145,-0.16455,-50.0,100.0,0.01,0.0,0.1,0.05,192.366,0.946565,1.0,4095.0,0,0
23/07/25 14:51:07,1590.563,2414.0,976.0,2409.0,788.7,51.2,769.7,27.58,27.27,0.0,0.0,0.0,10.0,153.0,1.0,27.5828,27.2671,-5.53315e+38,-0.04146,-0.16426,-50.0,100.0,0.01,0.0,0.1,0.05,192.366,0.946565,1.0,4095.0,0,0
23/07/25 14:51:08,1591.642,2423.0,973.0,2421.0,788.7,51.35,769.7,26.97,26.94,0.0,0.0,0.0,10.0,153.0,1.0,26.9665,26.9443,-5.50802e+38,-0.04143,-0.16513,-50.0,100.0,0.01,0.0,0.1,0.05,192.366,0.946565,1.0,4095.0,0,0
23/07/25 14:51:09,1592.701,2420.0,978.0,2415.0,788.7,51.1,769.7,27.14,26.9,0.0,0.0,0.0,10.0,153.0,1.0,27.1444,26.9033,-5.51913e+38,-0.04148,-0.16368,-50.0,100.0,0.01,0.0,0.1,0.05,192.366,0.946565,1.0,4095.0,0,0
23/07/25 14:51:11,1593.755,2422.0,978.0,2412.0,788.7,51.1,769.7,27.4,26.81,0.0,0.0,0.0,10.0,153.0,1.0,27.4008,26.8069,-5.514e+38,-0.04148,-0.16368,-50.0,100.0,0.01,0.0,0.1,0.05,192.366,0.946565,1.0,4095.0,0,0
23/07/25 14:51:11,1594.569,2418.0,977.0,2418.0,788.7,51.15,769.7,26.96,27.04,0.0,0.0,0.0,10.0,153.0,1.0,26.9625,27.0369,-5.52358e+38,-0.04147,-0.16397,-50.0,100.0,0.01,0.0,0.1,0.05,192.366,0.946565,1.0,4095.0,0,0
23/07/25 14:51:12,1595.639,2426.0,980.0,2420.0,788.7,51.0,769.7,26.87,26.54,0.0,0.0,0.0,10.0,153.0,1.0,26.8661,26.5398,-5.50512e+38,-0.0415,-0.1631,-50.0,100.0,0.01,0.0,0.1,0.05,192.366,0.946565,1.0,4095.0,0,0
23/07/25 14:51:13,1596.703,2420.0,980.0,2417.0,788.7,51.0,769.7,27.05,26.83,0.0,0.0,0.0,10.0,153.0,1.0,27.0479,26.8289,-5.52049e+38,-0.0415,-0.1631,-50.0,100.0,0.01,0.0,0.1,0.05,192.366,0.946565,1.0,4095.0,0,0
23/07/25 14:51:15,1597.78,2419.0,981.0,2416.0,788.7,50.95,769.7,26.95,26.84,0.0,0.0,0.0,10.0,153.0,1.0,26.9472,26.8399,-5.52374e+38,-0.04151,-0.16281,-50.0,100.0,0.01,0.0,0.1,0.05,192.366,0.946565,1.0,4095.0,0,0
23/07/25 14:51:15,1598.565,2430.0,983.0,2424.0,788.7,50.85,769.7,26.6,26.24,0.0,0.0,0.0,10.0,153.0,1.0,26.599,26.2358,-5.49693e+38,-0.04153,-0.16223,-50.0,100.0,0.01,0.0,0.1,0.05,192.366,0.946565,1.0,4095.0,0,0
23/07/25 14:51:16,1599.641,2422.0,981.0,2420.0,788.7,50.95,769.7,26.75,26.7,0.0,0.0,0.0,10.0,153.0,1.0,26.7545,26.6954,-5.51605e+38,-0.04151,-0.16281,-50.0,100.0,0.01,0.0,0.1,0.05,192.366,0.946565,1.0,4095.0,0,0
23/07/25 14:51:17,1600.709,2428.0,984.0,2431.0,788.7,50.8,769.7,26.11,26.29,0.0,0.0,0.0,10.0,153.0,1.0,26.1134,26.295,-5.50274e+38,-0.04154,-0.16194,-50.0,100.0,0.01,0.0,0.1,0.05,192.366,0.946565,1.0,4095.0,0,0
23/07/25 14:51:19,1601.769,2426.0,985.0,2423.0,788.7,50.75,769.7,26.54,26.35,0.0,0.0,0.0,10.0,153.0,1.0,26.5357,26.3541,-5.50854e+38,-0.04155,-0.16165,-50.0,100.0,0.01,0.0,0.1,0.05,192.366,0.946565,1.0,4095.0,0,0
23/07/25 14:51:19,1602.574,2429.0,984.0,2427.0,788.7,50.8,769.7,26.31,26.25,0.0,0.0,0.0,10.0,153.0,1.0,26.306,26.2468,-5.50018e+38,-0.04154,-0.16194,-50.0,100.0,0.01,0.0,0.1,0.05,192.366,0.946565,1.0,4095.0,0,0
23/07/25 14:51:20,1603.647,2428.0,988.0,2427.0,788.7,50.6,769.7,26.16,26.15,0.0,0.0,0.0,10.0,153.0,1.0,26.1574,26.1464,-5.50547e+38,-0.04158,-0.16078,-50.0,100.0,0.01,0.0,0.1,0.05,192.366,0.946565,1.0,4095.0,0,0
23/07/25 14:51:21,1604.708,2440.0,988.0,2430.0,788.7,50.6,769.7,26.09,25.57,0.0,0.0,0.0,10.0,153.0,1.0,26.0873,25.5692,-5.47478e+38,-0.04158,-0.16078,-50.0,100.0,0.01,0.0,0.1,0.05,192.366,0.946565,1.0,4095.0,0,0
23/07/25 14:51:23,1605.779,2432.0,988.0,2430.0,788.7,50.6,769.7,26.05,25.95,0.0,0.0,0.0,10.0,153.0,1.0,26.0502,25.954,-5.49524e+38,-0.04158,-0.16078,-50.0,100.0,0.01,0.0,0.1,0.05,192.366,0.946565,1.0,4095.0,0,0
23/07/25 14:51:23,1606.561,2433.0,991.0,2429.0,788.7,50.45,769.7,25.95,25.79,0.0,0.0,0.0,10.0,153.0,1.0,25.9497,25.7946,-5.49474e+38,-0.04161,-0.15991,-50.0,100.0,0.01,0.0,0.1,0.05,192.366,0.946565,1.0,4095.0,0,0
23/07/25 14:51:24,1607.627,2434.0,990.0,2433.0,788.7,50.5,769.7,25.87,25.78,0.0,0.0,0.0,10.0,153.0,1.0,25.8688,25.7837,-5.4915e+38,-0.0416,-0.1602,-50.0,100.0,0.01,0.0,0.1,0.05,192.366,0.946565,1.0,4095.0,0,0
23/07/25 14:51:25,1608.7,2436.0,991.0,2436.0,788.7,50.45,769.7,25.61,25.65,0.0,0.0,0.0,10.0,153.0,1.0,25.6134,25.6504,-5.48708e+38,-0.04161,-0.15991,-50.0,100.0,0.01,0.0,0.1,0.05,192.366,0.946565,1.0,4095.0,0,0
23/07/25 14:51:27,1609.777,2440.0,995.0,2429.0,788.7,50.25,769.7,25.88,25.31,0.0,0.0,0.0,10.0,153.0,1.0,25.8754,25.31,-5.47961e+38,-0.04165,-0.15875,-50.0,100.0,0.01,0.0,0.1,0.05,192.366,0.946565,1.0,4095.0,0,0
23/07/25 14:51:28,1610.806,2444.0,993.0,2435.0,788.7,50.35,769.7,25.66,25.19,0.0,0.0,0.0,10.0,153.0,1.0,25.6614,25.192,-5.46802e+38,-0.04163,-0.15933,-50.0,100.0,0.01,0.0,0.1,0.05,192.366,0.946565,1.0,4095.0,0,0
23/07/25 14:51:28,1611.563,2436.0,997.0,2437.0,788.7,50.15,769.7,25.38,25.43,0.0,0.0,0.0,10.0,153.0,1.0,25.3799,25.4279,-5.4912e+38,-0.04167,-0.15817,-50.0,100.0,0.01,0.0,0.1,0.05,192.366,0.946565,1.0,4095.0,0,0
23/07/25 14:51:29,1612.623,2439.0,998.0,2438.0,788.7,50.1,769.7,25.37,25.25,0.0,0.0,0.0,10.0,153.0,1.0,25.369,25.2468,-5.48423e+38,-0.04168,-0.15788,-50.0,100.0,0.01,0.0,0.1,0.05,192.366,0.946565,1.0,4095.0,0,0
23/07/25 14:51:30,1613.69,2444.0,996.0,2439.0,788.7,50.2,769.7,25.36,25.08,0.0,0.0,0.0,10.0,153.0,1.0,25.3581,25.081,-5.47009e+38,-0.04166,-0.15846,-50.0,100.0,0.01,0.0,0.1,0.05,192.366,0.946565,1.0,4095.0,0,0
23/07/25 14:51:32,1614.759,2447.0,997.0,2443.0,788.7,50.15,769.7,24.98,24.9,0.0,0.0,0.0,10.0,153.0,1.0,24.9808,24.9,-5.46312e+38,-0.04167,-0.15817,-50.0,100.0,0.01,0.0,0.1,0.05,192.366,0.946565,1.0,4095.0,0,0
23/07/25 14:51:32,1615.558,2443.0,999.0,2437.0,788.7,50.05,769.7,25.34,25.02,0.0,0.0,0.0,10.0,153.0,1.0,25.3428,25.0179,-5.47471e+38,-0.04169,-0.15759,-50.0,100.0,0.01,0.0,0.1,0.05,192.366,0.946565,1.0,4095.0,0,0
23/07/25 14:51:33,1616.616,2441.0,997.0,2443.0,788.7,50.15,769.7,25.02,25.19,0.0,0.0,0.0,10.0,153.0,1.0,25.0179,25.1879,-5.47844e+38,-0.04167,-0.15817,-50.0,100.0,0.01,0.0,0.1,0.05,192.366,0.946565,1.0,4095.0,0,0
23/07/25 14:51:34,1617.687,2443.0,1001.0,2441.0,788.7,49.95,769.7,25.0,24.94,0.0,0.0,0.0,10.0,153.0,1.0,25.0026,24.9438,-5.47609e+38,-0.04171,-0.15701,-50.0,100.0,0.01,0.0,0.1,0.05,192.366,0.946565,1.0,4095.0,0,0
23/07/25 14:51:36,1618.746,2445.0,1003.0,2443.0,788.7,49.85,769.7,24.94,24.77,0.0,0.0,0.0,10.0,153.0,1.0,24.9438,24.7738,-5.47237e+38,-0.04173,-0.15643,-50.0,100.0,0.01,0.0,0.1,0.05,192.366,0.946565,1.0,4095.0,0,0
23/07/25 14:51:36,1619.569,2450.0,1001.0,2446.0,788.7,49.95,769.7,24.76,24.61,0.0,0.0,0.0,10.0,153.0,1.0,24.7629,24.6081,-5.45824e+38,-0.04171,-0.15701,-50.0,100.0,0.01,0.0,0.1,0.05,192.366,0.946565,1.0,4095.0,0,0
23/07/25 14:51:37,1620.637,2446.0,1005.0,2444.0,788.7,49.75,769.7,24.75,24.65,0.0,0.0,0.0,10.0,153.0,1.0,24.7476,24.6518,-5.4712e+38,-0.04175,-0.15585,-50.0,100.0,0.01,0.0,0.1,0.05,192.366,0.946565,1.0,4095.0,0,0
23/07/25 14:51:38,1621.707,2451.0,1005.0,2443.0,788.7,49.75,769.7,24.87,24.41,0.0,0.0,0.0,10.0,153.0,1.0,24.8697,24.4123,-5.45846e+38,-0.04175,-0.15585,-50.0,100.0,0.01,0.0,0.1,0.05,192.366,0.946565,1.0,4095.0,0,0
23/07/25 14:51:40,1622.799,2451.0,1004.0,2445.0,788.7,49.8,769.7,24.7,24.45,0.0,0.0,0.0,10.0,153.0,1.0,24.6997,24.4493,-5.45777e+38,-0.04174,-0.15614,-50.0,100.0,0.01,0.0,0.1,0.05,192.366,0.946565,1.0,4095.0,0,0
23/07/25 14:51:40,1623.577,2448.0,1008.0,2444.0,788.7,49.6,769.7,24.67,24.44,0.0,0.0,0.0,10.0,153.0,1.0,24.6735,24.4449,-5.46817e+38,-0.04178,-0.15498,-50.0,100.0,0.01,0.0,0.1,0.05,192.366,0.946565,1.0,4095.0,0,0
23/07/25 14:51:41,1624.639,2451.0,1000.0,2442.0,788.7,50.0,769.7,25.1,24.6,0.0,0.0,0.0,10.0,153.0,1.0,25.1029,24.5971,-5.455e+38,-0.0417,-0.1573,-50.0,100.0,0.01,0.0,0.1,0.05,192.366,0.946565,1.0,4095.0,0,0
23/07/25 14:51:42,1625.697,2455.0,1002.0,2453.0,788.7,49.9,769.7,24.35,24.33,0.0,0.0,0.0,10.0,153.0,1.0,24.3534,24.3315,-5.44619e+38,-0.04172,-0.15672,-50.0,100.0,0.01,0.0,0.1,0.05,192.366,0.946565,1.0,4095.0,0,0
23/07/25 14:51:44,1626.766,2451.0,1007.0,2449.0,788.7,49.65,769.7,24.55,24.34,0.0,0.0,0.0,10.0,153.0,1.0,24.5451,24.3383,-5.45985e+38,-0.04177,-0.15527,-50.0,100.0,0.01,0.0,0.1,0.05,192.366,0.946565,1.0,4095.0,0,0
23/07/25 14:51:44,1627.566,2454.0,998.0,2449.0,788.7,50.1,769.7,24.77,24.53,0.0,0.0,0.0,10.0,153.0,1.0,24.767,24.5271,-5.44596e+38,-0.04168,-0.15788,-50.0,100.0,0.01,0.0,0.1,0.05,192.366,0.946565,1.0,4095.0,0,0
23/07/25 14:51:45,1628.626,2451.0,994.0,2454.0,788.7,50.3,769.7,24.56,24.82,0.0,0.0,0.0,10.0,153.0,1.0,24.564,24.8187,-5.45083e+38,-0.04164,-0.15904,-50.0,100.0,0.01,0.0,0.1,0.05,192.366,0.946565,1.0,4095.0,0,0
23/07/25 14:51:46,1629.697,2458.0,1001.0,2450.0,788.7,49.95,769.7,24.68,24.22,0.0,0.0,0.0,10.0,153.0,1.0,24.6821,24.2245,-5.43785e+38,-0.04171,-0.15701,-50.0,100.0,0.01,0.0,0.1,0.05,192.366,0.946565,1.0,4095.0,0,0
23/07/25 14:51:48,1630.759,2456.0,1003.0,2452.0,788.7,49.85,769.7,24.48,24.25,0.0,0.0,0.0,10.0,153.0,1.0,24.4753,24.2466,-5.44434e+38,-0.04173,-0.15643,-50.0,100.0,0.01,0.0,0.1,0.05,192.366,0.946565,1.0,4095.0,0,0
23/07/25 14:51:48,1631.566,2456.0,1008.0,2453.0,788.7,49.6,769.7,24.17,24.06,0.0,0.0,0.0,10.0,153.0,1.0,24.1686,24.062,-5.44781e+38,-0.04178,-0.15498,-50.0,100.0,0.01,0.0,0.1,0.05,192.366,0.946565,1.0,4095.0,0,0
23/07/25 14:51:49,1632.63,2451.0,1010.0,2449.0,788.7,49.5,769.7,24.4,24.23,0.0,0.0,0.0,10.0,153.0,1.0,24.397,24.2273,-5.46192e+38,-0.0418,-0.1544,-50.0,100.0,0.01,0.0,0.1,0.05,192.366,0.946565,1.0,4095.0,0,0
23/07/25 14:51:50,1633.705,2460.0,1008.0,2458.0,788.7,49.6,769.7,23.93,23.87,0.0,0.0,0.0,10.0,153.0,1.0,23.9293,23.8705,-5.43763e+38,-0.04178,-0.15498,-50.0,100.0,0.01,0.0,0.1,0.05,192.366,0.946565,1.0,4095.0,0,0
23/07/25 14:51:52,1634.769,2463.0,1012.0,2460.0,788.7,49.4,769.7,23.72,23.58,0.0,0.0,0.0,10.0,153.0,1.0,23.7228,23.5794,-5.43279e+38,-0.04182,-0.15382,-50.0,100.0,0.01,0.0,0.1,0.05,192.366,0.946565,1.0,4095.0,0,0
23/07/25 14:51:52,1635.573,2458.0,1013.0,2452.0,788.7,49.35,769.7,24.18,23.78,0.0,0.0,0.0,10.0,153.0,1.0,24.1794,23.7815,-5.44619e+38,-0.04183,-0.15353,-50.0,100.0,0.01,0.0,0.1,0.05,192.366,0.946565,1.0,4095.0,0,0
23/07/25 14:51:53,1636.626,2459.0,1011.0,2454.0,788.7,49.45,769.7,24.05,23.81,0.0,0.0,0.0,10.0,153.0,1.0,24.0468,23.8076,-5.44226e+38,-0.04181,-0.15411,-50.0,100.0,0.01,0.0,0.1,0.05,192.366,0.946565,1.0,4095.0,0,0
23/07/25 14:51:54,1637.697,2460.0,1015.0,2455.0,788.7,49.25,769.7,23.89,23.61,0.0,0.0,0.0,10.0,153.0,1.0,23.888,23.612,-5.4425e+38,-0.04185,-0.15295,-50.0,100.0,0.01,0.0,0.1,0.05,192.366,0.946565,1.0,4095.0,0,0
23/07/25 14:51:56,1638.809,2461.0,1015.0,2457.0,788.7,49.25,769.7,23.87,23.56,0.0,0.0,0.0,10.0,153.0,1.0,23.8663,23.5642,-5.43996e+38,-0.04185,-0.15295,-50.0,100.0,0.01,0.0,0.1,0.05,192.366,0.946565,1.0,4095.0,0,0
23/07/25 14:51:56,1639.565,2458.0,1015.0,2455.0,788.7,49.25,769.7,23.81,23.71,0.0,0.0,0.0,10.0,153.0,1.0,23.814,23.7076,-5.44758e+38,-0.04185,-0.15295,-50.0,100.0,0.01,0.0,0.1,0.05,192.366,0.946565,1.0,4095.0,0,0
23/07/25 14:51:57,1640.628,2459.0,1018.0,2453.0,788.7,49.1,769.7,23.87,23.55,0.0,0.0,0.0,10.0,153.0,1.0,23.8725,23.5489,-5.44712e+38,-0.04188,-0.15208,-50.0,100.0,0.01,0.0,0.1,0.05,192.366,0.946565,1.0,4095.0,0,0
23/07/25 14:51:58,1641.691,2457.0,1016.0,2452.0,788.7,49.2,769.7,23.99,23.72,0.0,0.0,0.0,10.0,153.0,1.0,23.9943,23.7184,-5.45081e+38,-0.04186,-0.15266,-50.0,100.0,0.01,0.0,0.1,0.05,192.366,0.946565,1.0,4095.0,0,0
23/07/25 14:52:00,1642.779,2467.0,1019.0,2460.0,788.7,49.05,769.7,23.39,23.13,0.0,0.0,0.0,10.0,153.0,1.0,23.3902,23.13,-5.4275e+38,-0.04189,-0.15179,-50.0,100.0,0.01,0.0,0.1,0.05,192.366,0.946565,1.0,4095.0,0,0
23/07/25 14:52:00,1643.561,2461.0,1022.0,2461.0,788.7,48.9,769.7,23.38,23.31,0.0,0.0,0.0,10.0,153.0,1.0,23.3795,23.3055,-5.44481e+38,-0.04192,-0.15092,-50.0,100.0,0.01,0.0,0.1,0.05,192.366,0.946565,1.0,4095.0,0,0
23/07/25 14:52:01,1644.628,2461.0,1019.0,2459.0,788.7,49.05,769.7,23.51,23.42,0.0,0.0,0.0,10.0,153.0,1.0,23.5119,23.4164,-5.44273e+38,-0.04189,-0.15179,-50.0,100.0,0.01,0.0,0.1,0.05,192.366,0.946565,1.0,4095.0,0,0
23/07/25 14:52:02,1645.705,2463.0,1020.0,2463.0,788.7,49.0,769.7,23.21,23.28,0.0,0.0,0.0,10.0,153.0,1.0,23.2101,23.284,-5.43835e+38,-0.0419,-0.1515,-50.0,100.0,0.01,0.0,0.1,0.05,192.366,0.946565,1.0,4095.0,0,0
23/07/25 14:52:04,1646.749,2465.0,1022.0,2459.0,788.7,48.9,769.7,23.47,23.11,0.0,0.0,0.0,10.0,153.0,1.0,23.4749,23.1147,-5.43467e+38,-0.04192,-0.15092,-50.0,100.0,0.01,0.0,0.1,0.05,192.366,0.946565,1.0,4095.0,0,0
23/07/25 14:52:05,1647.822,2465.0,1021.0,2462.0,788.7,48.95,769.7,23.29,23.15,0.0,0.0,0.0,10.0,153.0,1.0,23.2948,23.1516,-5.43397e+38,-0.04191,-0.15121,-50.0,100.0,0.01,0.0,0.1,0.05,192.366,0.946565,1.0,4095.0,0,0
23/07/25 14:52:05,1648.596,2461.0,1023.0,2461.0,788.7,48.85,769.7,23.23,23.27,0.0,0.0,0.0,10.0,153.0,1.0,23.2316,23.2686,-5.4455e+38,-0.04193,-0.15063,-50.0,100.0,0.01,0.0,0.1,0.05,192.366,0.946565,1.0,4095.0,0,0
23/07/25 14:52:06,1649.674,2462.0,1023.0,2456.0,788.7,48.85,769.7,23.54,23.22,0.0,0.0,0.0,10.0,153.0,1.0,23.5441,23.2209,-5.44297e+38,-0.04193,-0.15063,-50.0,100.0,0.01,0.0,0.1,0.05,192.366,0.946565,1.0,4095.0,0,0
23/07/25 14:52:08,1650.757,2466.0,1022.0,2461.0,788.7,48.9,769.7,23.27,23.07,0.0,0.0,0.0,10.0,153.0,1.0,23.2686,23.067,-5.43213e+38,-0.04192,-0.15092,-50.0,100.0,0.01,0.0,0.1,0.05,192.366,0.946565,1.0,4095.0,0,0
23/07/25 14:52:08,1651.563,2465.0,1026.0,2462.0,788.7,48.7,769.7,23.15,22.97,0.0,0.0,0.0,10.0,153.0,1.0,23.1469,22.9669,-5.43744e+38,-0.04196,-0.14976,-50.0,100.0,0.01,0.0,0.1,0.05,192.366,0.946565,1.0,4095.0,0,0
23/07/25 14:52:09,1652.631,2463.0,1025.0,2466.0,788.7,48.75,769.7,23.03,23.1,0.0,0.0,0.0,10.0,153.0,1.0,23.0301,23.0992,-5.44182e+38,-0.04195,-0.15005,-50.0,100.0,0.01,0.0,0.1,0.05,192.366,0.946565,1.0,4095.0,0,0
23/07/25 14:52:10,1653.707,2464.0,1025.0,2460.0,788.7,48.75,769.7,23.21,23.05,0.0,0.0,0.0,10.0,153.0,1.0,23.2053,23.0516,-5.43928e+38,-0.04195,-0.15005,-50.0,100.0,0.01,0.0,0.1,0.05,192.366,0.946565,1.0,4095.0,0,0
23/07/25 14:52:12,1654.771,2464.0,1030.0,2462.0,788.7,48.5,769.7,23.04,22.87,0.0,0.0,0.0,10.0,153.0,1.0,23.0359,22.8667,-5.44275e+38,-0.042,-0.1486,-50.0,100.0,0.01,0.0,0.1,0.05,192.366,0.946565,1.0,4095.0,0,0
23/07/25 14:52:12,1655.573,2466.0,1027.0,2462.0,788.7,48.65,769.7,23.07,22.88,0.0,0.0,0.0,10.0,153.0,1.0,23.0729,22.8823,-5.4356e+38,-0.04197,-0.14947,-50.0,100.0,0.01,0.0,0.1,0.05,192.366,0.946565,1.0,4095.0,0,0
23/07/25 14:52:13,1656.642,2470.0,1027.0,2465.0,788.7,48.65,769.7,22.86,22.69,0.0,0.0,0.0,10.0,153.0,1.0,22.856,22.6917,-5.42547e+38,-0.04197,-0.14947,-50.0,100.0,0.01,0.0,0.1,0.05,192.366,0.946565,1.0,4095.0,0,0
23/07/25 14:52:14,1657.701,2467.0,1031.0,2465.0,788.7,48.45,769.7,22.82,22.69,0.0,0.0,0.0,10.0,153.0,1.0,22.8191,22.6869,-5.43584e+38,-0.04201,-0.14831,-50.0,100.0,0.01,0.0,0.1,0.05,192.366,0.946565,1.0,4095.0,0,0
23/07/25 14:52:16,1658.765,2466.0,1028.0,2468.0,788.7,48.6,769.7,22.75,22.85,0.0,0.0,0.0,10.0,153.0,1.0,22.7501,22.8454,-5.4363e+38,-0.04198,-0.14918,-50.0,100.0,0.01,0.0,0.1,0.05,192.366,0.946565,1.0,4095.0,0,0
23/07/25 14:52:16,1659.56,2473.0,1030.0,2468.0,788.7,48.5,769.7,22.6,22.44,0.0,0.0,0.0,10.0,153.0,1.0,22.6023,22.4381,-5.41996e+38,-0.042,-0.1486,-50.0,100.0,0.01,0.0,0.1,0.05,192.366,0.946565,1.0,4095.0,0,0
23/07/25 14:52:17,1660.638,2469.0,1033.0,2466.0,788.7,48.35,769.7,22.77,22.52,0.0,0.0,0.0,10.0,153.0,1.0,22.7714,22.5177,-5.43217e+38,-0.04203,-0.14773,-50.0,100.0,0.01,0.0,0.1,0.05,192.366,0.946565,1.0,4095.0,0,0
23/07/25 14:52:18,1661.699,2471.0,1030.0,2473.0,788.7,48.5,769.7,22.4,22.53,0.0,0.0,0.0,10.0,153.0,1.0,22.4012,22.5333,-5.42502e+38,-0.042,-0.1486,-50.0,100.0,0.01,0.0,0.1,0.05,192.366,0.946565,1.0,4095.0,0,0
23/07/25 14:52:20,1662.762,2478.0,1034.0,2463.0,788.7,48.3,769.7,22.73,22.05,0.0,0.0,0.0,10.0,153.0,1.0,22.7292,22.0526,-5.4101e+38,-0.04204,-0.14744,-50.0,100.0,0.01,0.0,0.1,0.05,192.366,0.946565,1.0,4095.0,0,0
23/07/25 14:52:20,1663.564,2465.0,1035.0,2464.0,788.7,48.25,769.7,22.76,22.63,0.0,0.0,0.0,10.0,153.0,1.0,22.7557,22.6341,-5.44367e+38,-0.04205,-0.14715,-50.0,100.0,0.01,0.0,0.1,0.05,192.366,0.946565,1.0,4095.0,0,0
23/07/25 14:52:21,1664.643,2473.0,1032.0,2468.0,788.7,48.4,769.7,22.6,22.36,0.0,0.0,0.0,10.0,153.0,1.0,22.6023,22.3643,-5.42135e+38,-0.04202,-0.14802,-50.0,100.0,0.01,0.0,0.1,0.05,192.366,0.946565,1.0,4095.0,0,0
23/07/25 14:52:22,1665.699,2475.0,1035.0,2469.0,788.7,48.25,769.7,22.41,22.16,0.0,0.0,0.0,10.0,153.0,1.0,22.4069,22.1584,-5.41838e+38,-0.04205,-0.14715,-50.0,100.0,0.01,0.0,0.1,0.05,192.366,0.946565,1.0,4095.0,0,0
23/07/25 14:52:24,1666.767,2472.0,1036.0,2466.0,788.7,48.2,769.7,22.66,22.26,0.0,0.0,0.0,10.0,153.0,1.0,22.6605,22.2642,-5.42666e+38,-0.04206,-0.14686,-50.0,100.0,0.01,0.0,0.1,0.05,192.366,0.946565,1.0,4095.0,0,0
23/07/25 14:52:24,1667.567,2472.0,1034.0,2469.0,788.7,48.3,769.7,22.41,22.34,0.0,0.0,0.0,10.0,153.0,1.0,22.4069,22.3381,-5.42527e+38,-0.04204,-0.14744,-50.0,100.0,0.01,0.0,0.1,0.05,192.366,0.946565,1.0,4095.0,0,0
23/07/25 14:52:25,1668.637,2473.0,1039.0,2468.0,788.7,48.05,769.7,22.38,22.11,0.0,0.0,0.0,10.0,153.0,1.0,22.3804,22.1058,-5.42622e+38,-0.04209,-0.14599,-50.0,100.0,0.01,0.0,0.1,0.05,192.366,0.946565,1.0,4095.0,0,0
23/07/25 14:52:26,1669.705,2473.0,1036.0,2471.0,788.7,48.2,769.7,22.35,22.22,0.0,0.0,0.0,10.0,153.0,1.0,22.3487,22.2167,-5.42414e+38,-0.04206,-0.14686,-50.0,100.0,0.01,0.0,0.1,0.05,192.366,0.946565,1.0,4095.0,0,0
23/07/25 14:52:28,1670.753,2471.0,1036.0,2469.0,788.7,48.2,769.7,22.33,22.31,0.0,0.0,0.0,10.0,153.0,1.0,22.3329,22.3118,-5.42919e+38,-0.04206,-0.14686,-50.0,100.0,0.01,0.0,0.1,0.05,192.366,0.946565,1.0,4095.0,0,0
23/07/25 14:52:29,1671.789,2475.0,1040.0,2470.0,788.7,48.0,769.7,22.29,21.97,0.0,0.0,0.0,10.0,153.0,1.0,22.2854,21.9739,-5.42186e+38,-0.0421,-0.1457,-50.0,100.0,0.01,0.0,0.1,0.05,192.366,0.946565,1.0,4095.0,0,0
23/07/25 14:52:29,1672.566,2472.0,1037.0,2471.0,788.7,48.15,769.7,22.27,22.23,0.0,0.0,0.0,10.0,153.0,1.0,22.2748,22.2273,-5.42736e+38,-0.04207,-0.14657,-50.0,100.0,0.01,0.0,0.1,0.05,192.366,0.946565,1.0,4095.0,0,0
23/07/25 14:52:30,1673.627,2476.0,1039.0,2471.0,788.7,48.05,769.7,22.09,21.96,0.0,0.0,0.0,10.0,153.0,1.0,22.0899,21.9633,-5.41864e+38,-0.04209,-0.14599,-50.0,100.0,0.01,0.0,0.1,0.05,192.366,0.946565,1.0,4095.0,0,0
23/07/25 14:52:31,1674.71,2474.0,1038.0,2472.0,788.7,48.1,769.7,22.23,22.1,0.0,0.0,0.0,10.0,153.0,1.0,22.2273,22.0953,-5.423e+38,-0.04208,-0.14628,-50.0,100.0,0.01,0.0,0.1,0.05,192.366,0.946565,1.0,4095.0,0,0
23/07/25 14:52:33,1675.813,2477.0,1035.0,2475.0,788.7,48.25,769.7,22.2,22.06,0.0,0.0,0.0,10.0,153.0,1.0,22.1953,22.0633,-5.41333e+38,-0.04205,-0.14715,-50.0,100.0,0.01,0.0,0.1,0.05,192.366,0.946565,1.0,4095.0,0,0
23/07/25 14:52:33,1676.577,2477.0,1038.0,2470.0,788.7,48.1,769.7,22.29,21.95,0.0,0.0,0.0,10.0,153.0,1.0,22.2854,21.9527,-5.41542e+38,-0.04208,-0.14628,-50.0,100.0,0.01,0.0,0.1,0.05,192.366,0.946565,1.0,4095.0,0,0
23/07/25 14:52:34,1677.629,2477.0,1041.0,2471.0,788.7,47.95,769.7,22.24,21.84,0.0,0.0,0.0,10.0,153.0,1.0,22.2378,21.842,-5.41751e+38,-0.04211,-0.14541,-50.0,100.0,0.01,0.0,0.1,0.05,192.366,0.946565,1.0,4095.0,0,0
23/07/25 14:52:35,1678.696,2474.0,1038.0,2468.0,788.7,48.1,769.7,22.34,22.1,0.0,0.0,0.0,10.0,153.0,1.0,22.3434,22.0953,-5.423e+38,-0.04208,-0.14628,-50.0,100.0,0.01,0.0,0.1,0.05,192.366,0.946565,1.0,4095.0,0,0
23/07/25 14:52:37,1679.761,2476.0,1041.0,2476.0,788.7,47.95,769.7,21.78,21.89,0.0,0.0,0.0,10.0,153.0,1.0,21.7787,21.8895,-5.42003e+38,-0.04211,-0.14541,-50.0,100.0,0.01,0.0,0.1,0.05,192.366,0.946565,1.0,4095.0,0,0
23/07/25 14:52:37,1680.563,2478.0,1045.0,2472.0,788.7,47.75,769.7,22.04,21.65,0.0,0.0,0.0,10.0,153.0,1.0,22.0425,21.6468,-5.41776e+38,-0.04215,-0.14425,-50.0,100.0,0.01,0.0,0.1,0.05,192.366,0.946565,1.0,4095.0,0,0
23/07/25 14:52:38,1681.618,2476.0,1042.0,2471.0,788.7,47.9,769.7,22.05,21.85,0.0,0.0,0.0,10.0,153.0,1.0,22.0529,21.8525,-5.42073e+38,-0.04212,-0.14512,-50.0,100.0,0.01,0.0,0.1,0.05,192.366,0.946565,1.0,4095.0,0,0
23/07/25 14:52:39,1682.682,2482.0,1045.0,2477.0,788.7,47.75,769.7,21.69,21.46,0.0,0.0,0.0,10.0,153.0,1.0,21.6943,21.457,-5.40767e+38,-0.04215,-0.14425,-50.0,100.0,0.01,0.0,0.1,0.05,192.366,0.946565,1.0,4095.0,0,0
23/07/25 14:52:41,1683.763,2475.0,1046.0,2471.0,788.7,47.7,769.7,22.05,21.75,0.0,0.0,0.0,10.0,153.0,1.0,22.0529,21.7522,-5.42603e+38,-0.04216,-0.14396,-50.0,100.0,0.01,0.0,0.1,0.05,192.366,0.946565,1.0,4095.0,0,0
23/07/25 14:52:41,1684.564,2474.0,1043.0,2471.0,788.7,47.85,769.7,21.9,21.91,0.0,0.0,0.0,10.0,153.0,1.0,21.9049,21.9105,-5.42647e+38,-0.04213,-0.14483,-50.0,100.0,0.01,0.0,0.1,0.05,192.366,0.946565,1.0,4095.0,0,0
23/07/25 14:52:42,1685.621,2484.0,1047.0,2474.0,788.7,47.65,769.7,21.84,21.29,0.0,0.0,0.0,10.0,153.0,1.0,21.8366,21.2884,-5.40402e+38,-0.04217,-0.14367,-50.0,100.0,0.01,0.0,0.1,0.05,192.366,0.946565,1.0,4095.0,0,0
23/07/25 14:52:43,1686.667,2479.0,1046.0,2477.0,788.7,47.7,769.7,21.73,21.56,0.0,0.0,0.0,10.0,153.0,1.0,21.7312,21.5624,-5.41594e+38,-0.04216,-0.14396,-50.0,100.0,0.01,0.0,0.1,0.05,192.366,0.946565,1.0,4095.0,0,0
23/07/25 14:52:44,1687.723,2478.0,1046.0,2474.0,788.7,47.7,769.7,21.73,21.61,0.0,0.0,0.0,10.0,153.0,1.0,21.7257,21.6099,-5.41846e+38,-0.04216,-0.14396,-50.0,100.0,0.01,0.0,0.1,0.05,192.366,0.946565,1.0,4095.0,0,0
23/07/25 14:52:46,1688.782,2481.0,1048.0,2476.0,788.7,47.6,769.7,21.67,21.39,0.0,0.0,0.0,10.0,153.0,1.0,21.6678,21.3937,-5.41228e+38,-0.04218,-0.14338,-50.0,100.0,0.01,0.0,0.1,0.05,192.366,0.946565,1.0,4095.0,0,0
23/07/25 14:52:46,1689.564,2483.0,1046.0,2478.0,788.7,47.7,769.7,21.65,21.37,0.0,0.0,0.0,10.0,153.0,1.0,21.6468,21.3727,-5.40585e+38,-0.04216,-0.14396,-50.0,100.0,0.01,0.0,0.1,0.05,192.366,0.946565,1.0,4095.0,0,0
23/07/25 14:52:47,1690.626,2478.0,1039.0,2479.0,788.7,48.05,769.7,21.75,21.87,0.0,0.0,0.0,10.0,153.0,1.0,21.747,21.8683,-5.41359e+38,-0.04209,-0.14599,-50.0,100.0,0.01,0.0,0.1,0.05,192.366,0.946565,1.0,4095.0,0,0
23/07/25 14:52:49,1691.997,2486.0,1031.0,2480.0,788.7,48.45,769.7,22.1,21.78,0.0,0.0,0.0,10.0,153.0,1.0,22.1048,21.7823,-5.38775e+38,-0.04201,-0.14831,-50.0,100.0,0.01,0.0,0.1,0.05,192.366,0.946565,1.0,4095.0,0,0
23/07/25 14:52:49,1692.735,2485.0,1021.0,2478.0,788.7,48.95,769.7,22.49,22.2,0.0,0.0,0.0,10.0,153.0,1.0,22.4945,22.1972,-5.38322e+38,-0.04191,-0.15121,-50.0,100.0,0.01,0.0,0.1,0.05,192.366,0.946565,1.0,4095.0,0,0
23/07/25 14:52:51,1693.801,2484.0,1020.0,2483.0,788.7,49.0,769.7,22.37,22.28,0.0,0.0,0.0,10.0,153.0,1.0,22.3661,22.2816,-5.38506e+38,-0.0419,-0.1515,-50.0,100.0,0.01,0.0,0.1,0.05,192.366,0.946565,1.0,4095.0,0,0
23/07/25 14:52:51,1694.57,2482.0,1029.0,2478.0,788.7,48.55,769.7,22.38,22.05,0.0,0.0,0.0,10.0,153.0,1.0,22.3841,22.0463,-5.39647e+38,-0.04199,-0.14889,-50.0,100.0,0.01,0.0,0.1,0.05,192.366,0.946565,1.0,4095.0,0,0
23/07/25 14:52:52,1695.637,2481.0,1031.0,2481.0,788.7,48.45,769.7,21.98,22.02,0.0,0.0,0.0,10.0,153.0,1.0,21.9835,22.0203,-5.40041e+38,-0.04201,-0.14831,-50.0,100.0,0.01,0.0,0.1,0.05,192.366,0.946565,1.0,4095.0,0,0
23/07/25 14:52:53,1696.625,2485.0,1037.0,2476.0,788.7,48.15,769.7,22.0,21.61,0.0,0.0,0.0,10.0,153.0,1.0,22.0002,21.6092,-5.3945e+38,-0.04207,-0.14657,-50.0,100.0,0.01,0.0,0.1,0.05,192.366,0.946565,1.0,4095.0,0,0
23/07/25 14:52:54,1697.667,2480.0,1031.0,2479.0,788.7,48.45,769.7,22.19,22.07,0.0,0.0,0.0,10.0,153.0,1.0,22.1892,22.068,-5.40294e+38,-0.04201,-0.14831,-50.0,100.0,0.01,0.0,0.1,0.05,192.366,0.946565,1.0,4095.0,0,0
23/07/25 14:52:55,1698.725,2485.0,1026.0,2476.0,788.7,48.7,769.7,22.41,22.01,0.0,0.0,0.0,10.0,153.0,1.0,22.4058,22.0136,-5.38676e+38,-0.04196,-0.14976,-50.0,100.0,0.01,0.0,0.1,0.05,192.366,0.946565,1.0,4095.0,0,0
23/07/25 14:52:57,1699.79,2482.0,1032.0,2479.0,788.7,48.4,769.7,22.12,21.94,0.0,0.0,0.0,10.0,153.0,1.0,22.1156,21.9359,-5.39858e+38,-0.04202,-0.14802,-50.0,100.0,0.01,0.0,0.1,0.05,192.366,0.946565,1.0,4095.0,0,0
