23/07/25 15:46:56,68.66,2009.0,840.0,2009.0,788.7,58.0,769.7,52.51,52.47,0.0,0.0,0.0,10.0,153.0,1.0,52.5127,52.4713,-5.62983e+38,-0.0401,-0.2037,-50.0,100.0,0.01,0.0,0.1,0.05,192.366,0.946565,1.0,4095.0,0,0
23/07/25 15:46:57,69.459,2009.0,839.0,2009.0,788.7,58.05,769.7,52.55,52.51,0.0,0.0,0.0,10.0,153.0,1.0,52.5541,52.5127,-5.628e+38,-0.04009,-0.20399,-50.0,100.0,0.01,0.0,0.1,0.05,192.366,0.946565,1.0,4095.0,0,0
23/07/25 15:46:58,70.516,2005.0,838.0,2006.0,788.7,58.1,769.7,52.66,52.75,0.0,0.0,0.0,10.0,153.0,1.0,52.6624,52.7537,-5.66862e+38,-0.04008,-0.20428,-50.0,100.0,0.01,0.0,0.1,0.05,192.366,0.946565,1.0,4095.0,0,0
23/07/25 15:46:59,71.624,2007.0,841.0,2011.0,788.7,57.95,769.7,52.41,52.53,0.0,0.0,0.0,10.0,153.0,1.0,52.4129,52.5297,-5.65287e+38,-0.04011,-0.20341,-50.0,100.0,0.01,0.0,0.1,0.05,192.366,0.946565,1.0,4095.0,0,0
23/07/25 15:47:00,72.684,2010.0,839.0,2011.0,788.7,58.05,769.7,52.45,52.46,0.0,0.0,0.0,10.0,153.0,1.0,52.4543,52.4628,-5.61739e+38,-0.04009,-0.20399,-50.0,100.0,0.01,0.0,0.1,0.05,192.366,0.946565,1.0,4095.0,0,0
23/07/25 15:47:01,73.456,2011.0,838.0,2012.0,788.7,58.1,769.7,52.32,52.45,0.0,0.0,0.0,10.0,153.0,1.0,52.3217,52.4543,-5.60494e+38,-0.04008,-0.20428,-50.0,100.0,0.01,0.0,0.1,0.05,192.366,0.946565,1.0,4095.0,0,0
23/07/25 15:47:02,74.516,2008.0,840.0,2013.0,788.7,58.0,769.7,52.31,52.52,0.0,0.0,0.0,10.0,153.0,1.0,52.3132,52.5212,-5.64044e+38,-0.0401,-0.2037,-50.0,100.0,0.01,0.0,0.1,0.05,192.366,0.946565,1.0,4095.0,0,0
23/07/25 15:47:03,75.589,2009.0,838.0,2005.0,788.7,58.1,769.7,52.75,52.55,0.0,0.0,0.0,10.0,153.0,1.0,52.7537,52.5541,-5.62617e+38,-0.04008,-0.20428,-50.0,100.0,0.01,0.0,0.1,0.05,192.366,0.946565,1.0,4095.0,0,0
23/07/25 15:47:04,76.671,2006.0,838.0,2012.0,788.7,58.1,769.7,52.32,52.7,0.0,0.0,0.0,10.0,153.0,1.0,52.3217,52.7038,-5.658e+38,-0.04008,-0.20428,-50.0,100.0,0.01,0.0,0.1,0.05,192.366,0.946565,1.0,4095.0,0,0
23/07/25 15:47:05,77.461,2015.0,840.0,2011.0,788.7,58.0,769.7,52.45,52.17,0.0,0.0,0.0,10.0,153.0,1.0,52.4543,52.1721,-5.56619e+38,-0.0401,-0.2037,-50.0,100.0,0.01,0.0,0.1,0.05,192.366,0.946565,1.0,4095.0,0,0
23/07/25 15:47:06,78.515,2002.0,838.0,2008.0,788.7,58.1,769.7,52.65,52.9,0.0,0.0,0.0,10.0,153.0,1.0,52.6454,52.9034,-5.70045e+38,-0.04008,-0.20428,-50.0,100.0,0.01,0.0,0.1,0.05,192.366,0.946565,1.0,4095.0,0,0
23/07/25 15:47:07,79.566,2014.0,839.0,2019.0,788.7,58.05,769.7,52.01,52.26,0.0,0.0,0.0,10.0,153.0,1.0,52.0138,52.2633,-5.57495e+38,-0.04009,-0.20399,-50.0,100.0,0.01,0.0,0.1,0.05,192.366,0.946565,1.0,4095.0,0,0
23/07/25 15:47:08,80.638,2006.0,839.0,2009.0,788.7,58.05,769.7,52.55,52.66,0.0,0.0,0.0,10.0,153.0,1.0,52.5541,52.6624,-5.65983e+38,-0.04009,-0.20399,-50.0,100.0,0.01,0.0,0.1,0.05,192.366,0.946565,1.0,4095.0,0,0
23/07/25 15:47:09,81.46,2009.0,837.0,2013.0,788.7,58.15,769.7,52.35,52.6,0.0,0.0,0.0,10.0,153.0,1.0,52.3545,52.5955,-5.62433e+38,-0.04007,-0.20457,-50.0,100.0,0.01,0.0,0.1,0.05,192.366,0.946565,1.0,4095.0,0,0
23/07/25 15:47:10,82.527,2009.0,839.0,2014.0,788.7,58.05,769.7,52.26,52.51,0.0,0.0,0.0,10.0,153.0,1.0,52.2633,52.5127,-5.628e+38,-0.04009,-0.20399,-50.0,100.0,0.01,0.0,0.1,0.05,192.366,0.946565,1.0,4095.0,0,0
23/07/25 15:47:11,83.592,2013.0,838.0,2008.0,788.7,58.1,769.7,52.65,52.35,0.0,0.0,0.0,10.0,153.0,1.0,52.6454,52.3545,-5.58372e+38,-0.04008,-0.20428,-50.0,100.0,0.01,0.0,0.1,0.05,192.366,0.946565,1.0,4095.0,0,0
23/07/25 15:47:12,84.656,2012.0,837.0,2007.0,788.7,58.15,769.7,52.61,52.45,0.0,0.0,0.0,10.0,153.0,1.0,52.6125,52.4457,-5.59249e+38,-0.04007,-0.20457,-50.0,100.0,0.01,0.0,0.1,0.05,192.366,0.946565,1.0,4095.0,0,0
23/07/25 15:47:13,85.46,2018.0,839.0,2010.0,788.7,58.05,769.7,52.46,52.06,0.0,0.0,0.0,10.0,153.0,1.0,52.4628,52.0637,-5.53251e+38,-0.04009,-0.20399,-50.0,100.0,0.01,0.0,0.1,0.05,192.366,0.946565,1.0,4095.0,0,0
23/07/25 15:47:14,86.518,2009.0,838.0,2011.0,788.7,58.1,769.7,52.5,52.55,0.0,0.0,0.0,10.0,153.0,1.0,52.4957,52.5541,-5.62617e+38,-0.04008,-0.20428,-50.0,100.0,0.01,0.0,0.1,0.05,192.366,0.946565,1.0,4095.0,0,0
23/07/25 15:47:15,87.582,2013.0,838.0,2014.0,788.7,58.1,769.7,52.26,52.35,0.0,0.0,0.0,10.0,153.0,1.0,52.2633,52.3545,-5.58372e+38,-0.04008,-0.20428,-50.0,100.0,0.01,0.0,0.1,0.05,192.366,0.946565,1.0,4095.0,0,0
23/07/25 15:47:16,88.639,2015.0,839.0,2008.0,788.7,58.05,769.7,52.56,52.21,0.0,0.0,0.0,10.0,153.0,1.0,52.5626,52.2134,-5.56434e+38,-0.04009,-0.20399,-50.0,100.0,0.01,0.0,0.1,0.05,192.366,0.946565,1.0,4095.0,0,0
23/07/25 15:47:17,89.453,2012.0,837.0,2015.0,788.7,58.15,769.7,52.3,52.45,0.0,0.0,0.0,10.0,153.0,1.0,52.296,52.4457,-5.59249e+38,-0.04007,-0.20457,-50.0,100.0,0.01,0.0,0.1,0.05,192.366,0.946565,1.0,4095.0,0,0
23/07/25 15:47:18,90.532,2017.0,838.0,2012.0,788.7,58.1,769.7,52.36,52.15,0.0,0.0,0.0,10.0,153.0,1.0,52.3631,52.1549,-5.54126e+38,-0.04008,-0.20428,-50.0,100.0,0.01,0.0,0.1,0.05,192.366,0.946565,1.0,4095.0,0,0
23/07/25 15:47:19,91.603,2012.0,839.0,2010.0,788.7,58.05,769.7,52.55,52.36,0.0,0.0,0.0,10.0,153.0,1.0,52.5456,52.3631,-5.59617e+38,-0.04009,-0.20399,-50.0,100.0,0.01,0.0,0.1,0.05,192.366,0.946565,1.0,4095.0,0,0
23/07/25 15:47:20,92.66,2013.0,837.0,2003.0,788.7,58.15,769.7,52.94,52.4,0.0,0.0,0.0,10.0,153.0,1.0,52.9364,52.3958,-5.58187e+38,-0.04007,-0.20457,-50.0,100.0,0.01,0.0,0.1,0.05,192.366,0.946565,1.0,4095.0,0,0
23/07/25 15:47:21,93.462,2012.0,838.0,2007.0,788.7,58.1,769.7,52.65,52.4,0.0,0.0,0.0,10.0,153.0,1.0,52.6539,52.4044,-5.59433e+38,-0.04008,-0.20428,-50.0,100.0,0.01,0.0,0.1,0.05,192.366,0.946565,1.0,4095.0,0,0
23/07/25 15:47:22,94.516,2010.0,838.0,2007.0,788.7,58.1,769.7,52.7,52.5,0.0,0.0,0.0,10.0,153.0,1.0,52.6953,52.5042,-5.61555e+38,-0.04008,-0.20428,-50.0,100.0,0.01,0.0,0.1,0.05,192.366,0.946565,1.0,4095.0,0,0
23/07/25 15:47:23,95.606,2012.0,836.0,2010.0,788.7,58.2,769.7,52.55,52.49,0.0,0.0,0.0,10.0,153.0,1.0,52.5456,52.4871,-5.59064e+38,-0.04006,-0.20486,-50.0,100.0,0.01,0.0,0.1,0.05,192.366,0.946565,1.0,4095.0,0,0
23/07/25 15:47:24,96.656,2016.0,838.0,2009.0,788.7,58.1,769.7,52.51,52.2,0.0,0.0,0.0,10.0,153.0,1.0,52.5127,52.2048,-5.55188e+38,-0.04008,-0.20428,-50.0,100.0,0.01,0.0,0.1,0.05,192.366,0.946565,1.0,4095.0,0,0
23/07/25 15:47:25,97.449,2014.0,838.0,2009.0,788.7,58.1,769.7,52.6,52.3,0.0,0.0,0.0,10.0,153.0,1.0,52.5955,52.3046,-5.5731e+38,-0.04008,-0.20428,-50.0,100.0,0.01,0.0,0.1,0.05,192.366,0.946565,1.0,4095.0,0,0
23/07/25 15:47:26,98.504,2011.0,836.0,2017.0,788.7,58.2,769.7,52.2,52.54,0.0,0.0,0.0,10.0,153.0,1.0,52.1962,52.537,-5.60126e+38,-0.04006,-0.20486,-50.0,100.0,0.01,0.0,0.1,0.05,192.366,0.946565,1.0,4095.0,0,0
23/07/25 15:47:27,99.566,2007.0,839.0,1998.0,788.7,58.05,769.7,53.1,52.61,0.0,0.0,0.0,10.0,153.0,1.0,53.103,52.6125,-5.64922e+38,-0.04009,-0.20399,-50.0,100.0,0.01,0.0,0.1,0.05,192.366,0.946565,1.0,4095.0,0,0
23/07/25 15:47:28,100.628,2012.0,837.0,2016.0,788.7,58.15,769.7,52.29,52.45,0.0,0.0,0.0,10.0,153.0,1.0,52.2874,52.4457,-5.59249e+38,-0.04007,-0.20457,-50.0,100.0,0.01,0.0,0.1,0.05,192.366,0.946565,1.0,4095.0,0,0
23/07/25 15:47:29,101.666,2009.0,836.0,2008.0,788.7,58.2,769.7,52.6,52.64,0.0,0.0,0.0,10.0,153.0,1.0,52.604,52.6369,-5.6225e+38,-0.04006,-0.20486,-50.0,100.0,0.01,0.0,0.1,0.05,192.366,0.946565,1.0,4095.0,0,0
23/07/25 15:47:30,102.458,2013.0,838.0,2009.0,788.7,58.1,769.7,52.55,52.35,0.0,0.0,0.0,10.0,153.0,1.0,52.5541,52.3545,-5.58372e+38,-0.04008,-0.20428,-50.0,100.0,0.01,0.0,0.1,0.05,192.366,0.946565,1.0,4095.0,0,0
23/07/25 15:47:31,103.536,2009.0,838.0,2008.0,788.7,58.1,769.7,52.65,52.55,0.0,0.0,0.0,10.0,153.0,1.0,52.6454,52.5541,-5.62617e+38,-0.04008,-0.20428,-50.0,100.0,0.01,0.0,0.1,0.05,192.366,0.946565,1.0,4095.0,0,0
23/07/25 15:47:32,104.586,2009.0,837.0,2009.0,788.7,58.15,769.7,52.55,52.6,0.0,0.0,0.0,10.0,153.0,1.0,52.5541,52.5955,-5.62433e+38,-0.04007,-0.20457,-50.0,100.0,0.01,0.0,0.1,0.05,192.366,0.946565,1.0,4095.0,0,0
23/07/25 15:47:33,105.633,2012.0,838.0,2009.0,788.7,58.1,769.7,52.6,52.4,0.0,0.0,0.0,10.0,153.0,1.0,52.5955,52.4044,-5.59433e+38,-0.04008,-0.20428,-50.0,100.0,0.01,0.0,0.1,0.05,192.366,0.946565,1.0,4095.0,0,0
23/07/25 15:47:34,106.691,2017.0,836.0,2012.0,788.7,58.2,769.7,52.49,52.24,0.0,0.0,0.0,10.0,153.0,1.0,52.4871,52.2374,-5.53755e+38,-0.04006,-0.20486,-50.0,100.0,0.01,0.0,0.1,0.05,192.366,0.946565,1.0,4095.0,0,0
23/07/25 15:47:35,107.458,2001.0,837.0,2017.0,788.7,58.15,769.7,52.15,52.99,0.0,0.0,0.0,10.0,153.0,1.0,52.1549,52.9948,-5.70925e+38,-0.04007,-0.20457,-50.0,100.0,0.01,0.0,0.1,0.05,192.366,0.946565,1.0,4095.0,0,0
23/07/25 15:47:36,108.599,2009.0,837.0,2006.0,788.7,58.15,769.7,52.79,52.6,0.0,0.0,0.0,10.0,153.0,1.0,52.7866,52.5955,-5.62433e+38,-0.04007,-0.20457,-50.0,100.0,0.01,0.0,0.1,0.05,192.366,0.946565,1.0,4095.0,0,0
23/07/25 15:47:37,109.64,2011.0,836.0,2012.0,788.7,58.2,769.7,52.49,52.54,0.0,0.0,0.0,10.0,153.0,1.0,52.4871,52.537,-5.60126e+38,-0.04006,-0.20486,-50.0,100.0,0.01,0.0,0.1,0.05,192.366,0.946565,1.0,4095.0,0,0
23/07/25 15:47:38,110.457,2016.0,837.0,2011.0,788.7,58.15,769.7,52.45,52.25,0.0,0.0,0.0,10.0,153.0,1.0,52.4543,52.2461,-5.55003e+38,-0.04007,-0.20457,-50.0,100.0,0.01,0.0,0.1,0.05,192.366,0.946565,1.0,4095.0,0,0
23/07/25 15:47:39,111.516,2017.0,838.0,2009.0,788.7,58.1,769.7,52.64,52.15,0.0,0.0,0.0,10.0,153.0,1.0,52.6369,52.1549,-5.54126e+38,-0.04008,-0.20428,-50.0,100.0,0.01,0.0,0.1,0.05,192.366,0.946565,1.0,4095.0,0,0
23/07/25 15:47:40,112.586,2005.0,836.0,2014.0,788.7,58.2,769.7,52.39,52.84,0.0,0.0,0.0,10.0,153.0,1.0,52.3872,52.8366,-5.66497e+38,-0.04006,-0.20486,-50.0,100.0,0.01,0.0,0.1,0.05,192.366,0.946565,1.0,4095.0,0,0
23/07/25 15:47:41,113.644,2012.0,838.0,2017.0,788.7,58.1,769.7,52.15,52.4,0.0,0.0,0.0,10.0,153.0,1.0,52.1549,52.4044,-5.59433e+38,-0.04008,-0.20428,-50.0,100.0,0.01,0.0,0.1,0.05,192.366,0.946565,1.0,4095.0,0,0
23/07/25 15:47:42,114.69,2012.0,837.0,2007.0,788.7,58.15,769.7,52.74,52.45,0.0,0.0,0.0,10.0,153.0,1.0,52.7367,52.4457,-5.59249e+38,-0.04007,-0.20457,-50.0,100.0,0.01,0.0,0.1,0.05,192.366,0.946565,1.0,4095.0,0,0
23/07/25 15:47:43,115.454,2003.0,836.0,2013.0,788.7,58.2,769.7,52.4,52.94,0.0,0.0,0.0,10.0,153.0,1.0,52.3958,52.9364,-5.6862e+38,-0.04006,-0.20486,-50.0,100.0,0.01,0.0,0.1,0.05,192.366,0.946565,1.0,4095.0,0,0
23/07/25 15:47:44,116.517,2021.0,838.0,2010.0,788.7,58.1,769.7,52.55,51.96,0.0,0.0,0.0,10.0,153.0,1.0,52.5456,51.9553,-5.49881e+38,-0.04008,-0.20428,-50.0,100.0,0.01,0.0,0.1,0.05,192.366,0.946565,1.0,4095.0,0,0
23/07/25 15:47:45,117.566,2015.0,836.0,2012.0,788.7,58.2,769.7,52.53,52.34,0.0,0.0,0.0,10.0,153.0,1.0,52.5284,52.3373,-5.55879e+38,-0.04006,-0.20486,-50.0,100.0,0.01,0.0,0.1,0.05,192.366,0.946565,1.0,4095.0,0,0
23/07/25 15:47:46,118.628,2003.0,837.0,2008.0,788.7,58.15,769.7,52.6,52.89,0.0,0.0,0.0,10.0,153.0,1.0,52.604,52.895,-5.68802e+38,-0.04007,-0.20457,-50.0,100.0,0.01,0.0,0.1,0.05,192.366,0.946565,1.0,4095.0,0,0
23/07/25 15:47:47,119.682,2013.0,837.0,2014.0,788.7,58.15,769.7,52.39,52.4,0.0,0.0,0.0,10.0,153.0,1.0,52.3872,52.3958,-5.58187e+38,-0.04007,-0.20457,-50.0,100.0,0.01,0.0,0.1,0.05,192.366,0.946565,1.0,4095.0,0,0
23/07/25 15:47:48,120.465,2008.0,836.0,2010.0,788.7,58.2,769.7,52.59,52.69,0.0,0.0,0.0,10.0,153.0,1.0,52.5869,52.6868,-5.63311e+38,-0.04006,-0.20486,-50.0,100.0,0.01,0.0,0.1,0.05,192.366,0.946565,1.0,4095.0,0,0
23/07/25 15:47:49,121.536,2001.0,837.0,2009.0,788.7,58.15,769.7,52.51,52.99,0.0,0.0,0.0,10.0,153.0,1.0,52.5127,52.9948,-5.70925e+38,-0.04007,-0.20457,-50.0,100.0,0.01,0.0,0.1,0.05,192.366,0.946565,1.0,4095.0,0,0
23/07/25 15:47:50,122.621,2012.0,838.0,2009.0,788.7,58.1,769.7,52.64,52.4,0.0,0.0,0.0,10.0,153.0,1.0,52.6369,52.4044,-5.59433e+38,-0.04008,-0.20428,-50.0,100.0,0.01,0.0,0.1,0.05,192.366,0.946565,1.0,4095.0,0,0
23/07/25 15:47:51,123.663,2011.0,837.0,2011.0,788.7,58.15,769.7,52.54,52.5,0.0,0.0,0.0,10.0,153.0,1.0,52.537,52.4957,-5.6031e+38,-0.04007,-0.20457,-50.0,100.0,0.01,0.0,0.1,0.05,192.366,0.946565,1.0,4095.0,0,0
23/07/25 15:47:52,124.454,2016.0,837.0,2013.0,788.7,58.15,769.7,52.31,52.25,0.0,0.0,0.0,10.0,153.0,1.0,52.3132,52.2461,-5.55003e+38,-0.04007,-0.20457,-50.0,100.0,0.01,0.0,0.1,0.05,192.366,0.946565,1.0,4095.0,0,0
23/07/25 15:47:53,125.533,2016.0,838.0,2012.0,788.7,58.1,769.7,52.49,52.2,0.0,0.0,0.0,10.0,153.0,1.0,52.4871,52.2048,-5.55188e+38,-0.04008,-0.20428,-50.0,100.0,0.01,0.0,0.1,0.05,192.366,0.946565,1.0,4095.0,0,0
23/07/25 15:47:54,126.606,2013.0,836.0,2013.0,788.7,58.2,769.7,52.44,52.44,0.0,0.0,0.0,10.0,153.0,1.0,52.4372,52.4372,-5.58003e+38,-0.04006,-0.20486,-50.0,100.0,0.01,0.0,0.1,0.05,192.366,0.946565,1.0,4095.0,0,0
23/07/25 15:47:55,127.676,2021.0,838.0,2010.0,788.7,58.1,769.7,52.5,51.96,0.0,0.0,0.0,10.0,153.0,1.0,52.5042,51.9553,-5.49881e+38,-0.04008,-0.20428,-50.0,100.0,0.01,0.0,0.1,0.05,192.366,0.946565,1.0,4095.0,0,0
23/07/25 15:47:56,128.457,2015.0,838.0,2017.0,788.7,58.1,769.7,52.24,52.25,0.0,0.0,0.0,10.0,153.0,1.0,52.2374,52.2547,-5.56249e+38,-0.04008,-0.20428,-50.0,100.0,0.01,0.0,0.1,0.05,192.366,0.946565,1.0,4095.0,0,0
23/07/25 15:47:57,129.522,2017.0,837.0,2013.0,788.7,58.15,769.7,52.31,52.2,0.0,0.0,0.0,10.0,153.0,1.0,52.3132,52.1962,-5.53941e+38,-0.04007,-0.20457,-50.0,100.0,0.01,0.0,0.1,0.05,192.366,0.946565,1.0,4095.0,0,0
23/07/25 15:47:58,130.604,2016.0,839.0,2018.0,788.7,58.05,769.7,52.1,52.16,0.0,0.0,0.0,10.0,153.0,1.0,52.105,52.1635,-5.55373e+38,-0.04009,-0.20399,-50.0,100.0,0.01,0.0,0.1,0.05,192.366,0.946565,1.0,4095.0,0,0
23/07/25 15:47:59,131.668,2016.0,837.0,2014.0,788.7,58.15,769.7,52.35,52.25,0.0,0.0,0.0,10.0,153.0,1.0,52.3459,52.2461,-5.55003e+38,-0.04007,-0.20457,-50.0,100.0,0.01,0.0,0.1,0.05,192.366,0.946565,1.0,4095.0,0,0
23/07/25 15:48:00,132.458,2018.0,838.0,2011.0,788.7,58.1,769.7,52.41,52.1,0.0,0.0,0.0,10.0,153.0,1.0,52.4129,52.105,-5.53065e+38,-0.04008,-0.20428,-50.0,100.0,0.01,0.0,0.1,0.05,192.366,0.946565,1.0,4095.0,0,0
23/07/25 15:48:01,133.547,2015.0,839.0,2010.0,788.7,58.05,769.7,52.5,52.21,0.0,0.0,0.0,10.0,153.0,1.0,52.5042,52.2134,-5.56434e+38,-0.04009,-0.20399,-50.0,100.0,0.01,0.0,0.1,0.05,192.366,0.946565,1.0,4095.0,0,0
23/07/25 15:48:02,134.616,2015.0,838.0,2011.0,788.7,58.1,769.7,52.45,52.25,0.0,0.0,0.0,10.0,153.0,1.0,52.4543,52.2547,-5.56249e+38,-0.04008,-0.20428,-50.0,100.0,0.01,0.0,0.1,0.05,192.366,0.946565,1.0,4095.0,0,0
23/07/25 15:48:03,135.697,2010.0,839.0,2010.0,788.7,58.05,769.7,52.46,52.46,0.0,0.0,0.0,10.0,153.0,1.0,52.4628,52.4628,-5.61739e+38,-0.04009,-0.20399,-50.0,100.0,0.01,0.0,0.1,0.05,192.366,0.946565,1.0,4095.0,0,0
23/07/25 15:48:04,136.458,2013.0,840.0,2011.0,788.7,58.0,769.7,52.37,52.27,0.0,0.0,0.0,10.0,153.0,1.0,52.3716,52.2718,-5.5874e+38,-0.0401,-0.2037,-50.0,100.0,0.01,0.0,0.1,0.05,192.366,0.946565,1.0,4095.0,0,0
23/07/25 15:48:05,137.531,2008.0,838.0,2011.0,788.7,58.1,769.7,52.41,52.6,0.0,0.0,0.0,10.0,153.0,1.0,52.4129,52.604,-5.63678e+38,-0.04008,-0.20428,-50.0,100.0,0.01,0.0,0.1,0.05,192.366,0.946565,1.0,4095.0,0,0
23/07/25 15:48:06,138.586,2009.0,840.0,2007.0,788.7,58.0,769.7,52.53,52.47,0.0,0.0,0.0,10.0,153.0,1.0,52.5297,52.4713,-5.62983e+38,-0.0401,-0.2037,-50.0,100.0,0.01,0.0,0.1,0.05,192.366,0.946565,1.0,4095.0,0,0
23/07/25 15:48:07,139.664,2008.0,841.0,2017.0,788.7,57.95,769.7,52.11,52.48,0.0,0.0,0.0,10.0,153.0,1.0,52.1136,52.4798,-5.64226e+38,-0.04011,-0.20341,-50.0,100.0,0.01,0.0,0.1,0.05,192.366,0.946565,1.0,4095.0,0,0
23/07/25 15:48:08,140.458,2015.0,839.0,2013.0,788.7,58.05,769.7,52.27,52.21,0.0,0.0,0.0,10.0,153.0,1.0,52.2718,52.2134,-5.56434e+38,-0.04009,-0.20399,-50.0,100.0,0.01,0.0,0.1,0.05,192.366,0.946565,1.0,4095.0,0,0
23/07/25 15:48:09,141.527,2009.0,841.0,2012.0,788.7,57.95,769.7,52.24,52.43,0.0,0.0,0.0,10.0,153.0,1.0,52.239,52.4299,-5.63166e+38,-0.04011,-0.20341,-50.0,100.0,0.01,0.0,0.1,0.05,192.366,0.946565,1.0,4095.0,0,0
23/07/25 15:48:10,142.586,2011.0,841.0,2013.0,788.7,57.95,769.7,52.27,52.33,0.0,0.0,0.0,10.0,153.0,1.0,52.2718,52.3302,-5.61045e+38,-0.04011,-0.20341,-50.0,100.0,0.01,0.0,0.1,0.05,192.366,0.946565,1.0,4095.0,0,0
23/07/25 15:48:11,143.643,2011.0,840.0,2017.0,788.7,58.0,769.7,52.03,52.37,0.0,0.0,0.0,10.0,153.0,1.0,52.031,52.3716,-5.60861e+38,-0.0401,-0.2037,-50.0,100.0,0.01,0.0,0.1,0.05,192.366,0.946565,1.0,4095.0,0,0
23/07/25 15:48:12,144.457,2016.0,843.0,2016.0,788.7,57.85,769.7,52.0,52.0,0.0,0.0,0.0,10.0,153.0,1.0,51.9983,51.9983,-5.56112e+38,-0.04013,-0.20283,-50.0,100.0,0.01,0.0,0.1,0.05,192.366,0.946565,1.0,4095.0,0,0
23/07/25 15:48:13,145.525,2011.0,843.0,2017.0,788.7,57.85,769.7,52.03,52.25,0.0,0.0,0.0,10.0,153.0,1.0,52.031,52.2475,-5.61412e+38,-0.04013,-0.20283,-50.0,100.0,0.01,0.0,0.1,0.05,192.366,0.946565,1.0,4095.0,0,0
23/07/25 15:48:14,146.598,2013.0,841.0,2008.0,788.7,57.95,769.7,52.4,52.23,0.0,0.0,0.0,10.0,153.0,1.0,52.397,52.2305,-5.58924e+38,-0.04011,-0.20341,-50.0,100.0,0.01,0.0,0.1,0.05,192.366,0.946565,1.0,4095.0,0,0
23/07/25 15:48:15,147.68,2015.0,844.0,2013.0,788.7,57.8,769.7,52.15,52.01,0.0,0.0,0.0,10.0,153.0,1.0,52.1478,52.0068,-5.57357e+38,-0.04014,-0.20254,-50.0,100.0,0.01,0.0,0.1,0.05,192.366,0.946565,1.0,4095.0,0,0
23/07/25 15:48:16,148.457,2009.0,844.0,2009.0,788.7,57.8,769.7,52.39,52.31,0.0,0.0,0.0,10.0,153.0,1.0,52.3885,52.3057,-5.63715e+38,-0.04014,-0.20254,-50.0,100.0,0.01,0.0,0.1,0.05,192.366,0.946565,1.0,4095.0,0,0
23/07/25 15:48:17,149.516,2009.0,843.0,2007.0,788.7,57.85,769.7,52.41,52.35,0.0,0.0,0.0,10.0,153.0,1.0,52.4054,52.3471,-5.63532e+38,-0.04013,-0.20283,-50.0,100.0,0.01,0.0,0.1,0.05,192.366,0.946565,1.0,4095.0,0,0
23/07/25 15:48:18,150.594,2009.0,845.0,2010.0,788.7,57.75,769.7,52.26,52.26,0.0,0.0,0.0,10.0,153.0,1.0,52.2559,52.2643,-5.63898e+38,-0.04015,-0.20225,-50.0,100.0,0.01,0.0,0.1,0.05,192.366,0.946565,1.0,4095.0,0,0
23/07/25 15:48:19,151.637,2013.0,844.0,2012.0,788.7,57.8,769.7,52.2,52.11,0.0,0.0,0.0,10.0,153.0,1.0,52.1976,52.1064,-5.59476e+38,-0.04014,-0.20254,-50.0,100.0,0.01,0.0,0.1,0.05,192.366,0.946565,1.0,4095.0,0,0
23/07/25 15:48:20,152.696,2010.0,844.0,2009.0,788.7,57.8,769.7,52.22,52.26,0.0,0.0,0.0,10.0,153.0,1.0,52.2229,52.2559,-5.62655e+38,-0.04014,-0.20254,-50.0,100.0,0.01,0.0,0.1,0.05,192.366,0.946565,1.0,4095.0,0,0
23/07/25 15:48:21,153.464,2011.0,846.0,2013.0,788.7,57.7,769.7,52.11,52.12,0.0,0.0,0.0,10.0,153.0,1.0,52.1064,52.1233,-5.61962e+38,-0.04016,-0.20196,-50.0,100.0,0.01,0.0,0.1,0.05,192.366,0.946565,1.0,4095.0,0,0
23/07/25 15:48:22,154.536,2014.0,844.0,2014.0,788.7,57.8,769.7,52.06,52.06,0.0,0.0,0.0,10.0,153.0,1.0,52.0566,52.0566,-5.58416e+38,-0.04014,-0.20254,-50.0,100.0,0.01,0.0,0.1,0.05,192.366,0.946565,1.0,4095.0,0,0
23/07/25 15:48:23,155.593,2011.0,846.0,2010.0,788.7,57.7,769.7,52.13,52.12,0.0,0.0,0.0,10.0,153.0,1.0,52.1317,52.1233,-5.61962e+38,-0.04016,-0.20196,-50.0,100.0,0.01,0.0,0.1,0.05,192.366,0.946565,1.0,4095.0,0,0
23/07/25 15:48:24,156.639,2010.0,847.0,2007.0,788.7,57.65,769.7,52.32,52.13,0.0,0.0,0.0,10.0,153.0,1.0,52.3225,52.1317,-5.63204e+38,-0.04017,-0.20167,-50.0,100.0,0.01,0.0,0.1,0.05,192.366,0.946565,1.0,4095.0,0,0
23/07/25 15:48:25,157.675,2009.0,845.0,2006.0,788.7,57.75,769.7,52.41,52.26,0.0,0.0,0.0,10.0,153.0,1.0,52.4138,52.2643,-5.63898e+38,-0.04015,-0.20225,-50.0,100.0,0.01,0.0,0.1,0.05,192.366,0.946565,1.0,4095.0,0,0
23/07/25 15:48:26,158.454,2016.0,849.0,2009.0,788.7,57.55,769.7,52.14,51.75,0.0,0.0,0.0,10.0,153.0,1.0,52.1401,51.7503,-5.57219e+38,-0.04019,-0.20109,-50.0,100.0,0.01,0.0,0.1,0.05,192.366,0.946565,1.0,4095.0,0,0
23/07/25 15:48:27,159.539,2012.0,847.0,2015.0,788.7,57.65,769.7,51.92,52.03,0.0,0.0,0.0,10.0,153.0,1.0,51.9241,52.0321,-5.61086e+38,-0.04017,-0.20167,-50.0,100.0,0.01,0.0,0.1,0.05,192.366,0.946565,1.0,4095.0,0,0
23/07/25 15:48:28,160.595,2017.0,847.0,2013.0,788.7,57.65,769.7,51.94,51.78,0.0,0.0,0.0,10.0,153.0,1.0,51.941,51.7832,-5.55791e+38,-0.04017,-0.20167,-50.0,100.0,0.01,0.0,0.1,0.05,192.366,0.946565,1.0,4095.0,0,0
23/07/25 15:48:29,161.649,2021.0,850.0,2018.0,788.7,57.5,769.7,51.65,51.46,0.0,0.0,0.0,10.0,153.0,1.0,51.6508,51.4602,-5.52113e+38,-0.0402,-0.2008,-50.0,100.0,0.01,0.0,0.1,0.05,192.366,0.946565,1.0,4095.0,0,0
23/07/25 15:48:30,162.456,2004.0,848.0,2008.0,788.7,57.6,769.7,52.19,52.39,0.0,0.0,0.0,10.0,153.0,1.0,52.1899,52.389,-5.69738e+38,-0.04018,-0.20138,-50.0,100.0,0.01,0.0,0.1,0.05,192.366,0.946565,1.0,4095.0,0,0
23/07/25 15:48:31,163.518,2010.0,849.0,2015.0,788.7,57.55,769.7,51.76,52.05,0.0,0.0,0.0,10.0,153.0,1.0,51.7587,52.0489,-5.63569e+38,-0.04019,-0.20109,-50.0,100.0,0.01,0.0,0.1,0.05,192.366,0.946565,1.0,4095.0,0,0
23/07/25 15:48:32,164.569,2005.0,851.0,2012.0,788.7,57.45,769.7,51.91,52.21,0.0,0.0,0.0,10.0,153.0,1.0,51.908,52.2147,-5.69223e+38,-0.04021,-0.20051,-50.0,100.0,0.01,0.0,0.1,0.05,192.366,0.946565,1.0,4095.0,0,0
23/07/25 15:48:33,165.634,2008.0,850.0,2008.0,788.7,57.5,769.7,52.11,52.11,0.0,0.0,0.0,10.0,153.0,1.0,52.107,52.107,-5.65868e+38,-0.0402,-0.2008,-50.0,100.0,0.01,0.0,0.1,0.05,192.366,0.946565,1.0,4095.0,0,0
23/07/25 15:48:34,166.691,2002.0,850.0,2014.0,788.7,57.5,769.7,51.73,52.41,0.0,0.0,0.0,10.0,153.0,1.0,51.7257,52.4055,-5.72216e+38,-0.0402,-0.2008,-50.0,100.0,0.01,0.0,0.1,0.05,192.366,0.946565,1.0,4095.0,0,0
23/07/25 15:48:35,167.463,2009.0,852.0,2012.0,788.7,57.4,769.7,51.87,51.97,0.0,0.0,0.0,10.0,153.0,1.0,51.8666,51.9744,-5.65174e+38,-0.04022,-0.20022,-50.0,100.0,0.01,0.0,0.1,0.05,192.366,0.946565,1.0,4095.0,0,0
23/07/25 15:48:36,168.546,2007.0,852.0,2009.0,788.7,57.4,769.7,51.97,52.07,0.0,0.0,0.0,10.0,153.0,1.0,51.9744,52.0738,-5.67289e+38,-0.04022,-0.20022,-50.0,100.0,0.01,0.0,0.1,0.05,192.366,0.946565,1.0,4095.0,0,0
23/07/25 15:48:37,169.589,2006.0,853.0,2011.0,788.7,57.35,769.7,51.79,52.08,0.0,0.0,0.0,10.0,153.0,1.0,51.7921,52.0821,-5.68528e+38,-0.04023,-0.19993,-50.0,100.0,0.01,0.0,0.1,0.05,192.366,0.946565,1.0,4095.0,0,0
23/07/25 15:48:38,170.662,2014.0,853.0,2013.0,788.7,57.35,769.7,51.78,51.68,0.0,0.0,0.0,10.0,153.0,1.0,51.7754,51.6843,-5.60069e+38,-0.04023,-0.19993,-50.0,100.0,0.01,0.0,0.1,0.05,192.366,0.946565,1.0,4095.0,0,0
23/07/25 15:48:39,171.456,2006.0,852.0,2011.0,788.7,57.4,769.7,51.83,52.12,0.0,0.0,0.0,10.0,153.0,1.0,51.8335,52.1235,-5.68347e+38,-0.04022,-0.20022,-50.0,100.0,0.01,0.0,0.1,0.05,192.366,0.946565,1.0,4095.0,0,0
23/07/25 15:48:40,172.54,2009.0,854.0,2004.0,788.7,57.3,769.7,52.1,51.89,0.0,0.0,0.0,10.0,153.0,1.0,52.0985,51.8915,-5.65538e+38,-0.04024,-0.19964,-50.0,100.0,0.01,0.0,0.1,0.05,192.366,0.946565,1.0,4095.0,0,0
23/07/25 15:48:41,173.629,1999.0,854.0,2013.0,788.7,57.3,769.7,51.69,52.39,0.0,0.0,0.0,10.0,153.0,1.0,51.6927,52.3885,-5.76108e+38,-0.04024,-0.19964,-50.0,100.0,0.01,0.0,0.1,0.05,192.366,0.946565,1.0,4095.0,0,0
23/07/25 15:48:42,174.679,2008.0,853.0,2004.0,788.7,57.35,769.7,52.1,51.98,0.0,0.0,0.0,10.0,153.0,1.0,52.0985,51.9826,-5.66413e+38,-0.04023,-0.19993,-50.0,100.0,0.01,0.0,0.1,0.05,192.366,0.946565,1.0,4095.0,0,0
23/07/25 15:48:43,175.457,2008.0,856.0,2013.0,788.7,57.2,769.7,51.61,51.86,0.0,0.0,0.0,10.0,153.0,1.0,51.6098,51.8582,-5.66958e+38,-0.04026,-0.19906,-50.0,100.0,0.01,0.0,0.1,0.05,192.366,0.946565,1.0,4095.0,0,0
23/07/25 15:48:44,176.515,2014.0,856.0,2011.0,788.7,57.2,769.7,51.75,51.56,0.0,0.0,0.0,10.0,153.0,1.0,51.7506,51.5602,-5.60619e+38,-0.04026,-0.19906,-50.0,100.0,0.01,0.0,0.1,0.05,192.366,0.946565,1.0,4095.0,0,0
23/07/25 15:48:45,177.586,2007.0,857.0,2013.0,788.7,57.15,769.7,51.53,51.87,0.0,0.0,0.0,10.0,153.0,1.0,51.527,51.8664,-5.68195e+38,-0.04027,-0.19877,-50.0,100.0,0.01,0.0,0.1,0.05,192.366,0.946565,1.0,4095.0,0,0
23/07/25 15:48:46,178.648,2014.0,858.0,2012.0,788.7,57.1,769.7,51.62,51.48,0.0,0.0,0.0,10.0,153.0,1.0,51.6181,51.4774,-5.60984e+38,-0.04028,-0.19848,-50.0,100.0,0.01,0.0,0.1,0.05,192.366,0.946565,1.0,4095.0,0,0
23/07/25 15:48:47,179.453,2011.0,857.0,2012.0,788.7,57.15,769.7,51.62,51.67,0.0,0.0,0.0,10.0,153.0,1.0,51.6181,51.6678,-5.6397e+38,-0.04027,-0.19877,-50.0,100.0,0.01,0.0,0.1,0.05,192.366,0.946565,1.0,4095.0,0,0
23/07/25 15:48:48,180.523,2006.0,858.0,2023.0,788.7,57.1,769.7,50.95,51.87,0.0,0.0,0.0,10.0,153.0,1.0,50.9479,51.8746,-5.69433e+38,-0.04028,-0.19848,-50.0,100.0,0.01,0.0,0.1,0.05,192.366,0.946565,1.0,4095.0,0,0
23/07/25 15:48:49,181.616,2012.0,860.0,2006.0,788.7,57.0,769.7,51.79,51.49,0.0,0.0,0.0,10.0,153.0,1.0,51.7916,51.4938,-5.63461e+38,-0.0403,-0.1979,-50.0,100.0,0.01,0.0,0.1,0.05,192.366,0.946565,1.0,4095.0,0,0
23/07/25 15:48:50,182.666,2002.0,859.0,2004.0,788.7,57.05,769.7,51.97,52.03,0.0,0.0,0.0,10.0,153.0,1.0,51.9739,52.0316,-5.73836e+38,-0.04029,-0.19819,-50.0,100.0,0.01,0.0,0.1,0.05,192.366,0.946565,1.0,4095.0,0,0
23/07/25 15:48:51,183.465,2013.0,860.0,2008.0,788.7,57.0,769.7,51.65,51.44,0.0,0.0,0.0,10.0,153.0,1.0,51.6508,51.4442,-5.62406e+38,-0.0403,-0.1979,-50.0,100.0,0.01,0.0,0.1,0.05,192.366,0.946565,1.0,4095.0,0,0
23/07/25 15:48:52,184.533,2019.0,862.0,2017.0,788.7,56.9,769.7,51.25,51.06,0.0,0.0,0.0,10.0,153.0,1.0,51.2457,51.0637,-5.5644e+38,-0.04032,-0.19732,-50.0,100.0,0.01,0.0,0.1,0.05,192.366,0.946565,1.0,4095.0,0,0
23/07/25 15:48:53,185.592,2007.0,861.0,2010.0,788.7,56.95,769.7,51.55,51.7,0.0,0.0,0.0,10.0,153.0,1.0,51.5516,51.7004,-5.68919e+38,-0.04031,-0.19761,-50.0,100.0,0.01,0.0,0.1,0.05,192.366,0.946565,1.0,4095.0,0,0
23/07/25 15:48:54,186.69,2010.0,864.0,2010.0,788.7,56.8,769.7,51.47,51.43,0.0,0.0,0.0,10.0,153.0,1.0,51.4687,51.4272,-5.66297e+38,-0.04034,-0.19674,-50.0,100.0,0.01,0.0,0.1,0.05,192.366,0.946565,1.0,4095.0,0,0
23/07/25 15:48:55,187.457,2008.0,863.0,2010.0,788.7,56.85,769.7,51.51,51.57,0.0,0.0,0.0,10.0,153.0,1.0,51.5101,51.5678,-5.68226e+38,-0.04033,-0.19703,-50.0,100.0,0.01,0.0,0.1,0.05,192.366,0.946565,1.0,4095.0,0,0
23/07/25 15:48:56,188.515,2010.0,862.0,2013.0,788.7,56.9,769.7,51.28,51.51,0.0,0.0,0.0,10.0,153.0,1.0,51.2784,51.5101,-5.65935e+38,-0.04032,-0.19732,-50.0,100.0,0.01,0.0,0.1,0.05,192.366,0.946565,1.0,4095.0,0,0
23/07/25 15:48:57,189.577,2012.0,866.0,2011.0,788.7,56.7,769.7,51.38,51.25,0.0,0.0,0.0,10.0,153.0,1.0,51.3776,51.2451,-5.64552e+38,-0.04036,-0.19616,-50.0,100.0,0.01,0.0,0.1,0.05,192.366,0.946565,1.0,4095.0,0,0
23/07/25 15:48:58,190.625,2014.0,865.0,2013.0,788.7,56.75,769.7,51.28,51.19,0.0,0.0,0.0,10.0,153.0,1.0,51.2784,51.1874,-5.62262e+38,-0.04035,-0.19645,-50.0,100.0,0.01,0.0,0.1,0.05,192.366,0.946565,1.0,4095.0,0,0
23/07/25 15:48:59,191.687,2016.0,864.0,2011.0,788.7,56.8,769.7,51.34,51.13,0.0,0.0,0.0,10.0,153.0,1.0,51.3361,51.1297,-5.59971e+38,-0.04034,-0.19674,-50.0,100.0,0.01,0.0,0.1,0.05,192.366,0.946565,1.0,4095.0,0,0
23/07/25 15:49:00,192.463,2014.0,867.0,2017.0,788.7,56.65,769.7,50.96,51.1,0.0,0.0,0.0,10.0,153.0,1.0,50.9559,51.1046,-5.62626e+38,-0.04037,-0.19587,-50.0,100.0,0.01,0.0,0.1,0.05,192.366,0.946565,1.0,4095.0,0,0
23/07/25 15:49:01,193.527,2010.0,865.0,2010.0,788.7,56.75,769.7,51.39,51.39,0.0,0.0,0.0,10.0,153.0,1.0,51.3857,51.3857,-5.66478e+38,-0.04035,-0.19645,-50.0,100.0,0.01,0.0,0.1,0.05,192.366,0.946565,1.0,4095.0,0,0
23/07/25 15:49:02,194.593,2012.0,868.0,2009.0,788.7,56.6,769.7,51.31,51.16,0.0,0.0,0.0,10.0,153.0,1.0,51.3108,51.1622,-5.64915e+38,-0.04038,-0.19558,-50.0,100.0,0.01,0.0,0.1,0.05,192.366,0.946565,1.0,4095.0,0,0
23/07/25 15:49:03,195.645,2010.0,869.0,2012.0,788.7,56.55,769.7,51.2,51.22,0.0,0.0,0.0,10.0,153.0,1.0,51.2036,51.2197,-5.67202e+38,-0.04039,-0.19529,-50.0,100.0,0.01,0.0,0.1,0.05,192.366,0.946565,1.0,4095.0,0,0
23/07/25 15:49:04,196.458,2011.0,867.0,2012.0,788.7,56.65,769.7,51.2,51.25,0.0,0.0,0.0,10.0,153.0,1.0,51.2036,51.2532,-5.65787e+38,-0.04037,-0.19587,-50.0,100.0,0.01,0.0,0.1,0.05,192.366,0.946565,1.0,4095.0,0,0
23/07/25 15:49:05,197.513,2009.0,869.0,2010.0,788.7,56.55,769.7,51.18,51.27,0.0,0.0,0.0,10.0,153.0,1.0,51.1782,51.2693,-5.68256e+38,-0.04039,-0.19529,-50.0,100.0,0.01,0.0,0.1,0.05,192.366,0.946565,1.0,4095.0,0,0
23/07/25 15:49:06,198.588,2011.0,870.0,2010.0,788.7,56.5,769.7,51.22,51.13,0.0,0.0,0.0,10.0,153.0,1.0,51.2197,51.1287,-5.6633e+38,-0.0404,-0.195,-50.0,100.0,0.01,0.0,0.1,0.05,192.366,0.946565,1.0,4095.0,0,0
23/07/25 15:49:07,199.628,2009.0,869.0,2010.0,788.7,56.55,769.7,51.22,51.27,0.0,0.0,0.0,10.0,153.0,1.0,51.2197,51.2693,-5.68256e+38,-0.04039,-0.19529,-50.0,100.0,0.01,0.0,0.1,0.05,192.366,0.946565,1.0,4095.0,0,0
23/07/25 15:49:08,200.456,2014.0,872.0,2014.0,788.7,56.4,769.7,50.94,50.9,0.0,0.0,0.0,10.0,153.0,1.0,50.9387,50.8973,-5.63535e+38,-0.04042,-0.19442,-50.0,100.0,0.01,0.0,0.1,0.05,192.366,0.946565,1.0,4095.0,0,0
23/07/25 15:49:09,201.523,2010.0,872.0,2009.0,788.7,56.4,769.7,51.19,51.1,0.0,0.0,0.0,10.0,153.0,1.0,51.1862,51.0952,-5.67744e+38,-0.04042,-0.19442,-50.0,100.0,0.01,0.0,0.1,0.05,192.366,0.946565,1.0,4095.0,0,0
23/07/25 15:49:10,202.584,2015.0,871.0,2007.0,788.7,56.45,769.7,51.16,50.89,0.0,0.0,0.0,10.0,153.0,1.0,51.1605,50.8893,-5.62301e+38,-0.04041,-0.19471,-50.0,100.0,0.01,0.0,0.1,0.05,192.366,0.946565,1.0,4095.0,0,0
23/07/25 15:49:11,203.654,2007.0,874.0,2006.0,788.7,56.3,769.7,51.25,51.16,0.0,0.0,0.0,10.0,153.0,1.0,51.2516,51.1605,-5.7126e+38,-0.04044,-0.19384,-50.0,100.0,0.01,0.0,0.1,0.05,192.366,0.946565,1.0,4095.0,0,0
23/07/25 15:49:12,204.456,2011.0,873.0,2011.0,788.7,56.35,769.7,51.05,51.0,0.0,0.0,0.0,10.0,153.0,1.0,51.0457,51.0042,-5.66873e+38,-0.04043,-0.19413,-50.0,100.0,0.01,0.0,0.1,0.05,192.366,0.946565,1.0,4095.0,0,0
23/07/25 15:49:13,205.517,2013.0,874.0,2010.0,788.7,56.3,769.7,50.97,50.86,0.0,0.0,0.0,10.0,153.0,1.0,50.9706,50.8638,-5.6495e+38,-0.04044,-0.19384,-50.0,100.0,0.01,0.0,0.1,0.05,192.366,0.946565,1.0,4095.0,0,0
23/07/25 15:49:14,206.573,2016.0,876.0,2014.0,788.7,56.2,769.7,50.77,50.63,0.0,0.0,0.0,10.0,153.0,1.0,50.7729,50.6325,-5.62158e+38,-0.04046,-0.19326,-50.0,100.0,0.01,0.0,0.1,0.05,192.366,0.946565,1.0,4095.0,0,0
23/07/25 15:49:15,207.654,2012.0,875.0,2009.0,788.7,56.25,769.7,51.06,50.87,0.0,0.0,0.0,10.0,153.0,1.0,51.0616,50.8718,-5.66182e+38,-0.04045,-0.19355,-50.0,100.0,0.01,0.0,0.1,0.05,192.366,0.946565,1.0,4095.0,0,0
23/07/25 15:49:16,208.452,2006.0,875.0,2015.0,788.7,56.25,769.7,50.64,51.17,0.0,0.0,0.0,10.0,153.0,1.0,50.6405,51.1684,-5.72492e+38,-0.04045,-0.19355,-50.0,100.0,0.01,0.0,0.1,0.05,192.366,0.946565,1.0,4095.0,0,0
23/07/25 15:49:17,209.51,2011.0,878.0,2008.0,788.7,56.1,769.7,51.03,50.8,0.0,0.0,0.0,10.0,153.0,1.0,51.028,50.7966,-5.67775e+38,-0.04048,-0.19268,-50.0,100.0,0.01,0.0,0.1,0.05,192.366,0.946565,1.0,4095.0,0,0
23/07/25 15:49:18,210.572,2013.0,877.0,2006.0,788.7,56.15,769.7,51.09,50.74,0.0,0.0,0.0,10.0,153.0,1.0,51.0853,50.7393,-5.65493e+38,-0.04047,-0.19297,-50.0,100.0,0.01,0.0,0.1,0.05,192.366,0.946565,1.0,4095.0,0,0
23/07/25 15:49:19,211.638,2012.0,878.0,2010.0,788.7,56.1,769.7,50.8,50.75,0.0,0.0,0.0,10.0,153.0,1.0,50.8045,50.7472,-5.66724e+38,-0.04048,-0.19268,-50.0,100.0,0.01,0.0,0.1,0.05,192.366,0.946565,1.0,4095.0,0,0
23/07/25 15:49:20,212.701,2012.0,880.0,2009.0,788.7,56.0,769.7,50.9,50.66,0.0,0.0,0.0,10.0,153.0,1.0,50.8955,50.6642,-5.67085e+38,-0.0405,-0.1921,-50.0,100.0,0.01,0.0,0.1,0.05,192.366,0.946565,1.0,4095.0,0,0
23/07/25 15:49:21,213.458,2012.0,879.0,2014.0,788.7,56.05,769.7,50.65,50.71,0.0,0.0,0.0,10.0,153.0,1.0,50.6484,50.7057,-5.66905e+38,-0.04049,-0.19239,-50.0,100.0,0.01,0.0,0.1,0.05,192.366,0.946565,1.0,4095.0,0,0
23/07/25 15:49:22,214.519,2008.0,881.0,2008.0,788.7,55.95,769.7,50.78,50.82,0.0,0.0,0.0,10.0,153.0,1.0,50.7786,50.8202,-5.71465e+38,-0.04051,-0.19181,-50.0,100.0,0.01,0.0,0.1,0.05,192.366,0.946565,1.0,4095.0,0,0
23/07/25 15:49:23,215.581,2007.0,882.0,2005.0,788.7,55.9,769.7,51.01,50.83,0.0,0.0,0.0,10.0,153.0,1.0,51.0099,50.8279,-5.72694e+38,-0.04052,-0.19152,-50.0,100.0,0.01,0.0,0.1,0.05,192.366,0.946565,1.0,4095.0,0,0
23/07/25 15:49:24,216.636,2005.0,881.0,2010.0,788.7,55.95,769.7,50.68,50.97,0.0,0.0,0.0,10.0,153.0,1.0,50.6799,50.9683,-5.74615e+38,-0.04051,-0.19181,-50.0,100.0,0.01,0.0,0.1,0.05,192.366,0.946565,1.0,4095.0,0,0
23/07/25 15:49:25,217.704,2016.0,884.0,2012.0,788.7,55.8,769.7,50.5,50.3,0.0,0.0,0.0,10.0,153.0,1.0,50.4981,50.3008,-5.63609e+38,-0.04054,-0.19094,-50.0,100.0,0.01,0.0,0.1,0.05,192.366,0.946565,1.0,4095.0,0,0
23/07/25 15:49:26,218.457,2004.0,884.0,2001.0,788.7,55.8,769.7,51.12,50.89,0.0,0.0,0.0,10.0,153.0,1.0,51.1241,50.8928,-5.76199e+38,-0.04054,-0.19094,-50.0,100.0,0.01,0.0,0.1,0.05,192.366,0.946565,1.0,4095.0,0,0
23/07/25 15:49:27,219.53,2006.0,884.0,2016.0,788.7,55.8,769.7,50.3,50.79,0.0,0.0,0.0,10.0,153.0,1.0,50.3008,50.7941,-5.74101e+38,-0.04054,-0.19094,-50.0,100.0,0.01,0.0,0.1,0.05,192.366,0.946565,1.0,4095.0,0,0
23/07/25 15:49:28,220.603,2013.0,887.0,2007.0,788.7,55.65,769.7,50.66,50.32,0.0,0.0,0.0,10.0,153.0,1.0,50.6615,50.3242,-5.67297e+38,-0.04057,-0.19007,-50.0,100.0,0.01,0.0,0.1,0.05,192.366,0.946565,1.0,4095.0,0,0
23/07/25 15:49:29,221.662,2006.0,886.0,2011.0,788.7,55.7,769.7,50.55,50.71,0.0,0.0,0.0,10.0,153.0,1.0,50.5474,50.7109,-5.74457e+38,-0.04056,-0.19036,-50.0,100.0,0.01,0.0,0.1,0.05,192.366,0.946565,1.0,4095.0,0,0
23/07/25 15:49:30,222.456,2006.0,886.0,2014.0,788.7,55.7,769.7,50.23,50.71,0.0,0.0,0.0,10.0,153.0,1.0,50.2333,50.7109,-5.74457e+38,-0.04056,-0.19036,-50.0,100.0,0.01,0.0,0.1,0.05,192.366,0.946565,1.0,4095.0,0,0
23/07/25 15:49:31,223.531,2010.0,889.0,2002.0,788.7,55.55,769.7,50.87,50.39,0.0,0.0,0.0,10.0,153.0,1.0,50.8664,50.3889,-5.708e+38,-0.04059,-0.18949,-50.0,100.0,0.01,0.0,0.1,0.05,192.366,0.946565,1.0,4095.0,0,0
23/07/25 15:49:32,224.608,2011.0,887.0,2005.0,788.7,55.65,769.7,50.72,50.42,0.0,0.0,0.0,10.0,153.0,1.0,50.7185,50.4227,-5.69393e+38,-0.04057,-0.19007,-50.0,100.0,0.01,0.0,0.1,0.05,192.366,0.946565,1.0,4095.0,0,0
23/07/25 15:49:33,225.687,2008.0,888.0,2009.0,788.7,55.6,769.7,50.44,50.53,0.0,0.0,0.0,10.0,153.0,1.0,50.4382,50.529,-5.72717e+38,-0.04058,-0.18978,-50.0,100.0,0.01,0.0,0.1,0.05,192.366,0.946565,1.0,4095.0,0,0
23/07/25 15:49:34,226.457,2007.0,890.0,2005.0,788.7,55.5,769.7,50.59,50.5,0.0,0.0,0.0,10.0,153.0,1.0,50.5936,50.4951,-5.74122e+38,-0.0406,-0.1892,-50.0,100.0,0.01,0.0,0.1,0.05,192.366,0.946565,1.0,4095.0,0,0
23/07/25 15:49:35,227.512,2002.0,890.0,2008.0,788.7,55.5,769.7,50.49,50.74,0.0,0.0,0.0,10.0,153.0,1.0,50.4874,50.7414,-5.7936e+38,-0.0406,-0.1892,-50.0,100.0,0.01,0.0,0.1,0.05,192.366,0.946565,1.0,4095.0,0,0
23/07/25 15:49:36,228.601,2012.0,891.0,2011.0,788.7,55.45,769.7,50.17,50.21,0.0,0.0,0.0,10.0,153.0,1.0,50.1733,50.2072,-5.69063e+38,-0.04061,-0.18891,-50.0,100.0,0.01,0.0,0.1,0.05,192.366,0.946565,1.0,4095.0,0,0
23/07/25 15:49:37,229.646,2012.0,893.0,2013.0,788.7,55.35,769.7,50.16,50.12,0.0,0.0,0.0,10.0,153.0,1.0,50.158,50.1241,-5.69421e+38,-0.04063,-0.18833,-50.0,100.0,0.01,0.0,0.1,0.05,192.366,0.946565,1.0,4095.0,0,0
23/07/25 15:49:38,230.462,2012.0,891.0,2012.0,788.7,55.45,769.7,50.21,50.21,0.0,0.0,0.0,10.0,153.0,1.0,50.2072,50.2072,-5.69063e+38,-0.04061,-0.18891,-50.0,100.0,0.01,0.0,0.1,0.05,192.366,0.946565,1.0,4095.0,0,0
23/07/25 15:49:39,231.533,2013.0,894.0,2001.0,788.7,55.3,769.7,50.62,50.03,0.0,0.0,0.0,10.0,153.0,1.0,50.6238,50.0333,-5.68554e+38,-0.04064,-0.18804,-50.0,100.0,0.01,0.0,0.1,0.05,192.366,0.946565,1.0,4095.0,0,0
23/07/25 15:49:40,232.603,2016.0,894.0,2007.0,788.7,55.3,769.7,50.37,49.89,0.0,0.0,0.0,10.0,153.0,1.0,50.3702,49.8856,-5.65414e+38,-0.04064,-0.18804,-50.0,100.0,0.01,0.0,0.1,0.05,192.366,0.946565,1.0,4095.0,0,0
23/07/25 15:49:41,233.692,2012.0,893.0,2013.0,788.7,55.35,769.7,49.95,50.12,0.0,0.0,0.0,10.0,153.0,1.0,49.9501,50.1241,-5.69421e+38,-0.04063,-0.18833,-50.0,100.0,0.01,0.0,0.1,0.05,192.366,0.946565,1.0,4095.0,0,0
23/07/25 15:49:42,234.458,2012.0,896.0,2002.0,788.7,55.2,769.7,50.45,50.0,0.0,0.0,0.0,10.0,153.0,1.0,50.4495,49.9993,-5.69959e+38,-0.04066,-0.18746,-50.0,100.0,0.01,0.0,0.1,0.05,192.366,0.946565,1.0,4095.0,0,0
23/07/25 15:49:43,235.557,2007.0,896.0,2006.0,788.7,55.2,769.7,50.34,50.25,0.0,0.0,0.0,10.0,153.0,1.0,50.3361,50.2453,-5.75189e+38,-0.04066,-0.18746,-50.0,100.0,0.01,0.0,0.1,0.05,192.366,0.946565,1.0,4095.0,0,0
23/07/25 15:49:44,236.62,2003.0,896.0,2001.0,788.7,55.2,769.7,50.5,50.44,0.0,0.0,0.0,10.0,153.0,1.0,50.4987,50.442,-5.79374e+38,-0.04066,-0.18746,-50.0,100.0,0.01,0.0,0.1,0.05,192.366,0.946565,1.0,4095.0,0,0
23/07/25 15:49:45,237.677,2004.0,898.0,2009.0,788.7,55.1,769.7,50.06,50.31,0.0,0.0,0.0,10.0,153.0,1.0,50.0636,50.3094,-5.78681e+38,-0.04068,-0.18688,-50.0,100.0,0.01,0.0,0.1,0.05,192.366,0.946565,1.0,4095.0,0,0
23/07/25 15:49:46,238.451,2015.0,898.0,2005.0,788.7,55.1,769.7,50.34,49.77,0.0,0.0,0.0,10.0,153.0,1.0,50.3436,49.7686,-5.67179e+38,-0.04068,-0.18688,-50.0,100.0,0.01,0.0,0.1,0.05,192.366,0.946565,1.0,4095.0,0,0
23/07/25 15:49:47,239.501,2008.0,899.0,2009.0,788.7,55.05,769.7,49.98,50.07,0.0,0.0,0.0,10.0,153.0,1.0,49.9804,50.0711,-5.74676e+38,-0.04069,-0.18659,-50.0,100.0,0.01,0.0,0.1,0.05,192.366,0.946565,1.0,4095.0,0,0
23/07/25 15:49:48,240.558,2007.0,901.0,2007.0,788.7,54.95,769.7,50.08,50.04,0.0,0.0,0.0,10.0,153.0,1.0,50.0786,50.037,-5.76076e+38,-0.04071,-0.18601,-50.0,100.0,0.01,0.0,0.1,0.05,192.366,0.946565,1.0,4095.0,0,0
23/07/25 15:49:49,241.621,2003.0,900.0,2016.0,788.7,55.0,769.7,49.68,50.28,0.0,0.0,0.0,10.0,153.0,1.0,49.6779,50.2752,-5.80079e+38,-0.0407,-0.1863,-50.0,100.0,0.01,0.0,0.1,0.05,192.366,0.946565,1.0,4095.0,0,0
23/07/25 15:49:50,242.681,2003.0,901.0,2013.0,788.7,54.95,769.7,49.66,50.23,0.0,0.0,0.0,10.0,153.0,1.0,49.659,50.2335,-5.80255e+38,-0.04071,-0.18601,-50.0,100.0,0.01,0.0,0.1,0.05,192.366,0.946565,1.0,4095.0,0,0
23/07/25 15:49:51,243.456,2010.0,902.0,2011.0,788.7,54.9,769.7,49.84,49.85,0.0,0.0,0.0,10.0,153.0,1.0,49.8405,49.8479,-5.73119e+38,-0.04072,-0.18572,-50.0,100.0,0.01,0.0,0.1,0.05,192.366,0.946565,1.0,4095.0,0,0
23/07/25 15:49:52,244.51,2014.0,901.0,2011.0,788.7,54.95,769.7,49.76,49.69,0.0,0.0,0.0,10.0,153.0,1.0,49.7572,49.6931,-5.68762e+38,-0.04071,-0.18601,-50.0,100.0,0.01,0.0,0.1,0.05,192.366,0.946565,1.0,4095.0,0,0
23/07/25 15:49:53,245.6,2007.0,903.0,2006.0,788.7,54.85,769.7,49.92,49.95,0.0,0.0,0.0,10.0,153.0,1.0,49.9193,49.9536,-5.7643e+38,-0.04073,-0.18543,-50.0,100.0,0.01,0.0,0.1,0.05,192.366,0.946565,1.0,4095.0,0,0
23/07/25 15:49:54,246.681,2008.0,904.0,2014.0,788.7,54.8,769.7,49.57,49.86,0.0,0.0,0.0,10.0,153.0,1.0,49.5683,49.8628,-5.75563e+38,-0.04074,-0.18514,-50.0,100.0,0.01,0.0,0.1,0.05,192.366,0.946565,1.0,4095.0,0,0
23/07/25 15:49:55,247.447,2008.0,905.0,2010.0,788.7,54.75,769.7,49.68,49.82,0.0,0.0,0.0,10.0,153.0,1.0,49.6814,49.8212,-5.7574e+38,-0.04075,-0.18485,-50.0,100.0,0.01,0.0,0.1,0.05,192.366,0.946565,1.0,4095.0,0,0
23/07/25 15:49:56,248.504,2012.0,908.0,2012.0,788.7,54.6,769.7,49.54,49.5,0.0,0.0,0.0,10.0,153.0,1.0,49.5416,49.5,-5.72099e+38,-0.04078,-0.18398,-50.0,100.0,0.01,0.0,0.1,0.05,192.366,0.946565,1.0,4095.0,0,0
23/07/25 15:49:57,249.572,2005.0,907.0,2009.0,788.7,54.65,769.7,49.73,49.88,0.0,0.0,0.0,10.0,153.0,1.0,49.7304,49.885,-5.79224e+38,-0.04077,-0.18427,-50.0,100.0,0.01,0.0,0.1,0.05,192.366,0.946565,1.0,4095.0,0,0
23/07/25 15:49:58,250.657,2017.0,906.0,2011.0,788.7,54.7,769.7,49.63,49.34,0.0,0.0,0.0,10.0,153.0,1.0,49.6323,49.3379,-5.66525e+38,-0.04076,-0.18456,-50.0,100.0,0.01,0.0,0.1,0.05,192.366,0.946565,1.0,4095.0,0,0
23/07/25 15:49:59,251.454,2006.0,910.0,2006.0,788.7,54.5,769.7,49.79,49.71,0.0,0.0,0.0,10.0,153.0,1.0,49.7942,49.7108,-5.7871e+38,-0.0408,-0.1834,-50.0,100.0,0.01,0.0,0.1,0.05,192.366,0.946565,1.0,4095.0,0,0
23/07/25 15:50:00,252.515,2012.0,910.0,2011.0,788.7,54.5,769.7,49.55,49.42,0.0,0.0,0.0,10.0,153.0,1.0,49.549,49.4167,-5.72454e+38,-0.0408,-0.1834,-50.0,100.0,0.01,0.0,0.1,0.05,192.366,0.946565,1.0,4095.0,0,0
23/07/25 15:50:01,253.582,2008.0,909.0,2013.0,788.7,54.55,769.7,49.37,49.65,0.0,0.0,0.0,10.0,153.0,1.0,49.3677,49.6544,-5.76448e+38,-0.04079,-0.18369,-50.0,100.0,0.01,0.0,0.1,0.05,192.366,0.946565,1.0,4095.0,0,0
23/07/25 15:50:02,254.631,2012.0,911.0,2012.0,788.7,54.45,769.7,49.38,49.38,0.0,0.0,0.0,10.0,153.0,1.0,49.375,49.375,-5.72632e+38,-0.04081,-0.18311,-50.0,100.0,0.01,0.0,0.1,0.05,192.366,0.946565,1.0,4095.0,0,0
23/07/25 15:50:03,255.697,2008.0,910.0,2005.0,788.7,54.5,769.7,49.72,49.61,0.0,0.0,0.0,10.0,153.0,1.0,49.7181,49.6128,-5.76624e+38,-0.0408,-0.1834,-50.0,100.0,0.01,0.0,0.1,0.05,192.366,0.946565,1.0,4095.0,0,0
23/07/25 15:50:04,256.462,2015.0,911.0,2015.0,788.7,54.45,769.7,49.14,49.23,0.0,0.0,0.0,10.0,153.0,1.0,49.1448,49.228,-5.69505e+38,-0.04081,-0.18311,-50.0,100.0,0.01,0.0,0.1,0.05,192.366,0.946565,1.0,4095.0,0,0
23/07/25 15:50:05,257.522,2007.0,914.0,2009.0,788.7,54.3,769.7,49.44,49.49,0.0,0.0,0.0,10.0,153.0,1.0,49.4387,49.4949,-5.78372e+38,-0.04084,-0.18224,-50.0,100.0,0.01,0.0,0.1,0.05,192.366,0.946565,1.0,4095.0,0,0
23/07/25 15:50:06,258.586,2009.0,912.0,2010.0,788.7,54.4,769.7,49.43,49.48,0.0,0.0,0.0,10.0,153.0,1.0,49.4314,49.4804,-5.75936e+38,-0.04082,-0.18282,-50.0,100.0,0.01,0.0,0.1,0.05,192.366,0.946565,1.0,4095.0,0,0
23/07/25 15:50:07,259.657,2013.0,914.0,2019.0,788.7,54.3,769.7,48.82,49.2,0.0,0.0,0.0,10.0,153.0,1.0,48.8241,49.2011,-5.72123e+38,-0.04084,-0.18224,-50.0,100.0,0.01,0.0,0.1,0.05,192.366,0.946565,1.0,4095.0,0,0
23/07/25 15:50:08,260.456,2007.0,916.0,2011.0,788.7,54.2,769.7,49.3,49.41,0.0,0.0,0.0,10.0,153.0,1.0,49.299,49.4115,-5.78724e+38,-0.04086,-0.18166,-50.0,100.0,0.01,0.0,0.1,0.05,192.366,0.946565,1.0,4095.0,0,0
23/07/25 15:50:09,261.514,2016.0,914.0,2008.0,788.7,54.3,769.7,49.4,49.05,0.0,0.0,0.0,10.0,153.0,1.0,49.4042,49.0542,-5.68998e+38,-0.04084,-0.18224,-50.0,100.0,0.01,0.0,0.1,0.05,192.366,0.946565,1.0,4095.0,0,0
23/07/25 15:50:10,262.576,2011.0,917.0,2009.0,788.7,54.15,769.7,49.27,49.17,0.0,0.0,0.0,10.0,153.0,1.0,49.2719,49.174,-5.74737e+38,-0.04087,-0.18137,-50.0,100.0,0.01,0.0,0.1,0.05,192.366,0.946565,1.0,4095.0,0,0
23/07/25 15:50:11,263.645,2013.0,917.0,2009.0,788.7,54.15,769.7,49.31,49.08,0.0,0.0,0.0,10.0,153.0,1.0,49.3136,49.0761,-5.72655e+38,-0.04087,-0.18137,-50.0,100.0,0.01,0.0,0.1,0.05,192.366,0.946565,1.0,4095.0,0,0
23/07/25 15:50:12,264.456,2007.0,916.0,2013.0,788.7,54.2,769.7,49.03,49.41,0.0,0.0,0.0,10.0,153.0,1.0,49.0345,49.4115,-5.78724e+38,-0.04086,-0.18166,-50.0,100.0,0.01,0.0,0.1,0.05,192.366,0.946565,1.0,4095.0,0,0
23/07/25 15:50:13,265.515,2006.0,921.0,2010.0,788.7,53.95,769.7,49.06,49.25,0.0,0.0,0.0,10.0,153.0,1.0,49.0561,49.2517,-5.80642e+38,-0.04091,-0.18021,-50.0,100.0,0.01,0.0,0.1,0.05,192.366,0.946565,1.0,4095.0,0,0
23/07/25 15:50:14,266.592,2010.0,920.0,2011.0,788.7,54.0,769.7,49.13,49.1,0.0,0.0,0.0,10.0,153.0,1.0,49.1323,49.0978,-5.76307e+38,-0.0409,-0.1805,-50.0,100.0,0.01,0.0,0.1,0.05,192.366,0.946565,1.0,4095.0,0,0
23/07/25 15:50:15,267.671,2014.0,919.0,2005.0,788.7,54.05,769.7,49.26,48.94,0.0,0.0,0.0,10.0,153.0,1.0,49.2588,48.9439,-5.71969e+38,-0.04089,-0.18079,-50.0,100.0,0.01,0.0,0.1,0.05,192.366,0.946565,1.0,4095.0,0,0
23/07/25 15:50:16,268.456,2005.0,923.0,2006.0,788.7,53.85,769.7,49.25,49.22,0.0,0.0,0.0,10.0,153.0,1.0,49.2517,49.217,-5.82031e+38,-0.04093,-0.17963,-50.0,100.0,0.01,0.0,0.1,0.05,192.366,0.946565,1.0,4095.0,0,0
23/07/25 15:50:17,269.531,2016.0,922.0,2009.0,788.7,53.9,769.7,49.15,48.72,0.0,0.0,0.0,10.0,153.0,1.0,49.1467,48.7211,-5.70422e+38,-0.04092,-0.17992,-50.0,100.0,0.01,0.0,0.1,0.05,192.366,0.946565,1.0,4095.0,0,0
23/07/25 15:50:18,270.608,2004.0,922.0,2011.0,788.7,53.9,769.7,48.88,49.31,0.0,0.0,0.0,10.0,153.0,1.0,48.8821,49.3076,-5.82896e+38,-0.04092,-0.17992,-50.0,100.0,0.01,0.0,0.1,0.05,192.366,0.946565,1.0,4095.0,0,0
23/07/25 15:50:19,271.664,2008.0,925.0,2011.0,788.7,53.75,769.7,48.92,48.99,0.0,0.0,0.0,10.0,153.0,1.0,48.9238,48.9869,-5.79264e+38,-0.04095,-0.17905,-50.0,100.0,0.01,0.0,0.1,0.05,192.366,0.946565,1.0,4095.0,0,0
23/07/25 15:50:20,272.45,2011.0,924.0,2009.0,788.7,53.8,769.7,49.02,48.88,0.0,0.0,0.0,10.0,153.0,1.0,49.0215,48.8821,-5.75972e+38,-0.04094,-0.17934,-50.0,100.0,0.01,0.0,0.1,0.05,192.366,0.946565,1.0,4095.0,0,0
23/07/25 15:50:21,273.516,2009.0,925.0,2010.0,788.7,53.75,769.7,48.81,48.94,0.0,0.0,0.0,10.0,153.0,1.0,48.8057,48.938,-5.78226e+38,-0.04095,-0.17905,-50.0,100.0,0.01,0.0,0.1,0.05,192.366,0.946565,1.0,4095.0,0,0
23/07/25 15:50:22,274.578,2007.0,927.0,2008.0,788.7,53.65,769.7,48.99,48.95,0.0,0.0,0.0,10.0,153.0,1.0,48.9869,48.9522,-5.80653e+38,-0.04097,-0.17847,-50.0,100.0,0.01,0.0,0.1,0.05,192.366,0.946565,1.0,4095.0,0,0
23/07/25 15:50:23,275.63,2002.0,926.0,2016.0,788.7,53.7,769.7,48.6,49.24,0.0,0.0,0.0,10.0,153.0,1.0,48.5962,49.2381,-5.85671e+38,-0.04096,-0.17876,-50.0,100.0,0.01,0.0,0.1,0.05,192.366,0.946565,1.0,4095.0,0,0
23/07/25 15:50:24,276.689,2011.0,929.0,2012.0,788.7,53.55,769.7,48.58,48.67,0.0,0.0,0.0,10.0,153.0,1.0,48.5829,48.6735,-5.76852e+38,-0.04099,-0.17789,-50.0,100.0,0.01,0.0,0.1,0.05,192.366,0.946565,1.0,4095.0,0,0
23/07/25 15:50:25,277.463,2009.0,930.0,2011.0,788.7,53.5,769.7,48.76,48.73,0.0,0.0,0.0,10.0,153.0,1.0,48.7569,48.7293,-5.79103e+38,-0.041,-0.1776,-50.0,100.0,0.01,0.0,0.1,0.05,192.366,0.946565,1.0,4095.0,0,0
23/07/25 15:50:26,278.523,2011.0,928.0,2008.0,788.7,53.6,769.7,48.78,48.72,0.0,0.0,0.0,10.0,153.0,1.0,48.7781,48.7152,-5.76676e+38,-0.04098,-0.17818,-50.0,100.0,0.01,0.0,0.1,0.05,192.366,0.946565,1.0,4095.0,0,0
23/07/25 15:50:27,279.601,2008.0,931.0,2007.0,788.7,53.45,769.7,48.79,48.74,0.0,0.0,0.0,10.0,153.0,1.0,48.785,48.7363,-5.80315e+38,-0.04101,-0.17731,-50.0,100.0,0.01,0.0,0.1,0.05,192.366,0.946565,1.0,4095.0,0,0
23/07/25 15:50:28,280.658,2010.0,930.0,2007.0,788.7,53.5,769.7,48.87,48.68,0.0,0.0,0.0,10.0,153.0,1.0,48.8686,48.6805,-5.78065e+38,-0.041,-0.1776,-50.0,100.0,0.01,0.0,0.1,0.05,192.366,0.946565,1.0,4095.0,0,0
23/07/25 15:50:29,281.454,2008.0,931.0,2007.0,788.7,53.45,769.7,48.7,48.74,0.0,0.0,0.0,10.0,153.0,1.0,48.7015,48.7363,-5.80315e+38,-0.04101,-0.17731,-50.0,100.0,0.01,0.0,0.1,0.05,192.366,0.946565,1.0,4095.0,0,0
23/07/25 15:50:30,282.529,2008.0,934.0,2014.0,788.7,53.3,769.7,48.36,48.61,0.0,0.0,0.0,10.0,153.0,1.0,48.3602,48.6109,-5.80839e+38,-0.04104,-0.17644,-50.0,100.0,0.01,0.0,0.1,0.05,192.366,0.946565,1.0,4095.0,0,0
23/07/25 15:50:31,283.595,2013.0,934.0,2004.0,788.7,53.3,769.7,48.93,48.37,0.0,0.0,0.0,10.0,153.0,1.0,48.9314,48.3673,-5.75657e+38,-0.04104,-0.17644,-50.0,100.0,0.01,0.0,0.1,0.05,192.366,0.946565,1.0,4095.0,0,0
23/07/25 15:50:32,284.696,2008.0,932.0,2002.0,788.7,53.4,769.7,48.86,48.69,0.0,0.0,0.0,10.0,153.0,1.0,48.8615,48.6945,-5.8049e+38,-0.04102,-0.17702,-50.0,100.0,0.01,0.0,0.1,0.05,192.366,0.946565,1.0,4095.0,0,0
23/07/25 15:50:33,285.462,2012.0,935.0,2007.0,788.7,53.25,769.7,48.7,48.37,0.0,0.0,0.0,10.0,153.0,1.0,48.7015,48.3743,-5.76869e+38,-0.04105,-0.17615,-50.0,100.0,0.01,0.0,0.1,0.05,192.366,0.946565,1.0,4095.0,0,0
23/07/25 15:50:34,286.527,2004.0,935.0,2009.0,788.7,53.25,769.7,48.56,48.76,0.0,0.0,0.0,10.0,153.0,1.0,48.5622,48.764,-5.85158e+38,-0.04105,-0.17615,-50.0,100.0,0.01,0.0,0.1,0.05,192.366,0.946565,1.0,4095.0,0,0
23/07/25 15:50:35,287.595,2009.0,938.0,2014.0,788.7,53.1,769.7,48.19,48.4,0.0,0.0,0.0,10.0,153.0,1.0,48.1933,48.395,-5.80501e+38,-0.04108,-0.17528,-50.0,100.0,0.01,0.0,0.1,0.05,192.366,0.946565,1.0,4095.0,0,0
23/07/25 15:50:36,288.634,2009.0,938.0,2013.0,788.7,53.1,769.7,48.28,48.4,0.0,0.0,0.0,10.0,153.0,1.0,48.2838,48.395,-5.80501e+38,-0.04108,-0.17528,-50.0,100.0,0.01,0.0,0.1,0.05,192.366,0.946565,1.0,4095.0,0,0
23/07/25 15:50:37,289.679,2004.0,936.0,2007.0,788.7,53.2,769.7,48.53,48.72,0.0,0.0,0.0,10.0,153.0,1.0,48.5342,48.7222,-5.85332e+38,-0.04106,-0.17586,-50.0,100.0,0.01,0.0,0.1,0.05,192.366,0.946565,1.0,4095.0,0,0
23/07/25 15:50:38,290.453,2009.0,939.0,2012.0,788.7,53.05,769.7,48.17,48.35,0.0,0.0,0.0,10.0,153.0,1.0,48.1655,48.3533,-5.80676e+38,-0.04109,-0.17499,-50.0,100.0,0.01,0.0,0.1,0.05,192.366,0.946565,1.0,4095.0,0,0
23/07/25 15:50:39,291.533,2007.0,940.0,2012.0,788.7,53.0,769.7,48.25,48.41,0.0,0.0,0.0,10.0,153.0,1.0,48.249,48.4088,-5.8292e+38,-0.0411,-0.1747,-50.0,100.0,0.01,0.0,0.1,0.05,192.366,0.946565,1.0,4095.0,0,0
23/07/25 15:50:40,292.611,2010.0,939.0,2011.0,788.7,53.05,769.7,48.21,48.3,0.0,0.0,0.0,10.0,153.0,1.0,48.2141,48.3046,-5.7964e+38,-0.04109,-0.17499,-50.0,100.0,0.01,0.0,0.1,0.05,192.366,0.946565,1.0,4095.0,0,0
23/07/25 15:50:41,293.675,2017.0,941.0,2008.0,788.7,52.95,769.7,48.28,47.88,0.0,0.0,0.0,10.0,153.0,1.0,48.2765,47.8804,-5.72747e+38,-0.04111,-0.17441,-50.0,100.0,0.01,0.0,0.1,0.05,192.366,0.946565,1.0,4095.0,0,0
23/07/25 15:50:42,294.449,2005.0,941.0,2012.0,788.7,52.95,769.7,48.21,48.46,0.0,0.0,0.0,10.0,153.0,1.0,48.2072,48.4642,-5.85163e+38,-0.04111,-0.17441,-50.0,100.0,0.01,0.0,0.1,0.05,192.366,0.946565,1.0,4095.0,0,0
23/07/25 15:50:43,295.506,2010.0,940.0,2005.0,788.7,53.0,769.7,48.46,48.26,0.0,0.0,0.0,10.0,153.0,1.0,48.4642,48.2628,-5.79815e+38,-0.0411,-0.1747,-50.0,100.0,0.01,0.0,0.1,0.05,192.366,0.946565,1.0,4095.0,0,0
23/07/25 15:50:44,296.573,2011.0,943.0,2009.0,788.7,52.85,769.7,48.19,48.09,0.0,0.0,0.0,10.0,153.0,1.0,48.186,48.0888,-5.79304e+38,-0.04113,-0.17383,-50.0,100.0,0.01,0.0,0.1,0.05,192.366,0.946565,1.0,4095.0,0,0
23/07/25 15:50:45,297.643,2007.0,942.0,2013.0,788.7,52.9,769.7,48.08,48.33,0.0,0.0,0.0,10.0,153.0,1.0,48.075,48.3251,-5.83267e+38,-0.04112,-0.17412,-50.0,100.0,0.01,0.0,0.1,0.05,192.366,0.946565,1.0,4095.0,0,0
23/07/25 15:50:46,298.453,2003.0,943.0,2009.0,788.7,52.85,769.7,48.1,48.48,0.0,0.0,0.0,10.0,153.0,1.0,48.1024,48.4778,-5.87578e+38,-0.04113,-0.17383,-50.0,100.0,0.01,0.0,0.1,0.05,192.366,0.946565,1.0,4095.0,0,0
23/07/25 15:50:47,299.518,2014.0,946.0,2006.0,788.7,52.7,769.7,48.25,47.82,0.0,0.0,0.0,10.0,153.0,1.0,48.2482,47.8176,-5.76727e+38,-0.04116,-0.17296,-50.0,100.0,0.01,0.0,0.1,0.05,192.366,0.946565,1.0,4095.0,0,0
23/07/25 15:50:48,300.594,2013.0,945.0,2005.0,788.7,52.75,769.7,48.34,47.91,0.0,0.0,0.0,10.0,153.0,1.0,48.3387,47.908,-5.77586e+38,-0.04115,-0.17325,-50.0,100.0,0.01,0.0,0.1,0.05,192.366,0.946565,1.0,4095.0,0,0
23/07/25 15:50:49,301.641,2011.0,946.0,2016.0,788.7,52.7,769.7,47.68,47.96,0.0,0.0,0.0,10.0,153.0,1.0,47.6787,47.9634,-5.79828e+38,-0.04116,-0.17296,-50.0,100.0,0.01,0.0,0.1,0.05,192.366,0.946565,1.0,4095.0,0,0
23/07/25 15:50:50,302.446,2010.0,948.0,2016.0,788.7,52.6,769.7,47.68,47.93,0.0,0.0,0.0,10.0,153.0,1.0,47.6787,47.9283,-5.81209e+38,-0.04118,-0.17238,-50.0,100.0,0.01,0.0,0.1,0.05,192.366,0.946565,1.0,4095.0,0,0
23/07/25 15:50:51,303.504,2011.0,947.0,2008.0,788.7,52.65,769.7,48.07,47.92,0.0,0.0,0.0,10.0,153.0,1.0,48.0673,47.9216,-5.80002e+38,-0.04117,-0.17267,-50.0,100.0,0.01,0.0,0.1,0.05,192.366,0.946565,1.0,4095.0,0,0
23/07/25 15:50:52,304.571,2007.0,950.0,2007.0,788.7,52.5,769.7,47.99,47.99,0.0,0.0,0.0,10.0,153.0,1.0,47.9903,47.9903,-5.84654e+38,-0.0412,-0.1718,-50.0,100.0,0.01,0.0,0.1,0.05,192.366,0.946565,1.0,4095.0,0,0
23/07/25 15:50:53,305.63,2008.0,952.0,2005.0,788.7,52.4,769.7,48.13,47.86,0.0,0.0,0.0,10.0,153.0,1.0,48.1293,47.858,-5.83968e+38,-0.04122,-0.17122,-50.0,100.0,0.01,0.0,0.1,0.05,192.366,0.946565,1.0,4095.0,0,0
23/07/25 15:50:54,306.685,2012.0,949.0,2017.0,788.7,52.55,769.7,47.5,47.79,0.0,0.0,0.0,10.0,153.0,1.0,47.5049,47.7894,-5.79318e+38,-0.04119,-0.17209,-50.0,100.0,0.01,0.0,0.1,0.05,192.366,0.946565,1.0,4095.0,0,0
23/07/25 15:50:55,307.458,2010.0,952.0,2010.0,788.7,52.4,769.7,47.76,47.76,0.0,0.0,0.0,10.0,153.0,1.0,47.761,47.761,-5.81904e+38,-0.04122,-0.17122,-50.0,100.0,0.01,0.0,0.1,0.05,192.366,0.946565,1.0,4095.0,0,0
23/07/25 15:50:56,308.536,2008.0,952.0,2008.0,788.7,52.4,769.7,47.9,47.86,0.0,0.0,0.0,10.0,153.0,1.0,47.8999,47.858,-5.83968e+38,-0.04122,-0.17122,-50.0,100.0,0.01,0.0,0.1,0.05,192.366,0.946565,1.0,4095.0,0,0
23/07/25 15:50:57,309.624,2008.0,951.0,2004.0,788.7,52.45,769.7,48.05,47.9,0.0,0.0,0.0,10.0,153.0,1.0,48.0521,47.8999,-5.83795e+38,-0.04121,-0.17151,-50.0,100.0,0.01,0.0,0.1,0.05,192.366,0.946565,1.0,4095.0,0,0
23/07/25 15:50:58,310.673,2007.0,955.0,2006.0,788.7,52.25,769.7,47.87,47.78,0.0,0.0,0.0,10.0,153.0,1.0,47.8713,47.7809,-5.85518e+38,-0.04125,-0.17035,-50.0,100.0,0.01,0.0,0.1,0.05,192.366,0.946565,1.0,4095.0,0,0
23/07/25 15:50:59,311.459,2007.0,953.0,2010.0,788.7,52.35,769.7,47.72,47.86,0.0,0.0,0.0,10.0,153.0,1.0,47.7192,47.8647,-5.85172e+38,-0.04123,-0.17093,-50.0,100.0,0.01,0.0,0.1,0.05,192.366,0.946565,1.0,4095.0,0,0
23/07/25 15:51:00,312.528,2004.0,953.0,2005.0,788.7,52.35,769.7,47.88,48.01,0.0,0.0,0.0,10.0,153.0,1.0,47.8779,48.0102,-5.88267e+38,-0.04123,-0.17093,-50.0,100.0,0.01,0.0,0.1,0.05,192.366,0.946565,1.0,4095.0,0,0
23/07/25 15:51:01,313.584,2011.0,957.0,2011.0,788.7,52.15,769.7,47.59,47.5,0.0,0.0,0.0,10.0,153.0,1.0,47.587,47.5033,-5.8174e+38,-0.04127,-0.16977,-50.0,100.0,0.01,0.0,0.1,0.05,192.366,0.946565,1.0,4095.0,0,0
23/07/25 15:51:02,314.651,2012.0,956.0,2012.0,788.7,52.2,769.7,47.58,47.5,0.0,0.0,0.0,10.0,153.0,1.0,47.5803,47.4967,-5.80536e+38,-0.04126,-0.17006,-50.0,100.0,0.01,0.0,0.1,0.05,192.366,0.946565,1.0,4095.0,0,0
23/07/25 15:51:03,315.458,2001.0,956.0,2011.0,788.7,52.2,769.7,47.42,48.03,0.0,0.0,0.0,10.0,153.0,1.0,47.4196,48.0299,-5.91876e+38,-0.04126,-0.17006,-50.0,100.0,0.01,0.0,0.1,0.05,192.366,0.946565,1.0,4095.0,0,0
23/07/25 15:51:04,316.54,2010.0,958.0,2010.0,788.7,52.1,769.7,47.55,47.51,0.0,0.0,0.0,10.0,153.0,1.0,47.5517,47.5099,-5.82944e+38,-0.04128,-0.16948,-50.0,100.0,0.01,0.0,0.1,0.05,192.366,0.946565,1.0,4095.0,0,0
23/07/25 15:51:05,317.621,2009.0,957.0,2011.0,788.7,52.15,769.7,47.55,47.6,0.0,0.0,0.0,10.0,153.0,1.0,47.5451,47.6002,-5.83802e+38,-0.04127,-0.16977,-50.0,100.0,0.01,0.0,0.1,0.05,192.366,0.946565,1.0,4095.0,0,0
23/07/25 15:51:06,318.697,2011.0,960.0,2011.0,788.7,52.0,769.7,47.38,47.38,0.0,0.0,0.0,10.0,153.0,1.0,47.3777,47.3777,-5.8226e+38,-0.0413,-0.1689,-50.0,100.0,0.01,0.0,0.1,0.05,192.366,0.946565,1.0,4095.0,0,0
23/07/25 15:51:07,319.452,2012.0,960.0,2007.0,788.7,52.0,769.7,47.66,47.33,0.0,0.0,0.0,10.0,153.0,1.0,47.6552,47.3293,-5.8123e+38,-0.0413,-0.1689,-50.0,100.0,0.01,0.0,0.1,0.05,192.366,0.946565,1.0,4095.0,0,0
23/07/25 15:51:08,320.536,2010.0,958.0,2013.0,788.7,52.1,769.7,47.32,47.51,0.0,0.0,0.0,10.0,153.0,1.0,47.3227,47.5099,-5.82944e+38,-0.04128,-0.16948,-50.0,100.0,0.01,0.0,0.1,0.05,192.366,0.946565,1.0,4095.0,0,0
23/07/25 15:51:09,321.616,2013.0,960.0,2012.0,788.7,52.0,769.7,47.2,47.28,0.0,0.0,0.0,10.0,153.0,1.0,47.2037,47.2809,-5.802e+38,-0.0413,-0.1689,-50.0,100.0,0.01,0.0,0.1,0.05,192.366,0.946565,1.0,4095.0,0,0
23/07/25 15:51:10,322.67,2007.0,960.0,2010.0,788.7,52.0,769.7,47.47,47.57,0.0,0.0,0.0,10.0,153.0,1.0,47.468,47.5714,-5.8638e+38,-0.0413,-0.1689,-50.0,100.0,0.01,0.0,0.1,0.05,192.366,0.946565,1.0,4095.0,0,0
23/07/25 15:51:11,323.446,2012.0,960.0,2011.0,788.7,52.0,769.7,47.29,47.33,0.0,0.0,0.0,10.0,153.0,1.0,47.294,47.3293,-5.8123e+38,-0.0413,-0.1689,-50.0,100.0,0.01,0.0,0.1,0.05,192.366,0.946565,1.0,4095.0,0,0
23/07/25 15:51:12,324.518,2009.0,963.0,2012.0,788.7,51.85,769.7,47.16,47.35,0.0,0.0,0.0,10.0,153.0,1.0,47.1619,47.3489,-5.84837e+38,-0.04133,-0.16803,-50.0,100.0,0.01,0.0,0.1,0.05,192.366,0.946565,1.0,4095.0,0,0
23/07/25 15:51:13,325.607,2012.0,963.0,2010.0,788.7,51.85,769.7,47.34,47.2,0.0,0.0,0.0,10.0,153.0,1.0,47.3424,47.2037,-5.8175e+38,-0.04133,-0.16803,-50.0,100.0,0.01,0.0,0.1,0.05,192.366,0.946565,1.0,4095.0,0,0
23/07/25 15:51:14,326.663,2002.0,962.0,2011.0,788.7,51.9,769.7,47.21,47.73,0.0,0.0,0.0,10.0,153.0,1.0,47.2103,47.7296,-5.91871e+38,-0.04132,-0.16832,-50.0,100.0,0.01,0.0,0.1,0.05,192.366,0.946565,1.0,4095.0,0,0
23/07/25 15:51:15,327.448,2007.0,967.0,2013.0,788.7,51.65,769.7,47.03,47.28,0.0,0.0,0.0,10.0,153.0,1.0,47.0298,47.278,-5.87583e+38,-0.04137,-0.16687,-50.0,100.0,0.01,0.0,0.1,0.05,192.366,0.946565,1.0,4095.0,0,0
23/07/25 15:51:16,328.506,2008.0,964.0,2006.0,788.7,51.8,769.7,47.49,47.36,0.0,0.0,0.0,10.0,153.0,1.0,47.4941,47.3554,-5.86039e+38,-0.04134,-0.16774,-50.0,100.0,0.01,0.0,0.1,0.05,192.366,0.946565,1.0,4095.0,0,0
23/07/25 15:51:17,329.551,2008.0,966.0,2007.0,788.7,51.7,769.7,47.32,47.27,0.0,0.0,0.0,10.0,153.0,1.0,47.3199,47.2716,-5.86383e+38,-0.04136,-0.16716,-50.0,100.0,0.01,0.0,0.1,0.05,192.366,0.946565,1.0,4095.0,0,0
23/07/25 15:51:18,330.625,2011.0,968.0,2016.0,788.7,51.6,769.7,46.93,47.04,0.0,0.0,0.0,10.0,153.0,1.0,46.9266,47.0427,-5.83642e+38,-0.04138,-0.16658,-50.0,100.0,0.01,0.0,0.1,0.05,192.366,0.946565,1.0,4095.0,0,0
23/07/25 15:51:19,331.706,2014.0,966.0,2010.0,788.7,51.7,769.7,47.17,46.98,0.0,0.0,0.0,10.0,153.0,1.0,47.1749,46.9814,-5.80212e+38,-0.04136,-0.16716,-50.0,100.0,0.01,0.0,0.1,0.05,192.366,0.946565,1.0,4095.0,0,0
23/07/25 15:51:20,332.736,2005.0,967.0,2013.0,788.7,51.65,769.7,46.9,47.37,0.0,0.0,0.0,10.0,153.0,1.0,46.9042,47.3747,-5.89639e+38,-0.04137,-0.16687,-50.0,100.0,0.01,0.0,0.1,0.05,192.366,0.946565,1.0,4095.0,0,0
23/07/25 15:51:21,333.493,2013.0,969.0,2009.0,788.7,51.55,769.7,47.18,46.9,0.0,0.0,0.0,10.0,153.0,1.0,47.1813,46.9042,-5.8176e+38,-0.04139,-0.16629,-50.0,100.0,0.01,0.0,0.1,0.05,192.366,0.946565,1.0,4095.0,0,0
23/07/25 15:51:22,334.549,2009.0,968.0,2012.0,788.7,51.6,769.7,47.04,47.14,0.0,0.0,0.0,10.0,153.0,1.0,47.0363,47.1394,-5.85698e+38,-0.04138,-0.16658,-50.0,100.0,0.01,0.0,0.1,0.05,192.366,0.946565,1.0,4095.0,0,0
23/07/25 15:51:23,335.617,2011.0,970.0,2006.0,788.7,51.5,769.7,47.16,46.96,0.0,0.0,0.0,10.0,153.0,1.0,47.1585,46.9589,-5.83987e+38,-0.0414,-0.166,-50.0,100.0,0.01,0.0,0.1,0.05,192.366,0.946565,1.0,4095.0,0,0
23/07/25 15:51:24,336.699,2007.0,972.0,2011.0,788.7,51.4,769.7,47.0,47.07,0.0,0.0,0.0,10.0,153.0,1.0,47.0008,47.0683,-5.88439e+38,-0.04142,-0.16542,-50.0,100.0,0.01,0.0,0.1,0.05,192.366,0.946565,1.0,4095.0,0,0
23/07/25 15:51:25,337.449,2009.0,970.0,2012.0,788.7,51.5,769.7,46.87,47.06,0.0,0.0,0.0,10.0,153.0,1.0,46.8687,47.0556,-5.86042e+38,-0.0414,-0.166,-50.0,100.0,0.01,0.0,0.1,0.05,192.366,0.946565,1.0,4095.0,0,0
23/07/25 15:51:26,338.495,2012.0,975.0,2007.0,788.7,51.25,769.7,47.03,46.7,0.0,0.0,0.0,10.0,153.0,1.0,47.0263,46.7012,-5.83821e+38,-0.04145,-0.16455,-50.0,100.0,0.01,0.0,0.1,0.05,192.366,0.946565,1.0,4095.0,0,0
23/07/25 15:51:27,339.599,2010.0,973.0,2010.0,788.7,51.35,769.7,46.97,46.88,0.0,0.0,0.0,10.0,153.0,1.0,46.9653,46.8815,-5.8553e+38,-0.04143,-0.16513,-50.0,100.0,0.01,0.0,0.1,0.05,192.366,0.946565,1.0,4095.0,0,0
23/07/25 15:51:28,340.646,2013.0,972.0,2009.0,788.7,51.4,769.7,46.89,46.78,0.0,0.0,0.0,10.0,153.0,1.0,46.8878,46.7786,-5.82278e+38,-0.04142,-0.16542,-50.0,100.0,0.01,0.0,0.1,0.05,192.366,0.946565,1.0,4095.0,0,0
23/07/25 15:51:29,341.456,2011.0,975.0,2012.0,788.7,51.25,769.7,46.74,46.75,0.0,0.0,0.0,10.0,153.0,1.0,46.7431,46.7494,-5.84848e+38,-0.04145,-0.16455,-50.0,100.0,0.01,0.0,0.1,0.05,192.366,0.946565,1.0,4095.0,0,0
23/07/25 15:51:30,342.515,2014.0,974.0,2008.0,788.7,51.3,769.7,46.98,46.65,0.0,0.0,0.0,10.0,153.0,1.0,46.9781,46.6465,-5.81596e+38,-0.04144,-0.16484,-50.0,100.0,0.01,0.0,0.1,0.05,192.366,0.946565,1.0,4095.0,0,0
23/07/25 15:51:31,343.574,2006.0,976.0,2010.0,788.7,51.2,769.7,46.71,46.95,0.0,0.0,0.0,10.0,153.0,1.0,46.7138,46.9487,-5.90149e+38,-0.04146,-0.16426,-50.0,100.0,0.01,0.0,0.1,0.05,192.366,0.946565,1.0,4095.0,0,0
23/07/25 15:51:32,344.625,2007.0,977.0,2017.0,788.7,51.15,769.7,46.42,46.86,0.0,0.0,0.0,10.0,153.0,1.0,46.418,46.8585,-5.89294e+38,-0.04147,-0.16397,-50.0,100.0,0.01,0.0,0.1,0.05,192.366,0.946565,1.0,4095.0,0,0
23/07/25 15:51:33,345.685,2011.0,976.0,2006.0,788.7,51.2,769.7,46.99,46.71,0.0,0.0,0.0,10.0,153.0,1.0,46.9907,46.7075,-5.85019e+38,-0.04146,-0.16426,-50.0,100.0,0.01,0.0,0.1,0.05,192.366,0.946565,1.0,4095.0,0,0
23/07/25 15:51:34,346.45,2009.0,979.0,2014.0,788.7,51.05,769.7,46.4,46.68,0.0,0.0,0.0,10.0,153.0,1.0,46.3952,46.6781,-5.87585e+38,-0.04149,-0.16339,-50.0,100.0,0.01,0.0,0.1,0.05,192.366,0.946565,1.0,4095.0,0,0
23/07/25 15:51:35,347.511,2009.0,979.0,2005.0,788.7,51.05,769.7,46.91,46.68,0.0,0.0,0.0,10.0,153.0,1.0,46.9129,46.6781,-5.87585e+38,-0.04149,-0.16339,-50.0,100.0,0.01,0.0,0.1,0.05,192.366,0.946565,1.0,4095.0,0,0
23/07/25 15:51:36,348.55,2011.0,977.0,2010.0,788.7,51.15,769.7,46.67,46.67,0.0,0.0,0.0,10.0,153.0,1.0,46.6718,46.6656,-5.85191e+38,-0.04147,-0.16397,-50.0,100.0,0.01,0.0,0.1,0.05,192.366,0.946565,1.0,4095.0,0,0
23/07/25 15:51:37,349.61,2012.0,982.0,2010.0,788.7,50.9,769.7,46.55,46.41,0.0,0.0,0.0,10.0,153.0,1.0,46.546,46.4077,-5.85024e+38,-0.04152,-0.16252,-50.0,100.0,0.01,0.0,0.1,0.05,192.366,0.946565,1.0,4095.0,0,0
23/07/25 15:51:38,350.674,2005.0,981.0,2007.0,788.7,50.95,769.7,46.77,46.79,0.0,0.0,0.0,10.0,153.0,1.0,46.7745,46.7869,-5.92026e+38,-0.04151,-0.16281,-50.0,100.0,0.01,0.0,0.1,0.05,192.366,0.946565,1.0,4095.0,0,0
23/07/25 15:51:39,351.454,2009.0,978.0,2010.0,788.7,51.1,769.7,46.59,46.72,0.0,0.0,0.0,10.0,153.0,1.0,46.588,46.7201,-5.87414e+38,-0.04148,-0.16368,-50.0,100.0,0.01,0.0,0.1,0.05,192.366,0.946565,1.0,4095.0,0,0
23/07/25 15:51:40,352.527,2010.0,982.0,2013.0,788.7,50.9,769.7,46.36,46.5,0.0,0.0,0.0,10.0,153.0,1.0,46.3596,46.504,-5.87073e+38,-0.04152,-0.16252,-50.0,100.0,0.01,0.0,0.1,0.05,192.366,0.946565,1.0,4095.0,0,0
23/07/25 15:51:41,353.589,2012.0,982.0,2010.0,788.7,50.9,769.7,46.59,46.41,0.0,0.0,0.0,10.0,153.0,1.0,46.588,46.4077,-5.85024e+38,-0.04152,-0.16252,-50.0,100.0,0.01,0.0,0.1,0.05,192.366,0.946565,1.0,4095.0,0,0
23/07/25 15:51:42,354.641,2008.0,980.0,2007.0,788.7,51.0,769.7,46.65,46.68,0.0,0.0,0.0,10.0,153.0,1.0,46.6486,46.6843,-5.88781e+38,-0.0415,-0.1631,-50.0,100.0,0.01,0.0,0.1,0.05,192.366,0.946565,1.0,4095.0,0,0
23/07/25 15:51:43,355.698,2010.0,984.0,2011.0,788.7,50.8,769.7,46.41,46.42,0.0,0.0,0.0,10.0,153.0,1.0,46.4139,46.4201,-5.87415e+38,-0.04154,-0.16194,-50.0,100.0,0.01,0.0,0.1,0.05,192.366,0.946565,1.0,4095.0,0,0
23/07/25 15:51:44,356.469,2011.0,983.0,2001.0,788.7,50.85,769.7,46.98,46.41,0.0,0.0,0.0,10.0,153.0,1.0,46.9796,46.4139,-5.8622e+38,-0.04153,-0.16223,-50.0,100.0,0.01,0.0,0.1,0.05,192.366,0.946565,1.0,4095.0,0,0
23/07/25 15:51:45,357.527,2008.0,983.0,2012.0,788.7,50.85,769.7,46.24,46.56,0.0,0.0,0.0,10.0,153.0,1.0,46.24,46.5584,-5.89293e+38,-0.04153,-0.16223,-50.0,100.0,0.01,0.0,0.1,0.05,192.366,0.946565,1.0,4095.0,0,0
23/07/25 15:51:46,358.589,2012.0,986.0,2010.0,788.7,50.7,769.7,46.42,46.24,0.0,0.0,0.0,10.0,153.0,1.0,46.4201,46.24,-5.8571e+38,-0.04156,-0.16136,-50.0,100.0,0.01,0.0,0.1,0.05,192.366,0.946565,1.0,4095.0,0,0
23/07/25 15:51:47,359.66,2012.0,983.0,2011.0,788.7,50.85,769.7,46.41,46.37,0.0,0.0,0.0,10.0,153.0,1.0,46.4139,46.3658,-5.85196e+38,-0.04153,-0.16223,-50.0,100.0,0.01,0.0,0.1,0.05,192.366,0.946565,1.0,4095.0,0,0
23/07/25 15:51:48,360.454,2008.0,985.0,2011.0,788.7,50.75,769.7,46.25,46.47,0.0,0.0,0.0,10.0,153.0,1.0,46.2461,46.4744,-5.89634e+38,-0.04155,-0.16165,-50.0,100.0,0.01,0.0,0.1,0.05,192.366,0.946565,1.0,4095.0,0,0
23/07/25 15:51:49,361.514,2008.0,988.0,2006.0,788.7,50.6,769.7,46.49,46.35,0.0,0.0,0.0,10.0,153.0,1.0,46.4867,46.3484,-5.90144e+38,-0.04158,-0.16078,-50.0,100.0,0.01,0.0,0.1,0.05,192.366,0.946565,1.0,4095.0,0,0
23/07/25 15:51:50,362.566,2007.0,985.0,2014.0,788.7,50.75,769.7,46.14,46.52,0.0,0.0,0.0,10.0,153.0,1.0,46.1437,46.5226,-5.90657e+38,-0.04155,-0.16165,-50.0,100.0,0.01,0.0,0.1,0.05,192.366,0.946565,1.0,4095.0,0,0
23/07/25 15:51:51,363.65,2008.0,988.0,2012.0,788.7,50.6,769.7,46.11,46.35,0.0,0.0,0.0,10.0,153.0,1.0,46.1141,46.3484,-5.90144e+38,-0.04158,-0.16078,-50.0,100.0,0.01,0.0,0.1,0.05,192.366,0.946565,1.0,4095.0,0,0
23/07/25 15:51:52,364.463,2014.0,990.0,2009.0,788.7,50.5,769.7,46.3,45.98,0.0,0.0,0.0,10.0,153.0,1.0,46.3003,45.976,-5.84349e+38,-0.0416,-0.1602,-50.0,100.0,0.01,0.0,0.1,0.05,192.366,0.946565,1.0,4095.0,0,0
23/07/25 15:51:53,365.54,2007.0,987.0,2007.0,788.7,50.65,769.7,46.35,46.44,0.0,0.0,0.0,10.0,153.0,1.0,46.3545,46.4386,-5.90997e+38,-0.04157,-0.16107,-50.0,100.0,0.01,0.0,0.1,0.05,192.366,0.946565,1.0,4095.0,0,0
23/07/25 15:51:54,366.62,2012.0,991.0,2013.0,788.7,50.45,769.7,45.98,46.03,0.0,0.0,0.0,10.0,153.0,1.0,45.9821,46.0302,-5.86565e+38,-0.04161,-0.15991,-50.0,100.0,0.01,0.0,0.1,0.05,192.366,0.946565,1.0,4095.0,0,0
23/07/25 15:51:55,367.66,2012.0,991.0,2003.0,788.7,50.45,769.7,46.59,46.03,0.0,0.0,0.0,10.0,153.0,1.0,46.589,46.0302,-5.86565e+38,-0.04161,-0.15991,-50.0,100.0,0.01,0.0,0.1,0.05,192.366,0.946565,1.0,4095.0,0,0
23/07/25 15:51:56,368.454,2005.0,990.0,2007.0,788.7,50.5,769.7,46.23,46.41,0.0,0.0,0.0,10.0,153.0,1.0,46.2285,46.4087,-5.93552e+38,-0.0416,-0.1602,-50.0,100.0,0.01,0.0,0.1,0.05,192.366,0.946565,1.0,4095.0,0,0
23/07/25 15:51:57,369.518,2011.0,992.0,2010.0,788.7,50.4,769.7,46.0,46.04,0.0,0.0,0.0,10.0,153.0,1.0,46.0003,46.0362,-5.87758e+38,-0.04162,-0.15962,-50.0,100.0,0.01,0.0,0.1,0.05,192.366,0.946565,1.0,4095.0,0,0
23/07/25 15:51:58,370.569,2010.0,993.0,2014.0,788.7,50.35,769.7,45.93,46.04,0.0,0.0,0.0,10.0,153.0,1.0,45.934,46.0423,-5.8895e+38,-0.04163,-0.15933,-50.0,100.0,0.01,0.0,0.1,0.05,192.366,0.946565,1.0,4095.0,0,0
23/07/25 15:51:59,371.638,2008.0,992.0,2014.0,788.7,50.4,769.7,45.81,46.18,0.0,0.0,0.0,10.0,153.0,1.0,45.8082,46.1804,-5.90824e+38,-0.04162,-0.15962,-50.0,100.0,0.01,0.0,0.1,0.05,192.366,0.946565,1.0,4095.0,0,0
23/07/25 15:52:00,372.453,2014.0,995.0,2010.0,788.7,50.25,769.7,46.04,45.77,0.0,0.0,0.0,10.0,153.0,1.0,46.0423,45.7662,-5.85205e+38,-0.04165,-0.15875,-50.0,100.0,0.01,0.0,0.1,0.05,192.366,0.946565,1.0,4095.0,0,0
23/07/25 15:52:01,373.508,2008.0,993.0,2010.0,788.7,50.35,769.7,46.04,46.14,0.0,0.0,0.0,10.0,153.0,1.0,46.0423,46.1384,-5.90994e+38,-0.04163,-0.15933,-50.0,100.0,0.01,0.0,0.1,0.05,192.366,0.946565,1.0,4095.0,0,0
23/07/25 15:52:02,374.578,2009.0,996.0,2013.0,788.7,50.2,769.7,45.77,45.96,0.0,0.0,0.0,10.0,153.0,1.0,45.7723,45.9643,-5.90481e+38,-0.04166,-0.15846,-50.0,100.0,0.01,0.0,0.1,0.05,192.366,0.946565,1.0,4095.0,0,0
23/07/25 15:52:03,375.643,2015.0,997.0,2013.0,788.7,50.15,769.7,45.81,45.63,0.0,0.0,0.0,10.0,153.0,1.0,45.8142,45.6343,-5.84526e+38,-0.04167,-0.15817,-50.0,100.0,0.01,0.0,0.1,0.05,192.366,0.946565,1.0,4095.0,0,0
23/07/25 15:52:04,376.456,2009.0,995.0,2012.0,788.7,50.25,769.7,45.9,46.01,0.0,0.0,0.0,10.0,153.0,1.0,45.9042,46.0063,-5.90311e+38,-0.04165,-0.15875,-50.0,100.0,0.01,0.0,0.1,0.05,192.366,0.946565,1.0,4095.0,0,0
23/07/25 15:52:05,377.512,2013.0,995.0,2009.0,788.7,50.25,769.7,45.88,45.81,0.0,0.0,0.0,10.0,153.0,1.0,45.8802,45.8142,-5.86227e+38,-0.04165,-0.15875,-50.0,100.0,0.01,0.0,0.1,0.05,192.366,0.946565,1.0,4095.0,0,0
23/07/25 15:52:06,378.587,2001.0,996.0,2009.0,788.7,50.2,769.7,45.96,46.35,0.0,0.0,0.0,10.0,153.0,1.0,45.9643,46.3484,-5.16734e+38,-0.04166,-0.15846,-50.0,100.0,0.01,0.0,0.1,0.05,192.366,0.946565,1.0,4095.0,0,0
23/07/25 15:52:07,379.647,2005.0,995.0,2009.0,788.7,50.25,769.7,45.96,46.2,0.0,0.0,0.0,10.0,153.0,1.0,45.9643,46.1984,-5.94396e+38,-0.04165,-0.15875,-50.0,100.0,0.01,0.0,0.1,0.05,192.366,0.946565,1.0,4095.0,0,0
23/07/25 15:52:08,380.697,2015.0,999.0,2012.0,788.7,50.05,769.7,45.69,45.55,0.0,0.0,0.0,10.0,153.0,1.0,45.6943,45.5504,-5.84868e+38,-0.04169,-0.15759,-50.0,100.0,0.01,0.0,0.1,0.05,192.366,0.946565,1.0,4095.0,0,0
23/07/25 15:52:09,381.457,2008.0,997.0,2013.0,788.7,50.15,769.7,45.73,45.97,0.0,0.0,0.0,10.0,153.0,1.0,45.7303,45.9703,-5.91672e+38,-0.04167,-0.15817,-50.0,100.0,0.01,0.0,0.1,0.05,192.366,0.946565,1.0,4095.0,0,0
23/07/25 15:52:10,382.516,2013.0,996.0,2008.0,788.7,50.2,769.7,45.97,45.77,0.0,0.0,0.0,10.0,153.0,1.0,45.9703,45.7723,-5.86397e+38,-0.04166,-0.15846,-50.0,100.0,0.01,0.0,0.1,0.05,192.366,0.946565,1.0,4095.0,0,0
23/07/25 15:52:11,383.578,2008.0,1001.0,2009.0,788.7,49.95,769.7,45.8,45.8,0.0,0.0,0.0,10.0,153.0,1.0,45.7962,45.8021,-5.92348e+38,-0.04171,-0.15701,-50.0,100.0,0.01,0.0,0.1,0.05,192.366,0.946565,1.0,4095.0,0,0
23/07/25 15:52:12,384.629,2012.0,1000.0,2013.0,788.7,50.0,769.7,45.69,45.65,0.0,0.0,0.0,10.0,153.0,1.0,45.6883,45.6523,-5.88099e+38,-0.0417,-0.1573,-50.0,100.0,0.01,0.0,0.1,0.05,192.366,0.946565,1.0,4095.0,0,0
23/07/25 15:52:13,385.696,2011.0,998.0,2015.0,788.7,50.1,769.7,45.47,45.78,0.0,0.0,0.0,10.0,153.0,1.0,45.4664,45.7843,-5.88779e+38,-0.04168,-0.15788,-50.0,100.0,0.01,0.0,0.1,0.05,192.366,0.946565,1.0,4095.0,0,0
23/07/25 15:52:14,386.448,2011.0,1002.0,2008.0,788.7,49.9,769.7,45.76,45.62,0.0,0.0,0.0,10.0,153.0,1.0,45.76,45.6162,-5.89459e+38,-0.04172,-0.15672,-50.0,100.0,0.01,0.0,0.1,0.05,192.366,0.946565,1.0,4095.0,0,0
23/07/25 15:52:15,387.492,2013.0,1002.0,2012.0,788.7,49.9,769.7,45.61,45.52,0.0,0.0,0.0,10.0,153.0,1.0,45.6103,45.5203,-5.8742e+38,-0.04172,-0.15672,-50.0,100.0,0.01,0.0,0.1,0.05,192.366,0.946565,1.0,4095.0,0,0
23/07/25 15:52:16,388.535,2013.0,1001.0,2010.0,788.7,49.95,769.7,45.62,45.56,0.0,0.0,0.0,10.0,153.0,1.0,45.6221,45.5623,-5.87249e+38,-0.04171,-0.15701,-50.0,100.0,0.01,0.0,0.1,0.05,192.366,0.946565,1.0,4095.0,0,0
23/07/25 15:52:17,389.596,2012.0,1004.0,2013.0,788.7,49.8,769.7,45.48,45.48,0.0,0.0,0.0,10.0,153.0,1.0,45.4783,45.4842,-5.88779e+38,-0.04174,-0.15614,-50.0,100.0,0.01,0.0,0.1,0.05,192.366,0.946565,1.0,4095.0,0,0
23/07/25 15:52:18,390.651,2018.0,1003.0,2013.0,788.7,49.85,769.7,45.52,45.24,0.0,0.0,0.0,10.0,153.0,1.0,45.5203,45.2387,-5.82493e+38,-0.04173,-0.15643,-50.0,100.0,0.01,0.0,0.1,0.05,192.366,0.946565,1.0,4095.0,0,0
23/07/25 15:52:19,391.693,2008.0,1003.0,2006.0,788.7,49.85,769.7,45.77,45.72,0.0,0.0,0.0,10.0,153.0,1.0,45.7717,45.718,-5.92686e+38,-0.04173,-0.15643,-50.0,100.0,0.01,0.0,0.1,0.05,192.366,0.946565,1.0,4095.0,0,0
23/07/25 15:52:20,392.456,2006.0,1006.0,2007.0,788.7,49.7,769.7,45.72,45.69,0.0,0.0,0.0,10.0,153.0,1.0,45.7238,45.6876,-5.9523e+38,-0.04176,-0.15556,-50.0,100.0,0.01,0.0,0.1,0.05,192.366,0.946565,1.0,4095.0,0,0
23/07/25 15:52:21,393.514,2011.0,1002.0,2005.0,788.7,49.9,769.7,45.86,45.62,0.0,0.0,0.0,10.0,153.0,1.0,45.8618,45.6162,-5.89459e+38,-0.04172,-0.15672,-50.0,100.0,0.01,0.0,0.1,0.05,192.366,0.946565,1.0,4095.0,0,0
23/07/25 15:52:22,394.555,2015.0,1005.0,2012.0,788.7,49.75,769.7,45.4,45.3,0.0,0.0,0.0,10.0,153.0,1.0,45.4002,45.2985,-5.85892e+38,-0.04175,-0.15585,-50.0,100.0,0.01,0.0,0.1,0.05,192.366,0.946565,1.0,4095.0,0,0
23/07/25 15:52:23,395.61,2007.0,1007.0,2011.0,788.7,49.65,769.7,45.49,45.6,0.0,0.0,0.0,10.0,153.0,1.0,45.4901,45.5976,-5.94379e+38,-0.04177,-0.15527,-50.0,100.0,0.01,0.0,0.1,0.05,192.366,0.946565,1.0,4095.0,0,0
23/07/25 15:52:24,396.668,2011.0,1004.0,2011.0,788.7,49.8,769.7,45.45,45.53,0.0,0.0,0.0,10.0,153.0,1.0,45.4481,45.5322,-5.89798e+38,-0.04174,-0.15614,-50.0,100.0,0.01,0.0,0.1,0.05,192.366,0.946565,1.0,4095.0,0,0
23/07/25 15:52:25,397.449,2011.0,1007.0,2009.0,788.7,49.65,769.7,45.5,45.41,0.0,0.0,0.0,10.0,153.0,1.0,45.5018,45.4061,-5.90306e+38,-0.04177,-0.15527,-50.0,100.0,0.01,0.0,0.1,0.05,192.366,0.946565,1.0,4095.0,0,0
23/07/25 15:52:26,398.5,2007.0,1007.0,2012.0,788.7,49.65,769.7,45.44,45.6,0.0,0.0,0.0,10.0,153.0,1.0,45.4422,45.5976,-5.94379e+38,-0.04177,-0.15527,-50.0,100.0,0.01,0.0,0.1,0.05,192.366,0.946565,1.0,4095.0,0,0
23/07/25 15:52:27,399.525,2009.0,1006.0,2010.0,788.7,49.7,769.7,45.37,45.54,0.0,0.0,0.0,10.0,153.0,1.0,45.3698,45.5439,-5.92174e+38,-0.04176,-0.15556,-50.0,100.0,0.01,0.0,0.1,0.05,192.366,0.946565,1.0,4095.0,0,0
23/07/25 15:52:28,400.572,2006.0,1010.0,2007.0,788.7,49.5,769.7,45.51,45.52,0.0,0.0,0.0,10.0,153.0,1.0,45.5134,45.5192,-5.11238e+38,-0.0418,-0.1544,-50.0,100.0,0.01,0.0,0.1,0.05,192.366,0.946565,1.0,4095.0,0,0
23/07/25 15:52:29,401.632,2013.0,1008.0,2008.0,788.7,49.6,769.7,45.55,45.27,0.0,0.0,0.0,10.0,153.0,1.0,45.5497,45.2683,-5.88439e+38,-0.04178,-0.15498,-50.0,100.0,0.01,0.0,0.1,0.05,192.366,0.946565,1.0,4095.0,0,0
23/07/25 15:52:30,402.662,2013.0,1007.0,2011.0,788.7,49.65,769.7,45.28,45.31,0.0,0.0,0.0,10.0,153.0,1.0,45.2799,45.3103,-5.88269e+38,-0.04177,-0.15527,-50.0,100.0,0.01,0.0,0.1,0.05,192.366,0.946565,1.0,4095.0,0,0
23/07/25 15:52:31,403.454,2012.0,1012.0,2008.0,788.7,49.4,769.7,45.47,45.15,0.0,0.0,0.0,10.0,153.0,1.0,45.4655,45.148,-5.90134e+38,-0.04182,-0.15382,-50.0,100.0,0.01,0.0,0.1,0.05,192.366,0.946565,1.0,4095.0,0,0
23/07/25 15:52:32,404.493,2007.0,1010.0,2006.0,788.7,49.5,769.7,45.6,45.47,0.0,0.0,0.0,10.0,153.0,1.0,45.6034,45.4713,-5.94884e+38,-0.0418,-0.1544,-50.0,100.0,0.01,0.0,0.1,0.05,192.366,0.946565,1.0,4095.0,0,0
